<?xml version="1.0" encoding="utf-8"?>
<COLLADA xmlns="http://www.collada.org/2005/11/COLLADASchema" version="1.4.1">
  <asset>
    <contributor>
      <author>Mixamo</author>
      <authoring_tool>COLLADA Mixamo exporter</authoring_tool>
      <comments/>
    </contributor>
    <created>2025-01-18T14:48:25Z</created>
    <modified>2025-01-18T14:48:25Z</modified>
    <revision/>
    <title/>
    <unit meter="0.010000"/>
    <up_axis>Y_UP</up_axis>
  </asset>
  <library_animations>
    <animation id="mixamorig_Hips-anim" name="mixamorig_Hips">
      <source id="mixamorig_Hips-Matrix-animation-input">
        <float_array id="mixamorig_Hips-Matrix-animation-input-array" count="90">

0.000000 0.033333 0.066667 0.100000 0.133333 0.166667 0.200000 0.233333 0.266667 0.300000 0.333333 0.366667 0.400000 0.433333 0.466667 0.500000
0.533333 0.566667 0.600000 0.633333 0.666667 0.700000 0.733333 0.766667 0.800000 0.833333 0.866667 0.900000 0.933333 0.966667 1.000000 1.033333
1.066667 1.100000 1.133333 1.166667 1.200000 1.233333 1.266667 1.300000 1.333333 1.366667 1.400000 1.433333 1.466667 1.500000 1.533333 1.566667
1.600000 1.633333 1.666667 1.700000 1.733333 1.766667 1.800000 1.833333 1.866667 1.900000 1.933333 1.966667 2.000000 2.033333 2.066667 2.100000
2.133333 2.166667 2.200000 2.233333 2.266667 2.300000 2.333333 2.366667 2.400000 2.433333 2.466667 2.500000 2.533333 2.566667 2.600000 2.633333
2.666667 2.700000 2.733333 2.766667 2.800000 2.833333 2.866667 2.900000 2.933333 2.966667</float_array>
        <technique_common>
          <accessor source="#mixamorig_Hips-Matrix-animation-input-array" count="90">
            <param name="TIME" type="float"/>
          </accessor>
        </technique_common>
      </source>
      <source id="mixamorig_Hips-Matrix-animation-output-transform">
        <float_array id="mixamorig_Hips-Matrix-animation-output-transform-array" count="1440">

0.592442 0.023369 -0.805274 8.884747 0.110423 0.987789 0.109904 90.003601 0.798009 -0.154032 0.582628 -7.249094 0.000000 0.000000 0.000000 1.000000
0.596307 0.028064 -0.802266 8.804310 0.109012 0.987300 0.115563 89.909927 0.795320 -0.156368 0.585675 -7.496254 0.000000 0.000000 0.000000 1.000000
0.598978 0.030855 -0.800171 8.748914 0.106992 0.987214 0.118158 90.119049 0.793586 -0.156386 0.588018 -7.529387 0.000000 0.000000 0.000000 1.000000
0.600964 0.032500 -0.798615 8.750587 0.105331 0.987239 0.119438 90.561958 0.792305 -0.155896 0.589872 -7.341872 0.000000 0.000000 0.000000 1.000000
0.602190 0.033986 -0.797629 8.819916 0.102078 0.987615 0.119148 91.078140 0.791800 -0.153170 0.591263 -6.982925 0.000000 0.000000 0.000000 1.000000
0.602504 0.034415 -0.797374 8.980858 0.099441 0.988048 0.117783 91.541603 0.791897 -0.150256 0.591881 -6.507089 0.000000 0.000000 0.000000 1.000000
0.602162 0.034994 -0.797607 9.221524 0.096545 0.988516 0.116257 91.812920 0.792515 -0.147010 0.591868 -5.991285 0.000000 0.000000 0.000000 1.000000
0.601735 0.034446 -0.797953 9.558444 0.094817 0.988924 0.114192 91.792267 0.793048 -0.144373 0.591804 -5.525102 0.000000 0.000000 0.000000 1.000000
0.600328 0.033159 -0.799066 9.960416 0.095980 0.988932 0.113146 91.437004 0.793973 -0.144619 0.590501 -5.133695 0.000000 0.000000 0.000000 1.000000
0.597772 0.033169 -0.800980 10.346226 0.098121 0.988604 0.114166 90.857094 0.795639 -0.146839 0.587705 -4.774170 0.000000 0.000000 0.000000 1.000000
0.594862 0.033089 -0.803146 10.673554 0.101950 0.987978 0.116214 90.237381 0.797336 -0.151013 0.584337 -4.450419 0.000000 0.000000 0.000000 1.000000
0.591908 0.031729 -0.805381 10.908736 0.105756 0.987529 0.116630 89.721794 0.799037 -0.154208 0.581170 -4.167414 0.000000 0.000000 0.000000 1.000000
0.589949 0.030880 -0.806850 10.997077 0.109979 0.986883 0.118184 89.493256 0.799915 -0.158459 0.578815 -3.974494 0.000000 0.000000 0.000000 1.000000
0.588796 0.031459 -0.807669 10.953138 0.110237 0.986780 0.118799 89.617851 0.800729 -0.158983 0.577544 -3.892971 0.000000 0.000000 0.000000 1.000000
0.588257 0.031970 -0.808042 10.809545 0.108680 0.987028 0.118171 90.021683 0.801338 -0.157333 0.577152 -3.928115 0.000000 0.000000 0.000000 1.000000
0.588696 0.032254 -0.807711 10.601552 0.106937 0.987314 0.117367 90.538490 0.801250 -0.155468 0.577778 -4.088541 0.000000 0.000000 0.000000 1.000000
0.591656 0.030820 -0.805601 10.326471 0.107612 0.987308 0.116805 90.976746 0.798976 -0.155801 0.580830 -4.335649 0.000000 0.000000 0.000000 1.000000
0.591548 0.029195 -0.805741 10.042872 0.107216 0.987621 0.114499 91.241943 0.799109 -0.154121 0.581095 -4.751957 0.000000 0.000000 0.000000 1.000000
0.591644 0.026843 -0.805752 9.780129 0.106507 0.988083 0.111123 91.222267 0.799133 -0.151564 0.581734 -5.308338 0.000000 0.000000 0.000000 1.000000
0.593489 0.024308 -0.804475 9.574479 0.105277 0.988611 0.107538 90.911263 0.797927 -0.148515 0.584170 -5.954570 0.000000 0.000000 0.000000 1.000000
0.596537 0.023757 -0.802234 9.377626 0.104579 0.988739 0.107045 90.401573 0.795743 -0.147753 0.587335 -6.635816 0.000000 0.000000 0.000000 1.000000
0.600934 0.025412 -0.798895 9.184640 0.105225 0.988280 0.110587 89.898293 0.792342 -0.150519 0.591217 -7.222151 0.000000 0.000000 0.000000 1.000000
0.605203 0.028459 -0.795562 9.009096 0.103892 0.987990 0.114376 89.591270 0.789262 -0.151873 0.594978 -7.641725 0.000000 0.000000 0.000000 1.000000
0.609427 0.031619 -0.792211 8.847766 0.101604 0.987851 0.117589 89.591270 0.786305 -0.152154 0.598811 -7.830720 0.000000 0.000000 0.000000 1.000000
0.612113 0.032566 -0.790099 8.740633 0.099080 0.988119 0.117488 89.895355 0.784539 -0.150199 0.601614 -7.788919 0.000000 0.000000 0.000000 1.000000
0.613355 0.030696 -0.789211 8.721814 0.100905 0.988010 0.116849 90.371841 0.783335 -0.151305 0.602903 -7.550023 0.000000 0.000000 0.000000 1.000000
0.610470 0.028327 -0.791532 8.799057 0.102400 0.988150 0.114339 90.900566 0.785392 -0.150853 0.600336 -7.153362 0.000000 0.000000 0.000000 1.000000
0.604001 0.025924 -0.796562 8.970181 0.104679 0.988232 0.111535 91.331245 0.790079 -0.150750 0.594179 -6.652132 0.000000 0.000000 0.000000 1.000000
0.595833 0.024447 -0.802736 9.215199 0.107111 0.988188 0.109598 91.571014 0.795934 -0.151284 0.586176 -6.126967 0.000000 0.000000 0.000000 1.000000
0.587234 0.023298 -0.809082 9.523773 0.109258 0.988156 0.107755 91.552971 0.802009 -0.151676 0.577733 -5.642370 0.000000 0.000000 0.000000 1.000000
0.579315 0.022059 -0.814805 9.843560 0.112675 0.987870 0.106854 91.218491 0.807278 -0.153710 0.569803 -5.221099 0.000000 0.000000 0.000000 1.000000
0.572449 0.022587 -0.819629 10.134831 0.116434 0.987251 0.108527 90.703133 0.811631 -0.157559 0.562521 -4.842866 0.000000 0.000000 0.000000 1.000000
0.563899 0.024770 -0.825472 10.411634 0.120087 0.986467 0.111636 90.084503 0.817066 -0.162080 0.553293 -4.526190 0.000000 0.000000 0.000000 1.000000
0.555059 0.026997 -0.831373 10.629587 0.123361 0.985749 0.114371 89.532700 0.822612 -0.166041 0.543819 -4.292953 0.000000 0.000000 0.000000 1.000000
0.546790 0.028170 -0.836796 10.721411 0.127601 0.984956 0.116536 89.256493 0.827489 -0.170496 0.534970 -4.066759 0.000000 0.000000 0.000000 1.000000
0.539756 0.029316 -0.841311 10.658564 0.131322 0.984226 0.118547 89.341125 0.831516 -0.174469 0.527392 -3.925240 0.000000 0.000000 0.000000 1.000000
0.534227 0.029246 -0.844835 10.470664 0.132627 0.984125 0.117934 89.751785 0.834872 -0.175051 0.521868 -3.872307 0.000000 0.000000 0.000000 1.000000
0.532135 0.029174 -0.846157 10.204687 0.131245 0.984483 0.116482 90.294945 0.836425 -0.173038 0.520049 -3.936172 0.000000 0.000000 0.000000 1.000000
0.531465 0.027766 -0.846625 9.882807 0.128709 0.985211 0.113108 90.817535 0.837245 -0.169081 0.520032 -4.136707 0.000000 0.000000 0.000000 1.000000
0.532063 0.026295 -0.846297 9.540458 0.126699 0.985791 0.110285 91.187912 0.837172 -0.165903 0.521171 -4.450382 0.000000 0.000000 0.000000 1.000000
0.534494 0.024336 -0.844822 9.229124 0.124831 0.986349 0.107390 91.318039 0.835903 -0.162859 0.524160 -4.873876 0.000000 0.000000 0.000000 1.000000
0.537257 0.021957 -0.843132 8.965816 0.123958 0.986750 0.104686 91.153091 0.834259 -0.160757 0.527417 -5.391948 0.000000 0.000000 0.000000 1.000000
0.543183 0.022004 -0.839326 8.747634 0.123430 0.986703 0.105748 90.750755 0.830492 -0.161038 0.533244 -5.943577 0.000000 0.000000 0.000000 1.000000
0.552260 0.024766 -0.833304 8.570547 0.124430 0.985914 0.111765 90.276649 0.824334 -0.165411 0.541399 -6.459535 0.000000 0.000000 0.000000 1.000000
0.560128 0.028795 -0.827905 8.411989 0.123331 0.985359 0.117713 89.852676 0.819174 -0.168041 0.548376 -6.871488 0.000000 0.000000 0.000000 1.000000
0.565251 0.032529 -0.824277 8.296272 0.119377 0.985478 0.120754 89.641449 0.816236 -0.166656 0.553159 -7.101510 0.000000 0.000000 0.000000 1.000000
0.568426 0.033824 -0.822039 8.221475 0.115652 0.985949 0.120539 89.710388 0.814565 -0.163589 0.556527 -7.107773 0.000000 0.000000 0.000000 1.000000
0.572210 0.032990 -0.819443 8.193490 0.115761 0.985937 0.120528 90.036369 0.811896 -0.163827 0.560345 -6.875789 0.000000 0.000000 0.000000 1.000000
0.571608 0.030666 -0.819953 8.269321 0.114358 0.986571 0.116619 90.501846 0.812518 -0.160429 0.560425 -6.530093 0.000000 0.000000 0.000000 1.000000
0.567699 0.027892 -0.822763 8.422113 0.113584 0.987214 0.111839 90.967865 0.815363 -0.156944 0.557272 -6.100852 0.000000 0.000000 0.000000 1.000000
0.563495 0.025473 -0.825726 8.659979 0.113772 0.987608 0.108107 91.340668 0.818247 -0.154863 0.553614 -5.607490 0.000000 0.000000 0.000000 1.000000
0.561798 0.023979 -0.826927 8.958755 0.113188 0.987952 0.105546 91.525642 0.819494 -0.152893 0.552316 -5.109622 0.000000 0.000000 0.000000 1.000000
0.563196 0.022381 -0.826020 9.279866 0.112795 0.988194 0.103681 91.458725 0.818589 -0.151564 0.554022 -4.681637 0.000000 0.000000 0.000000 1.000000
0.565946 0.021607 -0.824159 9.607091 0.113371 0.988120 0.103757 91.139450 0.816610 -0.152157 0.556773 -4.322203 0.000000 0.000000 0.000000 1.000000
0.569547 0.023268 -0.821629 9.910552 0.113023 0.987887 0.106323 90.672668 0.814151 -0.153419 0.560019 -4.004554 0.000000 0.000000 0.000000 1.000000
0.571251 0.026153 -0.820358 10.185613 0.111307 0.987791 0.108999 90.194389 0.813193 -0.153577 0.561366 -3.760032 0.000000 0.000000 0.000000 1.000000
0.570796 0.028450 -0.820599 10.415508 0.111060 0.987540 0.111490 89.813751 0.813546 -0.154774 0.560524 -3.549626 0.000000 0.000000 0.000000 1.000000
0.568766 0.029031 -0.821987 10.501236 0.115307 0.986693 0.114634 89.690170 0.814377 -0.159981 0.557850 -3.381713 0.000000 0.000000 0.000000 1.000000
0.566921 0.029180 -0.823255 10.484101 0.115462 0.986692 0.114484 89.869583 0.815640 -0.159958 0.556008 -3.284403 0.000000 0.000000 0.000000 1.000000
0.566373 0.028590 -0.823653 10.368003 0.116054 0.986673 0.114052 90.272743 0.815937 -0.160184 0.555507 -3.250194 0.000000 0.000000 0.000000 1.000000
0.564685 0.026254 -0.824889 10.187183 0.116293 0.986990 0.111023 90.750702 0.817072 -0.158622 0.554285 -3.338089 0.000000 0.000000 0.000000 1.000000
0.563667 0.022310 -0.825701 9.966537 0.116080 0.987575 0.105926 91.162895 0.817805 -0.155554 0.554074 -3.551206 0.000000 0.000000 0.000000 1.000000
0.562678 0.019334 -0.826450 9.721810 0.115964 0.987995 0.102065 91.434921 0.818502 -0.153268 0.553681 -3.897999 0.000000 0.000000 0.000000 1.000000
0.563029 0.016114 -0.826280 9.498351 0.116469 0.988284 0.098636 91.470146 0.818189 -0.151771 0.554556 -4.404390 0.000000 0.000000 0.000000 1.000000
0.564603 0.014749 -0.825231 9.314142 0.117043 0.988305 0.097742 91.235054 0.817022 -0.151773 0.556274 -5.020169 0.000000 0.000000 0.000000 1.000000
0.566866 0.015566 -0.823663 9.158830 0.115856 0.988379 0.098413 90.779739 0.815623 -0.151213 0.558475 -5.726636 0.000000 0.000000 0.000000 1.000000
0.570464 0.017847 -0.821129 9.001053 0.117340 0.987737 0.102988 90.260208 0.812898 -0.155102 0.561374 -6.379177 0.000000 0.000000 0.000000 1.000000
0.573239 0.022310 -0.819084 8.862581 0.117106 0.987137 0.108845 89.844376 0.810977 -0.158314 0.563253 -6.892136 0.000000 0.000000 0.000000 1.000000
0.575200 0.026538 -0.817582 8.735798 0.116250 0.986677 0.113813 89.677803 0.809710 -0.160510 0.564452 -7.207322 0.000000 0.000000 0.000000 1.000000
0.574602 0.028307 -0.817943 8.659554 0.114415 0.986809 0.114527 89.854752 0.810396 -0.159393 0.563784 -7.276111 0.000000 0.000000 0.000000 1.000000
0.573177 0.027622 -0.818966 8.660874 0.113990 0.987027 0.113070 90.285660 0.811465 -0.158163 0.562592 -7.147136 0.000000 0.000000 0.000000 1.000000
0.570285 0.024110 -0.821093 8.789663 0.112760 0.987809 0.107322 90.825882 0.813671 -0.153790 0.560614 -6.870267 0.000000 0.000000 0.000000 1.000000
0.565615 0.018950 -0.824452 9.021328 0.111152 0.988862 0.098984 91.310776 0.817145 -0.147627 0.557208 -6.483329 0.000000 0.000000 0.000000 1.000000
0.560383 0.014337 -0.828110 9.344249 0.109504 0.989790 0.091237 91.589874 0.820963 -0.141809 0.553092 -6.063760 0.000000 0.000000 0.000000 1.000000
0.555513 0.010168 -0.831446 9.756668 0.108494 0.990491 0.084601 91.560989 0.824399 -0.137204 0.549128 -5.680006 0.000000 0.000000 0.000000 1.000000
0.552635 0.007601 -0.833389 10.190646 0.108201 0.990841 0.080787 91.200111 0.826370 -0.134819 0.546751 -5.395565 0.000000 0.000000 0.000000 1.000000
0.553275 0.007560 -0.832965 10.585777 0.107567 0.990938 0.080443 90.668137 0.826024 -0.134107 0.547448 -5.164836 0.000000 0.000000 0.000000 1.000000
0.556661 0.009169 -0.830689 10.906775 0.108733 0.990533 0.083798 90.108658 0.823593 -0.136971 0.550394 -4.949004 0.000000 0.000000 0.000000 1.000000
0.561416 0.010364 -0.827469 11.113267 0.112537 0.989676 0.088749 89.696236 0.819846 -0.142946 0.554454 -4.760961 0.000000 0.000000 0.000000 1.000000
0.566477 0.011342 -0.824000 11.152326 0.115486 0.988945 0.093006 89.599075 0.815945 -0.147846 0.558905 -4.612941 0.000000 0.000000 0.000000 1.000000
0.570438 0.011677 -0.821257 11.018752 0.116880 0.988569 0.095240 89.872169 0.812982 -0.150317 0.562553 -4.514066 0.000000 0.000000 0.000000 1.000000
0.571551 0.011313 -0.820488 10.775571 0.117693 0.988436 0.095613 90.379211 0.812082 -0.151213 0.563611 -4.478467 0.000000 0.000000 0.000000 1.000000
0.572187 0.010775 -0.820052 10.479304 0.117272 0.988563 0.094815 90.911041 0.811695 -0.150421 0.564380 -4.540189 0.000000 0.000000 0.000000 1.000000
0.575264 0.009124 -0.817917 10.140759 0.115261 0.989056 0.092100 91.351624 0.809806 -0.147256 0.567917 -4.712724 0.000000 0.000000 0.000000 1.000000
0.579097 0.007669 -0.815222 9.787626 0.113713 0.989421 0.090084 91.586296 0.807289 -0.144869 0.572099 -5.013570 0.000000 0.000000 0.000000 1.000000
0.583062 0.007303 -0.812395 9.481436 0.111314 0.989811 0.088789 91.521362 0.804766 -0.142200 0.576308 -5.455637 0.000000 0.000000 0.000000 1.000000
0.588543 0.009514 -0.808410 9.239798 0.109343 0.989807 0.091253 91.125839 0.801037 -0.142100 0.581504 -6.014409 0.000000 0.000000 0.000000 1.000000
0.592428 0.013656 -0.805508 9.071291 0.109722 0.989172 0.097467 90.567337 0.798117 -0.146124 0.584515 -6.580120 0.000000 0.000000 0.000000 1.000000
0.593367 0.018404 -0.804721 8.969517 0.111365 0.988247 0.104717 90.123573 0.797191 -0.151753 0.584344 -7.023314 0.000000 0.000000 0.000000 1.000000
0.592440 0.023380 -0.805276 8.885815 0.110404 0.987792 0.109903 89.999794 0.798014 -0.154017 0.582626 -7.248924 0.000000 0.000000 0.000000 1.000000</float_array>
        <technique_common>
          <accessor source="#mixamorig_Hips-Matrix-animation-output-transform-array" count="90" stride="16">
            <param type="float4x4"/>
          </accessor>
        </technique_common>
      </source>
      <source id="mixamorig_Hips-Interpolations">
        <Name_array id="mixamorig_Hips-Interpolations-array" count="90">
 LINEAR LINEAR LINEAR LINEAR LINEAR LINEAR LINEAR LINEAR LINEAR LINEAR LINEAR
LINEAR LINEAR LINEAR LINEAR LINEAR LINEAR LINEAR LINEAR LINEAR LINEAR LINEAR LINEAR
LINEAR LINEAR LINEAR LINEAR LINEAR LINEAR LINEAR LINEAR LINEAR LINEAR LINEAR LINEAR
LINEAR LINEAR LINEAR LINEAR LINEAR LINEAR LINEAR LINEAR LINEAR LINEAR LINEAR LINEAR
LINEAR LINEAR LINEAR LINEAR LINEAR LINEAR LINEAR LINEAR LINEAR LINEAR LINEAR LINEAR
LINEAR LINEAR LINEAR LINEAR LINEAR LINEAR LINEAR LINEAR LINEAR LINEAR LINEAR LINEAR
LINEAR LINEAR LINEAR LINEAR LINEAR LINEAR LINEAR LINEAR LINEAR LINEAR LINEAR LINEAR
LINEAR LINEAR LINEAR LINEAR LINEAR LINEAR LINEAR</Name_array>
        <technique_common>
          <accessor source="#mixamorig_Hips-Interpolations-array" count="90">
            <param type="name"/>
          </accessor>
        </technique_common>
      </source>
      <sampler id="mixamorig_Hips-Matrix-animation-transform">
        <input semantic="INPUT" source="#mixamorig_Hips-Matrix-animation-input"/>
        <input semantic="OUTPUT" source="#mixamorig_Hips-Matrix-animation-output-transform"/>
        <input semantic="INTERPOLATION" source="#mixamorig_Hips-Interpolations"/>
      </sampler>
      <channel source="#mixamorig_Hips-Matrix-animation-transform" target="mixamorig_Hips/matrix"/>
    </animation>
    <animation id="mixamorig_Spine-anim" name="mixamorig_Spine">
      <source id="mixamorig_Spine-Matrix-animation-input">
        <float_array id="mixamorig_Spine-Matrix-animation-input-array" count="90">

0.000000 0.033333 0.066667 0.100000 0.133333 0.166667 0.200000 0.233333 0.266667 0.300000 0.333333 0.366667 0.400000 0.433333 0.466667 0.500000
0.533333 0.566667 0.600000 0.633333 0.666667 0.700000 0.733333 0.766667 0.800000 0.833333 0.866667 0.900000 0.933333 0.966667 1.000000 1.033333
1.066667 1.100000 1.133333 1.166667 1.200000 1.233333 1.266667 1.300000 1.333333 1.366667 1.400000 1.433333 1.466667 1.500000 1.533333 1.566667
1.600000 1.633333 1.666667 1.700000 1.733333 1.766667 1.800000 1.833333 1.866667 1.900000 1.933333 1.966667 2.000000 2.033333 2.066667 2.100000
2.133333 2.166667 2.200000 2.233333 2.266667 2.300000 2.333333 2.366667 2.400000 2.433333 2.466667 2.500000 2.533333 2.566667 2.600000 2.633333
2.666667 2.700000 2.733333 2.766667 2.800000 2.833333 2.866667 2.900000 2.933333 2.966667</float_array>
        <technique_common>
          <accessor source="#mixamorig_Spine-Matrix-animation-input-array" count="90">
            <param name="TIME" type="float"/>
          </accessor>
        </technique_common>
      </source>
      <source id="mixamorig_Spine-Matrix-animation-output-transform">
        <float_array id="mixamorig_Spine-Matrix-animation-output-transform-array" count="1440">

0.998676 0.046683 0.021596 0.000900 -0.046788 0.998895 0.004385 9.923500 -0.021367 -0.005389 0.999757 -1.227300 0.000000 0.000000 0.000000 1.000000
0.998830 0.045822 0.015458 0.000900 -0.045850 0.998947 0.001449 9.923500 -0.015376 -0.002156 0.999879 -1.227300 0.000000 0.000000 0.000000 1.000000
0.998865 0.045750 0.013284 0.000900 -0.045807 0.998942 0.004044 9.923500 -0.013085 -0.004648 0.999904 -1.227300 0.000000 0.000000 0.000000 1.000000
0.998809 0.046236 0.015597 0.000900 -0.046382 0.998882 0.009111 9.923500 -0.015158 -0.009824 0.999837 -1.227300 0.000000 0.000000 0.000000 1.000000
0.998742 0.045625 0.020815 0.000900 -0.045955 0.998821 0.015633 9.923500 -0.020077 -0.016570 0.999661 -1.227300 0.000000 0.000000 0.000000 1.000000
0.998568 0.045707 0.027800 0.000900 -0.046310 0.998697 0.021432 9.923500 -0.026784 -0.022689 0.999384 -1.227300 0.000000 0.000000 0.000000 1.000000
0.998276 0.046014 0.036438 0.000900 -0.046942 0.998584 0.025041 9.923500 -0.035235 -0.026709 0.999022 -1.227300 0.000000 0.000000 0.000000 1.000000
0.997950 0.047633 0.042731 0.000900 -0.048719 0.998506 0.024738 9.923500 -0.041489 -0.026770 0.998780 -1.227300 0.000000 0.000000 0.000000 1.000000
0.997462 0.051923 0.048713 0.000900 -0.052908 0.998416 0.019135 9.923500 -0.047642 -0.021664 0.998629 -1.227300 0.000000 0.000000 0.000000 1.000000
0.997005 0.054997 0.054374 0.000900 -0.055724 0.998375 0.011943 9.923500 -0.053629 -0.014937 0.998449 -1.227300 0.000000 0.000000 0.000000 1.000000
0.996525 0.057909 0.059865 0.000900 -0.058332 0.998283 0.005341 9.923500 -0.059452 -0.008815 0.998192 -1.227300 0.000000 0.000000 0.000000 1.000000
0.996211 0.059833 0.063113 0.000900 -0.060132 0.998186 0.002842 9.923500 -0.062828 -0.006626 0.998002 -1.227300 0.000000 0.000000 0.000000 1.000000
0.996002 0.062963 0.063366 0.000900 -0.063137 0.998005 0.000742 9.923500 -0.063193 -0.004739 0.997990 -1.227300 0.000000 0.000000 0.000000 1.000000
0.996152 0.062504 0.061436 0.000900 -0.062758 0.998026 0.002207 9.923500 -0.061176 -0.006054 0.998109 -1.227300 0.000000 0.000000 0.000000 1.000000
0.996457 0.060221 0.058719 0.000900 -0.060701 0.998135 0.006423 9.923500 -0.058223 -0.009964 0.998254 -1.227300 0.000000 0.000000 0.000000 1.000000
0.996837 0.056686 0.055704 0.000900 -0.057388 0.998291 0.011071 9.923500 -0.054981 -0.014233 0.998386 -1.227300 0.000000 0.000000 0.000000 1.000000
0.997228 0.055132 0.049969 0.000900 -0.055948 0.998320 0.015064 9.923500 -0.049054 -0.017818 0.998637 -1.227300 0.000000 0.000000 0.000000 1.000000
0.997545 0.052489 0.046348 0.000900 -0.053385 0.998406 0.018324 9.923500 -0.045312 -0.020754 0.998757 -1.227300 0.000000 0.000000 0.000000 1.000000
0.997918 0.049897 0.040853 0.000900 -0.050744 0.998512 0.019956 9.923500 -0.039797 -0.021988 0.998966 -1.227300 0.000000 0.000000 0.000000 1.000000
0.998324 0.046533 0.034408 0.000900 -0.047195 0.998711 0.018705 9.923500 -0.033493 -0.020298 0.999233 -1.227300 0.000000 0.000000 0.000000 1.000000
0.998690 0.043321 0.027235 0.000900 -0.043694 0.998957 0.013232 9.923500 -0.026634 -0.014404 0.999541 -1.227300 0.000000 0.000000 0.000000 1.000000
0.998949 0.041411 0.019630 0.000900 -0.041538 0.999118 0.006143 9.923500 -0.019358 -0.006951 0.999788 -1.227300 0.000000 0.000000 0.000000 1.000000
0.999156 0.038143 0.015267 0.000900 -0.038188 0.999267 0.002666 9.923500 -0.015154 -0.003247 0.999880 -1.227300 0.000000 0.000000 0.000000 1.000000
0.999360 0.033902 0.011386 0.000900 -0.033954 0.999414 0.004383 9.923500 -0.011231 -0.004767 0.999926 -1.227300 0.000000 0.000000 0.000000 1.000000
0.999482 0.030572 0.010044 0.000900 -0.030698 0.999449 0.012641 9.923500 -0.009652 -0.012943 0.999870 -1.227300 0.000000 0.000000 0.000000 1.000000
0.999458 0.030799 0.011654 0.000900 -0.031035 0.999306 0.020621 9.923500 -0.011010 -0.020971 0.999719 -1.227300 0.000000 0.000000 0.000000 1.000000
0.999426 0.029970 0.015768 0.000900 -0.030434 0.999086 0.030022 9.923500 -0.014854 -0.030485 0.999425 -1.227300 0.000000 0.000000 0.000000 1.000000
0.999349 0.029286 0.021049 0.000900 -0.030072 0.998823 0.038052 9.923500 -0.019910 -0.038661 0.999054 -1.227300 0.000000 0.000000 0.000000 1.000000
0.999271 0.028369 0.025542 0.000900 -0.029446 0.998648 0.042831 9.923500 -0.024292 -0.043552 0.998756 -1.227300 0.000000 0.000000 0.000000 1.000000
0.999192 0.028092 0.028728 0.000900 -0.029347 0.998590 0.044234 9.923500 -0.027445 -0.045041 0.998608 -1.227300 0.000000 0.000000 0.000000 1.000000
0.999082 0.030602 0.029984 0.000900 -0.031821 0.998650 0.041048 9.923500 -0.028688 -0.041965 0.998707 -1.227300 0.000000 0.000000 0.000000 1.000000
0.999063 0.033240 0.027725 0.000900 -0.034190 0.998819 0.034530 9.923500 -0.026544 -0.035446 0.999019 -1.227300 0.000000 0.000000 0.000000 1.000000
0.999068 0.035466 0.024604 0.000900 -0.036102 0.999012 0.025909 9.923500 -0.023660 -0.026773 0.999361 -1.227300 0.000000 0.000000 0.000000 1.000000
0.999079 0.037464 0.020910 0.000900 -0.037857 0.999108 0.018723 9.923500 -0.020190 -0.019498 0.999606 -1.227300 0.000000 0.000000 0.000000 1.000000
0.999035 0.040070 0.018008 0.000900 -0.040359 0.999058 0.015945 9.923500 -0.017352 -0.016657 0.999711 -1.227300 0.000000 0.000000 0.000000 1.000000
0.998939 0.042952 0.016641 0.000900 -0.043225 0.998931 0.016380 9.923500 -0.015920 -0.017082 0.999727 -1.227300 0.000000 0.000000 0.000000 1.000000
0.998887 0.043805 0.017469 0.000900 -0.044186 0.998780 0.022040 9.923500 -0.016482 -0.022787 0.999604 -1.227300 0.000000 0.000000 0.000000 1.000000
0.998932 0.043117 0.016595 0.000900 -0.043585 0.998630 0.028945 9.923500 -0.015325 -0.029637 0.999443 -1.227300 0.000000 0.000000 0.000000 1.000000
0.999006 0.041898 0.015243 0.000900 -0.042435 0.998421 0.036800 9.923500 -0.013677 -0.037410 0.999206 -1.227300 0.000000 0.000000 0.000000 1.000000
0.999053 0.041003 0.014558 0.000900 -0.041586 0.998240 0.042278 9.923500 -0.012799 -0.042843 0.999000 -1.227300 0.000000 0.000000 0.000000 1.000000
0.999077 0.040377 0.014669 0.000900 -0.040999 0.998147 0.044958 9.923500 -0.012826 -0.045518 0.998881 -1.227300 0.000000 0.000000 0.000000 1.000000
0.999054 0.040200 0.016590 0.000900 -0.040895 0.998197 0.043940 9.923500 -0.014794 -0.044577 0.998896 -1.227300 0.000000 0.000000 0.000000 1.000000
0.999085 0.039771 0.015737 0.000900 -0.040330 0.998502 0.036982 9.923500 -0.014243 -0.037582 0.999192 -1.227300 0.000000 0.000000 0.000000 1.000000
0.999131 0.040222 0.010888 0.000900 -0.040482 0.998874 0.024726 9.923500 -0.009881 -0.025145 0.999635 -1.227300 0.000000 0.000000 0.000000 1.000000
0.999219 0.038793 0.007579 0.000900 -0.038902 0.999133 0.014819 9.923500 -0.006997 -0.015102 0.999861 -1.227300 0.000000 0.000000 0.000000 1.000000
0.999383 0.034625 0.005871 0.000900 -0.034690 0.999334 0.011359 9.923500 -0.005473 -0.011556 0.999918 -1.227300 0.000000 0.000000 0.000000 1.000000
0.999517 0.031000 0.002376 0.000900 -0.031030 0.999423 0.013819 9.923500 -0.001947 -0.013886 0.999902 -1.227300 0.000000 0.000000 0.000000 1.000000
0.999525 0.030775 -0.001722 0.000900 -0.030739 0.999358 0.018407 9.923500 0.002288 -0.018345 0.999829 -1.227300 0.000000 0.000000 0.000000 1.000000
0.999546 0.030118 -0.001284 0.000900 -0.030074 0.999202 0.026287 9.923500 0.002075 -0.026237 0.999654 -1.227300 0.000000 0.000000 0.000000 1.000000
0.999541 0.030143 0.003134 0.000900 -0.030232 0.998965 0.033983 9.923500 -0.002106 -0.034062 0.999418 -1.227300 0.000000 0.000000 0.000000 1.000000
0.999476 0.031144 0.008819 0.000900 -0.031468 0.998729 0.039375 9.923500 -0.007582 -0.039632 0.999186 -1.227300 0.000000 0.000000 0.000000 1.000000
0.999401 0.031537 0.014270 0.000900 -0.032123 0.998563 0.042899 9.923500 -0.012897 -0.043331 0.998978 -1.227300 0.000000 0.000000 0.000000 1.000000
0.999295 0.033347 0.017227 0.000900 -0.034074 0.998459 0.043811 9.923500 -0.015740 -0.044367 0.998891 -1.227300 0.000000 0.000000 0.000000 1.000000
0.999153 0.036733 0.018562 0.000900 -0.037459 0.998482 0.040375 9.923500 -0.017051 -0.041036 0.999012 -1.227300 0.000000 0.000000 0.000000 1.000000
0.999104 0.038545 0.017496 0.000900 -0.039125 0.998651 0.034126 9.923500 -0.016157 -0.034780 0.999264 -1.227300 0.000000 0.000000 0.000000 1.000000
0.999110 0.038159 0.017949 0.000900 -0.038656 0.998854 0.028216 9.923500 -0.016852 -0.028885 0.999441 -1.227300 0.000000 0.000000 0.000000 1.000000
0.999066 0.038411 0.019776 0.000900 -0.038882 0.998956 0.023974 9.923500 -0.018835 -0.024720 0.999517 -1.227300 0.000000 0.000000 0.000000 1.000000
0.998827 0.042790 0.022672 0.000900 -0.043277 0.998833 0.021445 9.923500 -0.021728 -0.022402 0.999513 -1.227300 0.000000 0.000000 0.000000 1.000000
0.998774 0.043051 0.024429 0.000900 -0.043670 0.998723 0.025392 9.923500 -0.023305 -0.026428 0.999379 -1.227300 0.000000 0.000000 0.000000 1.000000
0.998745 0.043473 0.024861 0.000900 -0.044245 0.998527 0.031405 9.923500 -0.023459 -0.032465 0.999198 -1.227300 0.000000 0.000000 0.000000 1.000000
0.998719 0.043595 0.025684 0.000900 -0.044591 0.998221 0.039571 9.923500 -0.023913 -0.040665 0.998887 -1.227300 0.000000 0.000000 0.000000 1.000000
0.998728 0.043906 0.024776 0.000900 -0.045061 0.997823 0.048158 9.923500 -0.022608 -0.049214 0.998532 -1.227300 0.000000 0.000000 0.000000 1.000000
0.998738 0.043663 0.024801 0.000900 -0.044931 0.997577 0.053119 9.923500 -0.022422 -0.054166 0.998280 -1.227300 0.000000 0.000000 0.000000 1.000000
0.998728 0.043917 0.024776 0.000900 -0.045201 0.997524 0.053881 9.923500 -0.022348 -0.054932 0.998240 -1.227300 0.000000 0.000000 0.000000 1.000000
0.998765 0.043755 0.023546 0.000900 -0.044857 0.997813 0.048545 9.923500 -0.021371 -0.049542 0.998543 -1.227300 0.000000 0.000000 0.000000 1.000000
0.998936 0.041965 0.019106 0.000900 -0.042676 0.998349 0.038456 9.923500 -0.017461 -0.039231 0.999078 -1.227300 0.000000 0.000000 0.000000 1.000000
0.999015 0.041952 0.014477 0.000900 -0.042302 0.998798 0.024776 9.923500 -0.013420 -0.025364 0.999588 -1.227300 0.000000 0.000000 0.000000 1.000000
0.999142 0.040028 0.010646 0.000900 -0.040162 0.999113 0.012628 9.923500 -0.010131 -0.013044 0.999864 -1.227300 0.000000 0.000000 0.000000 1.000000
0.999245 0.038054 0.007789 0.000900 -0.038096 0.999260 0.005340 9.923500 -0.007580 -0.005633 0.999955 -1.227300 0.000000 0.000000 0.000000 1.000000
0.999327 0.035904 0.007527 0.000900 -0.035947 0.999338 0.005681 9.923500 -0.007318 -0.005948 0.999956 -1.227300 0.000000 0.000000 0.000000 1.000000
0.999322 0.036118 0.007190 0.000900 -0.036184 0.999302 0.009270 9.923500 -0.006851 -0.009524 0.999931 -1.227300 0.000000 0.000000 0.000000 1.000000
0.999293 0.036722 0.008001 0.000900 -0.036844 0.999198 0.015707 9.923500 -0.007418 -0.015990 0.999845 -1.227300 0.000000 0.000000 0.000000 1.000000
0.999233 0.037655 0.010747 0.000900 -0.037892 0.999022 0.022806 9.923500 -0.009877 -0.023196 0.999682 -1.227300 0.000000 0.000000 0.000000 1.000000
0.999140 0.038739 0.014757 0.000900 -0.039123 0.998877 0.026732 9.923500 -0.013705 -0.027286 0.999534 -1.227300 0.000000 0.000000 0.000000 1.000000
0.998899 0.042587 0.019678 0.000900 -0.043084 0.998744 0.025562 9.923500 -0.018565 -0.026381 0.999480 -1.227300 0.000000 0.000000 0.000000 1.000000
0.998571 0.047669 0.024168 0.000900 -0.048138 0.998655 0.019242 9.923500 -0.023218 -0.020378 0.999523 -1.227300 0.000000 0.000000 0.000000 1.000000
0.998370 0.051147 0.025328 0.000900 -0.051415 0.998627 0.010046 9.923500 -0.024779 -0.011332 0.999629 -1.227300 0.000000 0.000000 0.000000 1.000000
0.998227 0.054234 0.024513 0.000900 -0.054240 0.998528 -0.000421 9.923500 -0.024500 -0.000909 0.999699 -1.227300 0.000000 0.000000 0.000000 1.000000
0.998027 0.058268 0.023372 0.000900 -0.058076 0.998274 -0.008782 9.923500 -0.023843 0.007408 0.999688 -1.227300 0.000000 0.000000 0.000000 1.000000
0.997849 0.061311 0.023192 0.000900 -0.061061 0.998070 -0.011320 9.923500 -0.023841 0.009879 0.999667 -1.227300 0.000000 0.000000 0.000000 1.000000
0.997682 0.063072 0.025562 0.000900 -0.062913 0.997995 -0.006987 9.923500 -0.025951 0.005363 0.999649 -1.227300 0.000000 0.000000 0.000000 1.000000
0.997594 0.062605 0.029779 0.000900 -0.062722 0.998027 0.003006 9.923500 -0.029532 -0.004866 0.999552 -1.227300 0.000000 0.000000 0.000000 1.000000
0.997603 0.060938 0.032789 0.000900 -0.061438 0.998006 0.014469 9.923500 -0.031842 -0.016448 0.999358 -1.227300 0.000000 0.000000 0.000000 1.000000
0.997789 0.058428 0.031687 0.000900 -0.059283 0.997883 0.026725 9.923500 -0.030059 -0.028544 0.999140 -1.227300 0.000000 0.000000 0.000000 1.000000
0.997927 0.057061 0.029750 0.000900 -0.058098 0.997690 0.035213 9.923500 -0.027672 -0.036869 0.998937 -1.227300 0.000000 0.000000 0.000000 1.000000
0.998115 0.054489 0.028224 0.000900 -0.055576 0.997682 0.039271 9.923500 -0.026019 -0.040765 0.998830 -1.227300 0.000000 0.000000 0.000000 1.000000
0.998349 0.052047 0.024285 0.000900 -0.052872 0.998000 0.034646 9.923500 -0.022434 -0.035872 0.999105 -1.227300 0.000000 0.000000 0.000000 1.000000
0.998491 0.050364 0.021872 0.000900 -0.050868 0.998437 0.023143 9.923500 -0.020672 -0.024221 0.999493 -1.227300 0.000000 0.000000 0.000000 1.000000
0.998566 0.049209 0.021098 0.000900 -0.049445 0.998718 0.010836 9.923500 -0.020538 -0.011864 0.999719 -1.227300 0.000000 0.000000 0.000000 1.000000
0.998677 0.046664 0.021599 0.000900 -0.046769 0.998896 0.004385 9.923500 -0.021371 -0.005389 0.999757 -1.227300 0.000000 0.000000 0.000000 1.000000</float_array>
        <technique_common>
          <accessor source="#mixamorig_Spine-Matrix-animation-output-transform-array" count="90" stride="16">
            <param type="float4x4"/>
          </accessor>
        </technique_common>
      </source>
      <source id="mixamorig_Spine-Interpolations">
        <Name_array id="mixamorig_Spine-Interpolations-array" count="90">
 LINEAR LINEAR LINEAR LINEAR LINEAR LINEAR LINEAR LINEAR LINEAR LINEAR LINEAR
LINEAR LINEAR LINEAR LINEAR LINEAR LINEAR LINEAR LINEAR LINEAR LINEAR LINEAR LINEAR
LINEAR LINEAR LINEAR LINEAR LINEAR LINEAR LINEAR LINEAR LINEAR LINEAR LINEAR LINEAR
LINEAR LINEAR LINEAR LINEAR LINEAR LINEAR LINEAR LINEAR LINEAR LINEAR LINEAR LINEAR
LINEAR LINEAR LINEAR LINEAR LINEAR LINEAR LINEAR LINEAR LINEAR LINEAR LINEAR LINEAR
LINEAR LINEAR LINEAR LINEAR LINEAR LINEAR LINEAR LINEAR LINEAR LINEAR LINEAR LINEAR
LINEAR LINEAR LINEAR LINEAR LINEAR LINEAR LINEAR LINEAR LINEAR LINEAR LINEAR LINEAR
LINEAR LINEAR LINEAR LINEAR LINEAR LINEAR LINEAR</Name_array>
        <technique_common>
          <accessor source="#mixamorig_Spine-Interpolations-array" count="90">
            <param type="name"/>
          </accessor>
        </technique_common>
      </source>
      <sampler id="mixamorig_Spine-Matrix-animation-transform">
        <input semantic="INPUT" source="#mixamorig_Spine-Matrix-animation-input"/>
        <input semantic="OUTPUT" source="#mixamorig_Spine-Matrix-animation-output-transform"/>
        <input semantic="INTERPOLATION" source="#mixamorig_Spine-Interpolations"/>
      </sampler>
      <channel source="#mixamorig_Spine-Matrix-animation-transform" target="mixamorig_Spine/matrix"/>
    </animation>
    <animation id="mixamorig_Spine1-anim" name="mixamorig_Spine1">
      <source id="mixamorig_Spine1-Matrix-animation-input">
        <float_array id="mixamorig_Spine1-Matrix-animation-input-array" count="90">

0.000000 0.033333 0.066667 0.100000 0.133333 0.166667 0.200000 0.233333 0.266667 0.300000 0.333333 0.366667 0.400000 0.433333 0.466667 0.500000
0.533333 0.566667 0.600000 0.633333 0.666667 0.700000 0.733333 0.766667 0.800000 0.833333 0.866667 0.900000 0.933333 0.966667 1.000000 1.033333
1.066667 1.100000 1.133333 1.166667 1.200000 1.233333 1.266667 1.300000 1.333333 1.366667 1.400000 1.433333 1.466667 1.500000 1.533333 1.566667
1.600000 1.633333 1.666667 1.700000 1.733333 1.766667 1.800000 1.833333 1.866667 1.900000 1.933333 1.966667 2.000000 2.033333 2.066667 2.100000
2.133333 2.166667 2.200000 2.233333 2.266667 2.300000 2.333333 2.366667 2.400000 2.433333 2.466667 2.500000 2.533333 2.566667 2.600000 2.633333
2.666667 2.700000 2.733333 2.766667 2.800000 2.833333 2.866667 2.900000 2.933333 2.966667</float_array>
        <technique_common>
          <accessor source="#mixamorig_Spine1-Matrix-animation-input-array" count="90">
            <param name="TIME" type="float"/>
          </accessor>
        </technique_common>
      </source>
      <source id="mixamorig_Spine1-Matrix-animation-output-transform">
        <float_array id="mixamorig_Spine1-Matrix-animation-output-transform-array" count="1440">

0.995409 0.088194 0.037185 0.000000 -0.077182 0.969392 -0.233073 11.732000 -0.056603 0.229133 0.971748 0.000000 0.000000 0.000000 0.000000 1.000000
0.995443 0.088500 0.035520 0.000000 -0.077792 0.969045 -0.234309 11.732000 -0.055156 0.230478 0.971513 -0.000000 0.000000 0.000000 0.000000 1.000000
0.995439 0.088799 0.034880 -0.000000 -0.078242 0.969055 -0.234117 11.732000 -0.054590 0.230320 0.971582 -0.000000 0.000000 0.000000 0.000000 1.000000
0.995405 0.088958 0.035428 0.000000 -0.078324 0.969277 -0.233167 11.732000 -0.055082 0.229321 0.971791 0.000000 0.000000 0.000000 0.000000 1.000000
0.995398 0.088469 0.036835 0.000000 -0.077616 0.969712 -0.231592 11.732000 -0.056208 0.227667 0.972115 -0.000000 0.000000 0.000000 0.000000 1.000000
0.995372 0.087941 0.038731 0.000000 -0.076784 0.970237 -0.229662 11.732000 -0.057774 0.225625 0.972500 -0.000000 0.000000 0.000000 0.000000 1.000000
0.995327 0.087377 0.041108 0.000000 -0.075773 0.970610 -0.228418 11.732000 -0.059859 0.224235 0.972695 0.000000 0.000000 0.000000 0.000000 1.000000
0.995308 0.086746 0.042854 -0.000000 -0.074815 0.970868 -0.227634 11.732000 -0.061352 0.223360 0.972803 0.000000 0.000000 0.000000 0.000000 1.000000
0.995252 0.086595 0.044445 0.000000 -0.074299 0.970863 -0.227826 11.732000 -0.062879 0.223442 0.972687 -0.000000 0.000000 0.000000 0.000000 1.000000
0.995152 0.086955 0.045943 0.000000 -0.074232 0.970574 -0.229075 11.732000 -0.064510 0.224554 0.972324 0.000000 0.000000 0.000000 0.000000 1.000000
0.995042 0.087437 0.047391 0.000000 -0.074277 0.970227 -0.230525 11.732000 -0.066136 0.225862 0.971912 0.000000 0.000000 0.000000 0.000000 1.000000
0.994956 0.087960 0.048221 0.000000 -0.074532 0.969975 -0.231503 11.732000 -0.067136 0.226741 0.971638 -0.000000 0.000000 0.000000 0.000000 1.000000
0.994900 0.088620 0.048178 0.000000 -0.075123 0.969714 -0.232403 11.732000 -0.067314 0.227599 0.971426 -0.000000 0.000000 0.000000 0.000000 1.000000
0.994941 0.088440 0.047651 0.000000 -0.075050 0.969658 -0.232662 11.732000 -0.066782 0.227909 0.971390 0.000000 0.000000 0.000000 0.000000 1.000000
0.995029 0.087811 0.046966 -0.000000 -0.074619 0.969782 -0.232283 11.732000 -0.065944 0.227624 0.971514 0.000000 0.000000 0.000000 0.000000 1.000000
0.995120 0.087165 0.046243 0.000000 -0.074205 0.969993 -0.231533 11.732000 -0.065037 0.226972 0.971727 0.000000 0.000000 0.000000 0.000000 1.000000
0.995202 0.087042 0.044685 -0.000000 -0.074483 0.970131 -0.230862 11.732000 -0.063445 0.226426 0.971960 -0.000000 0.000000 0.000000 0.000000 1.000000
0.995252 0.086945 0.043760 -0.000000 -0.074650 0.970307 -0.230069 11.732000 -0.062464 0.225710 0.972190 0.000000 0.000000 0.000000 0.000000 1.000000
0.995320 0.086874 0.042331 -0.000000 -0.074932 0.970389 -0.229629 11.732000 -0.061026 0.225383 0.972357 0.000000 0.000000 0.000000 0.000000 1.000000
0.995395 0.086794 0.040682 -0.000000 -0.075222 0.970350 -0.229700 11.732000 -0.059413 0.225582 0.972411 0.000000 0.000000 0.000000 0.000000 1.000000
0.995494 0.086505 0.038854 0.000000 -0.075279 0.970048 -0.230954 11.732000 -0.057669 0.226989 0.972188 0.000000 0.000000 0.000000 0.000000 1.000000
0.995554 0.086686 0.036852 0.000000 -0.075795 0.969522 -0.232985 11.732000 -0.055926 0.229156 0.971782 -0.000000 0.000000 0.000000 0.000000 1.000000
0.995636 0.086201 0.035760 0.000000 -0.075449 0.969015 -0.235197 11.732000 -0.054927 0.231472 0.971290 0.000000 0.000000 0.000000 0.000000 1.000000
0.995727 0.085522 0.034835 -0.000000 -0.074941 0.968786 -0.236300 11.732000 -0.053957 0.232679 0.971056 0.000000 0.000000 0.000000 0.000000 1.000000
0.995806 0.084710 0.034560 -0.000000 -0.074257 0.969024 -0.235537 11.732000 -0.053442 0.231982 0.971251 0.000000 0.000000 0.000000 0.000000 1.000000
0.995802 0.084603 0.034939 0.000000 -0.074142 0.969371 -0.234142 11.732000 -0.053678 0.230569 0.971574 0.000000 0.000000 0.000000 0.000000 1.000000
0.995770 0.084501 0.036078 0.000000 -0.073913 0.969958 -0.231773 11.732000 -0.054579 0.228126 0.972101 -0.000000 0.000000 0.000000 0.000000 1.000000
0.995727 0.084374 0.037538 0.000000 -0.073592 0.970548 -0.229391 11.732000 -0.055787 0.225649 0.972610 0.000000 0.000000 0.000000 0.000000 1.000000
0.995692 0.084215 0.038801 0.000000 -0.073253 0.970979 -0.227672 11.732000 -0.056849 0.223849 0.972965 0.000000 0.000000 0.000000 0.000000 1.000000
0.995666 0.084076 0.039744 -0.000000 -0.072964 0.971231 -0.226685 11.732000 -0.057660 0.222803 0.973157 0.000000 0.000000 0.000000 0.000000 1.000000
0.995635 0.084308 0.040029 -0.000000 -0.073112 0.971163 -0.226929 11.732000 -0.058006 0.223012 0.973088 0.000000 0.000000 0.000000 0.000000 1.000000
0.995594 0.085119 0.039332 0.000000 -0.073968 0.970741 -0.228455 11.732000 -0.057627 0.224539 0.972760 0.000000 0.000000 0.000000 0.000000 1.000000
0.995556 0.085969 0.038446 -0.000000 -0.074867 0.970147 -0.230671 11.732000 -0.057129 0.226768 0.972272 0.000000 0.000000 0.000000 0.000000 1.000000
0.995545 0.086546 0.037409 0.000000 -0.075545 0.969600 -0.232744 11.732000 -0.056414 0.228881 0.971818 0.000000 0.000000 0.000000 0.000000 1.000000
