<?xml version="1.0" encoding="utf-8"?>
<COLLADA xmlns="http://www.collada.org/2005/11/COLLADASchema" version="1.4.1">
  <asset>
    <contributor>
      <author>Mixamo</author>
      <authoring_tool>COLLADA Mixamo exporter</authoring_tool>
      <comments/>
    </contributor>
    <created>2025-01-18T14:48:47Z</created>
    <modified>2025-01-18T14:48:47Z</modified>
    <revision/>
    <title/>
    <unit meter="0.010000"/>
    <up_axis>Y_UP</up_axis>
  </asset>
  <library_animations>
    <animation id="mixamorig_Hips-anim" name="mixamorig_Hips">
      <source id="mixamorig_Hips-Matrix-animation-input">
        <float_array id="mixamorig_Hips-Matrix-animation-input-array" count="90">

0.000000 0.033333 0.066667 0.100000 0.133333 0.166667 0.200000 0.233333 0.266667 0.300000 0.333333 0.366667 0.400000 0.433333 0.466667 0.500000
0.533333 0.566667 0.600000 0.633333 0.666667 0.700000 0.733333 0.766667 0.800000 0.833333 0.866667 0.900000 0.933333 0.966667 1.000000 1.033333
1.066667 1.100000 1.133333 1.166667 1.200000 1.233333 1.266667 1.300000 1.333333 1.366667 1.400000 1.433333 1.466667 1.500000 1.533333 1.566667
1.600000 1.633333 1.666667 1.700000 1.733333 1.766667 1.800000 1.833333 1.866667 1.900000 1.933333 1.966667 2.000000 2.033333 2.066667 2.100000
2.133333 2.166667 2.200000 2.233333 2.266667 2.300000 2.333333 2.366667 2.400000 2.433333 2.466667 2.500000 2.533333 2.566667 2.600000 2.633333
2.666667 2.700000 2.733333 2.766667 2.800000 2.833333 2.866667 2.900000 2.933333 2.966667</float_array>
        <technique_common>
          <accessor source="#mixamorig_Hips-Matrix-animation-input-array" count="90">
            <param name="TIME" type="float"/>
          </accessor>
        </technique_common>
      </source>
      <source id="mixamorig_Hips-Matrix-animation-output-transform">
        <float_array id="mixamorig_Hips-Matrix-animation-output-transform-array" count="1440">

0.592445 -0.023495 0.805268 -8.885468 -0.110212 0.987813 0.109905 90.003624 -0.798037 -0.153863 0.582635 -7.248218 0.000000 0.000000 0.000000 1.000000
0.596309 -0.028193 0.802260 -8.805028 -0.108798 0.987324 0.115565 89.909698 -0.795348 -0.156196 0.585683 -7.495308 0.000000 0.000000 0.000000 1.000000
0.598979 -0.030979 0.800165 -8.749523 -0.106787 0.987236 0.118159 90.119247 -0.793613 -0.156222 0.588025 -7.528621 0.000000 0.000000 0.000000 1.000000
0.600965 -0.032623 0.798609 -8.751168 -0.105127 0.987260 0.119439 90.562172 -0.792332 -0.155734 0.589879 -7.341138 0.000000 0.000000 0.000000 1.000000
0.602191 -0.034111 0.797623 -8.820465 -0.101872 0.987636 0.119149 91.078522 -0.791826 -0.153006 0.591271 -6.982117 0.000000 0.000000 0.000000 1.000000
0.602504 -0.034539 0.797368 -8.981382 -0.099235 0.988069 0.117783 91.541954 -0.791922 -0.150092 0.591888 -6.506311 0.000000 0.000000 0.000000 1.000000
0.602162 -0.035118 0.797601 -9.222060 -0.096339 0.988536 0.116258 91.813248 -0.792540 -0.146846 0.591876 -5.990491 0.000000 0.000000 0.000000 1.000000
0.601735 -0.034571 0.797947 -9.558974 -0.094611 0.988943 0.114193 91.792534 -0.793072 -0.144209 0.591811 -5.524317 0.000000 0.000000 0.000000 1.000000
0.600329 -0.033286 0.799060 -9.961021 -0.095770 0.988952 0.113147 91.437149 -0.793998 -0.144451 0.590509 -5.132834 0.000000 0.000000 0.000000 1.000000
0.597773 -0.033297 0.800974 -10.346900 -0.097909 0.988625 0.114167 90.857178 -0.795664 -0.146668 0.587713 -4.773247 0.000000 0.000000 0.000000 1.000000
0.594863 -0.033216 0.803140 -10.674245 -0.101738 0.988000 0.116215 90.237480 -0.797363 -0.150842 0.584346 -4.449477 0.000000 0.000000 0.000000 1.000000
0.591909 -0.031856 0.805375 -10.909448 -0.105543 0.987551 0.116631 89.721870 -0.799064 -0.154037 0.581179 -4.166444 0.000000 0.000000 0.000000 1.000000
0.589951 -0.031007 0.806844 -10.997786 -0.109765 0.986906 0.118185 89.493324 -0.799943 -0.158287 0.578823 -3.973520 0.000000 0.000000 0.000000 1.000000
0.588798 -0.031585 0.807663 -10.953862 -0.110023 0.986804 0.118800 89.617905 -0.800757 -0.158811 0.577552 -3.891989 0.000000 0.000000 0.000000 1.000000
0.588259 -0.032096 0.808036 -10.810246 -0.108468 0.987051 0.118172 90.021751 -0.801366 -0.157162 0.577160 -3.927156 0.000000 0.000000 0.000000 1.000000
0.588697 -0.032380 0.807705 -10.602242 -0.106725 0.987337 0.117368 90.538559 -0.801277 -0.155296 0.577787 -4.087608 0.000000 0.000000 0.000000 1.000000
0.591658 -0.030946 0.805595 -10.327141 -0.107400 0.987331 0.116806 90.976837 -0.799003 -0.155630 0.580838 -4.334733 0.000000 0.000000 0.000000 1.000000
0.591550 -0.029321 0.805735 -10.043545 -0.107004 0.987644 0.114500 91.242058 -0.799136 -0.153950 0.581103 -4.751049 0.000000 0.000000 0.000000 1.000000
0.591647 -0.026969 0.805746 -9.780791 -0.106295 0.988106 0.111124 91.222359 -0.799159 -0.151393 0.581743 -5.307424 0.000000 0.000000 0.000000 1.000000
0.593492 -0.024435 0.804469 -9.575155 -0.105064 0.988634 0.107539 90.911324 -0.797953 -0.148345 0.584179 -5.953644 0.000000 0.000000 0.000000 1.000000
0.596539 -0.023882 0.802229 -9.378212 -0.104372 0.988761 0.107046 90.401970 -0.795769 -0.147587 0.587342 -6.634961 0.000000 0.000000 0.000000 1.000000
0.600936 -0.025540 0.798889 -9.185272 -0.105014 0.988303 0.110588 89.898567 -0.792368 -0.150351 0.591225 -7.221220 0.000000 0.000000 0.000000 1.000000
0.605205 -0.028590 0.795556 -9.009838 -0.103676 0.988013 0.114377 89.591019 -0.789290 -0.151702 0.594986 -7.640745 0.000000 0.000000 0.000000 1.000000
0.609428 -0.031752 0.792205 -8.848523 -0.101388 0.987873 0.117590 89.590950 -0.786332 -0.151982 0.598818 -7.829710 0.000000 0.000000 0.000000 1.000000
0.612113 -0.032692 0.790094 -8.741249 -0.098875 0.988140 0.117489 89.895454 -0.784564 -0.150037 0.601621 -7.788129 0.000000 0.000000 0.000000 1.000000
0.613355 -0.030824 0.789205 -8.722407 -0.100697 0.988032 0.116850 90.372238 -0.783361 -0.151141 0.602911 -7.549149 0.000000 0.000000 0.000000 1.000000
0.610472 -0.028454 0.791526 -8.799627 -0.102193 0.988172 0.114340 90.900925 -0.785417 -0.150690 0.600343 -7.152526 0.000000 0.000000 0.000000 1.000000
0.604003 -0.026049 0.796556 -8.970728 -0.104473 0.988254 0.111536 91.331604 -0.790105 -0.150587 0.594187 -6.651328 0.000000 0.000000 0.000000 1.000000
0.595835 -0.024570 0.802731 -9.215726 -0.106905 0.988210 0.109599 91.571381 -0.795960 -0.151119 0.586183 -6.126189 0.000000 0.000000 0.000000 1.000000
0.587237 -0.023420 0.809076 -9.524307 -0.109053 0.988178 0.107756 91.553345 -0.802035 -0.151510 0.577741 -5.641591 0.000000 0.000000 0.000000 1.000000
0.579319 -0.022182 0.814799 -9.844215 -0.112463 0.987894 0.106855 91.218666 -0.807305 -0.153538 0.569811 -5.220209 0.000000 0.000000 0.000000 1.000000
0.572453 -0.022709 0.819623 -10.135501 -0.116223 0.987276 0.108528 90.703300 -0.811659 -0.157386 0.562529 -4.841957 0.000000 0.000000 0.000000 1.000000
0.563902 -0.024891 0.825466 -10.412330 -0.119875 0.986492 0.111637 90.084686 -0.817095 -0.161905 0.553301 -4.525249 0.000000 0.000000 0.000000 1.000000
0.555062 -0.027116 0.831367 -10.630289 -0.123149 0.985775 0.114372 89.532845 -0.822642 -0.165866 0.543827 -4.292001 0.000000 0.000000 0.000000 1.000000
0.546793 -0.028287 0.836790 -10.722134 -0.127388 0.984983 0.116537 89.256706 -0.827520 -0.170318 0.534978 -4.065787 0.000000 0.000000 0.000000 1.000000
0.539758 -0.029431 0.841306 -10.659272 -0.131111 0.984254 0.118549 89.341339 -0.831547 -0.174292 0.527400 -3.924297 0.000000 0.000000 0.000000 1.000000
0.534230 -0.029360 0.844829 -10.471352 -0.132416 0.984153 0.117935 89.752014 -0.834904 -0.174874 0.521876 -3.871395 0.000000 0.000000 0.000000 1.000000
0.532138 -0.029287 0.846151 -10.205353 -0.131035 0.984511 0.116483 90.295204 -0.836456 -0.172861 0.520058 -3.935287 0.000000 0.000000 0.000000 1.000000
0.531468 -0.027879 0.846619 -9.883464 -0.128499 0.985238 0.113109 90.817780 -0.837275 -0.168904 0.520040 -4.135826 0.000000 0.000000 0.000000 1.000000
0.532066 -0.026408 0.846291 -9.541101 -0.126489 0.985818 0.110286 91.188141 -0.837202 -0.165726 0.521180 -4.449516 0.000000 0.000000 0.000000 1.000000
0.534497 -0.024450 0.844817 -9.229770 -0.124620 0.986376 0.107391 91.318283 -0.835932 -0.162681 0.524168 -4.873000 0.000000 0.000000 0.000000 1.000000
0.537261 -0.022072 0.843127 -8.966479 -0.123746 0.986776 0.104687 91.153305 -0.834289 -0.160578 0.527425 -5.391041 0.000000 0.000000 0.000000 1.000000
0.543187 -0.022120 0.839321 -8.748302 -0.123218 0.986729 0.105749 90.750977 -0.830521 -0.160861 0.533253 -5.942677 0.000000 0.000000 0.000000 1.000000
0.552264 -0.024884 0.833298 -8.571219 -0.124218 0.985940 0.111767 90.276886 -0.824363 -0.165235 0.541408 -6.458627 0.000000 0.000000 0.000000 1.000000
0.560131 -0.028914 0.827899 -8.412704 -0.123121 0.985385 0.117714 89.852791 -0.819204 -0.167867 0.548385 -6.870606 0.000000 0.000000 0.000000 1.000000
0.565252 -0.032649 0.824272 -8.297003 -0.119166 0.985504 0.120755 89.641510 -0.816266 -0.166482 0.553167 -7.100638 0.000000 0.000000 0.000000 1.000000
0.568427 -0.033944 0.822033 -8.222223 -0.115441 0.985973 0.120541 89.710419 -0.814595 -0.163415 0.556535 -7.106883 0.000000 0.000000 0.000000 1.000000
0.572211 -0.033111 0.819437 -8.194209 -0.115551 0.985962 0.120529 90.036385 -0.811925 -0.163655 0.560353 -6.874930 0.000000 0.000000 0.000000 1.000000
0.571610 -0.030787 0.819948 -8.270019 -0.114149 0.986595 0.116620 90.501839 -0.812547 -0.160257 0.560433 -6.529257 0.000000 0.000000 0.000000 1.000000
0.567702 -0.028013 0.822757 -8.422779 -0.113372 0.987238 0.111840 90.968018 -0.815390 -0.156770 0.557281 -6.099943 0.000000 0.000000 0.000000 1.000000
0.563498 -0.025593 0.825721 -8.660626 -0.113561 0.987632 0.108108 91.340820 -0.818275 -0.154688 0.553622 -5.606605 0.000000 0.000000 0.000000 1.000000
0.561802 -0.024098 0.826921 -8.959392 -0.112977 0.987976 0.105547 91.525818 -0.819521 -0.152719 0.552324 -5.108748 0.000000 0.000000 0.000000 1.000000
0.563200 -0.022501 0.826014 -9.280514 -0.112584 0.988218 0.103682 91.458885 -0.818615 -0.151390 0.554031 -4.680757 0.000000 0.000000 0.000000 1.000000
0.565950 -0.021728 0.824153 -9.607738 -0.113159 0.988144 0.103758 91.139595 -0.816637 -0.151983 0.556782 -4.321310 0.000000 0.000000 0.000000 1.000000
0.569551 -0.023389 0.821623 -9.911210 -0.112812 0.987911 0.106325 90.672791 -0.814178 -0.153246 0.560027 -4.003651 0.000000 0.000000 0.000000 1.000000
0.571254 -0.026275 0.820353 -10.186300 -0.111094 0.987814 0.109000 90.194466 -0.813220 -0.153403 0.561374 -3.759101 0.000000 0.000000 0.000000 1.000000
0.570798 -0.028573 0.820593 -10.416226 -0.110847 0.987564 0.111491 89.813850 -0.813574 -0.154599 0.560533 -3.548665 0.000000 0.000000 0.000000 1.000000
0.568768 -0.029153 0.821981 -10.501944 -0.115094 0.986718 0.114635 89.690285 -0.814405 -0.159806 0.557859 -3.380757 0.000000 0.000000 0.000000 1.000000
0.566924 -0.029301 0.823249 -10.484800 -0.115250 0.986717 0.114485 89.869713 -0.815668 -0.159784 0.556016 -3.283461 0.000000 0.000000 0.000000 1.000000
0.566375 -0.028711 0.823647 -10.368677 -0.115842 0.986698 0.114053 90.272896 -0.815965 -0.160010 0.555515 -3.249280 0.000000 0.000000 0.000000 1.000000
0.564688 -0.026374 0.824883 -10.187845 -0.116082 0.987015 0.111024 90.750801 -0.817100 -0.158448 0.554294 -3.337194 0.000000 0.000000 0.000000 1.000000
0.563670 -0.022430 0.825695 -9.967197 -0.115869 0.987600 0.105927 91.163033 -0.817833 -0.155380 0.554082 -3.550317 0.000000 0.000000 0.000000 1.000000
0.562681 -0.019453 0.826445 -9.722443 -0.115753 0.988020 0.102066 91.435066 -0.818530 -0.153094 0.553689 -3.897133 0.000000 0.000000 0.000000 1.000000
0.563034 -0.016234 0.826275 -9.498997 -0.116259 0.988309 0.098637 91.470345 -0.818216 -0.151597 0.554564 -4.403513 0.000000 0.000000 0.000000 1.000000
0.564607 -0.014869 0.825226 -9.314794 -0.116832 0.988330 0.097743 91.235268 -0.817049 -0.151599 0.556281 -5.019278 0.000000 0.000000 0.000000 1.000000
0.566871 -0.015687 0.823657 -9.159495 -0.115644 0.988403 0.098414 90.779930 -0.815650 -0.151039 0.558483 -5.725728 0.000000 0.000000 0.000000 1.000000
0.570468 -0.017970 0.821123 -9.001741 -0.117127 0.987762 0.102989 90.260422 -0.812925 -0.154928 0.561382 -6.378239 0.000000 0.000000 0.000000 1.000000
0.573242 -0.022434 0.819079 -8.863294 -0.116892 0.987162 0.108846 89.844551 -0.811005 -0.158139 0.563261 -6.891152 0.000000 0.000000 0.000000 1.000000
0.575202 -0.026660 0.817577 -8.736528 -0.116040 0.986702 0.113814 89.677834 -0.809739 -0.160338 0.564459 -7.206441 0.000000 0.000000 0.000000 1.000000
0.574604 -0.028429 0.817938 -8.660282 -0.114205 0.986834 0.114528 89.854759 -0.810425 -0.159221 0.563791 -7.275241 0.000000 0.000000 0.000000 1.000000
0.573178 -0.027743 0.818961 -8.661570 -0.113780 0.987051 0.113071 90.285675 -0.811493 -0.157991 0.562599 -7.146289 0.000000 0.000000 0.000000 1.000000
0.570288 -0.024234 0.821087 -8.790327 -0.112544 0.987834 0.107323 90.825882 -0.813699 -0.153613 0.560622 -6.869291 0.000000 0.000000 0.000000 1.000000
0.565618 -0.019071 0.824447 -9.021969 -0.110939 0.988885 0.098985 91.310898 -0.817171 -0.147452 0.557216 -6.482425 0.000000 0.000000 0.000000 1.000000
0.560387 -0.014456 0.828104 -9.344890 -0.109293 0.989813 0.091239 91.590019 -0.820988 -0.141635 0.553099 -6.062889 0.000000 0.000000 0.000000 1.000000
0.555518 -0.010286 0.831441 -9.757326 -0.108283 0.990514 0.084602 91.561150 -0.824424 -0.137028 0.549134 -5.679115 0.000000 0.000000 0.000000 1.000000
0.552641 -0.007718 0.833384 -10.191288 -0.107990 0.990864 0.080788 91.200348 -0.826394 -0.134644 0.546758 -5.394698 0.000000 0.000000 0.000000 1.000000
0.553281 -0.007678 0.832960 -10.586447 -0.107356 0.990961 0.080444 90.668335 -0.826048 -0.133931 0.547455 -5.163932 0.000000 0.000000 0.000000 1.000000
0.556666 -0.009288 0.830684 -10.907456 -0.108522 0.990556 0.083799 90.108841 -0.823617 -0.136795 0.550401 -4.948087 0.000000 0.000000 0.000000 1.000000
0.561421 -0.010484 0.827464 -11.113968 -0.112325 0.989700 0.088750 89.696396 -0.819871 -0.142770 0.554461 -4.760018 0.000000 0.000000 0.000000 1.000000
0.566482 -0.011463 0.823994 -11.153043 -0.115273 0.988970 0.093007 89.599243 -0.815972 -0.147671 0.558912 -4.611990 0.000000 0.000000 0.000000 1.000000
0.570443 -0.011799 0.821252 -11.019454 -0.116668 0.988594 0.095241 89.872368 -0.813009 -0.150143 0.562560 -4.513130 0.000000 0.000000 0.000000 1.000000
0.571556 -0.011435 0.820483 -10.776255 -0.117481 0.988462 0.095614 90.379372 -0.812110 -0.151040 0.563618 -4.477544 0.000000 0.000000 0.000000 1.000000
0.572193 -0.010897 0.820047 -10.479979 -0.117060 0.988588 0.094816 90.911240 -0.811722 -0.150248 0.564388 -4.539294 0.000000 0.000000 0.000000 1.000000
0.575269 -0.009247 0.817912 -10.141412 -0.115049 0.989081 0.092101 91.351822 -0.809833 -0.147083 0.567924 -4.711841 0.000000 0.000000 0.000000 1.000000
0.579103 -0.007792 0.815217 -9.788280 -0.113502 0.989445 0.090085 91.586441 -0.807315 -0.144697 0.572106 -5.012688 0.000000 0.000000 0.000000 1.000000
0.583068 -0.007427 0.812390 -9.482081 -0.111102 0.989835 0.088790 91.521538 -0.804791 -0.142029 0.576315 -5.454745 0.000000 0.000000 0.000000 1.000000
0.588549 -0.009639 0.808404 -9.240471 -0.109131 0.989830 0.091254 91.126007 -0.801062 -0.141929 0.581511 -6.013495 0.000000 0.000000 0.000000 1.000000
0.592433 -0.013783 0.805502 -9.071972 -0.109509 0.989195 0.097468 90.567497 -0.798142 -0.145953 0.584522 -6.579186 0.000000 0.000000 0.000000 1.000000
0.593371 -0.018529 0.804716 -8.970225 -0.111155 0.988271 0.104718 90.123535 -0.797218 -0.151585 0.584351 -7.022448 0.000000 0.000000 0.000000 1.000000
0.592442 -0.023506 0.805270 -8.886536 -0.110193 0.987815 0.109904 89.999840 -0.798041 -0.153847 0.582633 -7.248058 0.000000 0.000000 0.000000 1.000000</float_array>
        <technique_common>
          <accessor source="#mixamorig_Hips-Matrix-animation-output-transform-array" count="90" stride="16">
            <param type="float4x4"/>
          </accessor>
        </technique_common>
      </source>
      <source id="mixamorig_Hips-Interpolations">
        <Name_array id="mixamorig_Hips-Interpolations-array" count="90">
 LINEAR LINEAR LINEAR LINEAR LINEAR LINEAR LINEAR LINEAR LINEAR LINEAR LINEAR
LINEAR LINEAR LINEAR LINEAR LINEAR LINEAR LINEAR LINEAR LINEAR LINEAR LINEAR LINEAR
LINEAR LINEAR LINEAR LINEAR LINEAR LINEAR LINEAR LINEAR LINEAR LINEAR LINEAR LINEAR
LINEAR LINEAR LINEAR LINEAR LINEAR LINEAR LINEAR LINEAR LINEAR LINEAR LINEAR LINEAR
LINEAR LINEAR LINEAR LINEAR LINEAR LINEAR LINEAR LINEAR LINEAR LINEAR LINEAR LINEAR
LINEAR LINEAR LINEAR LINEAR LINEAR LINEAR LINEAR LINEAR LINEAR LINEAR LINEAR LINEAR
LINEAR LINEAR LINEAR LINEAR LINEAR LINEAR LINEAR LINEAR LINEAR LINEAR LINEAR LINEAR
LINEAR LINEAR LINEAR LINEAR LINEAR LINEAR LINEAR</Name_array>
        <technique_common>
          <accessor source="#mixamorig_Hips-Interpolations-array" count="90">
            <param type="name"/>
          </accessor>
        </technique_common>
      </source>
      <sampler id="mixamorig_Hips-Matrix-animation-transform">
        <input semantic="INPUT" source="#mixamorig_Hips-Matrix-animation-input"/>
        <input semantic="OUTPUT" source="#mixamorig_Hips-Matrix-animation-output-transform"/>
        <input semantic="INTERPOLATION" source="#mixamorig_Hips-Interpolations"/>
      </sampler>
      <channel source="#mixamorig_Hips-Matrix-animation-transform" target="mixamorig_Hips/matrix"/>
    </animation>
    <animation id="mixamorig_Spine-anim" name="mixamorig_Spine">
      <source id="mixamorig_Spine-Matrix-animation-input">
        <float_array id="mixamorig_Spine-Matrix-animation-input-array" count="90">

0.000000 0.033333 0.066667 0.100000 0.133333 0.166667 0.200000 0.233333 0.266667 0.300000 0.333333 0.366667 0.400000 0.433333 0.466667 0.500000
0.533333 0.566667 0.600000 0.633333 0.666667 0.700000 0.733333 0.766667 0.800000 0.833333 0.866667 0.900000 0.933333 0.966667 1.000000 1.033333
1.066667 1.100000 1.133333 1.166667 1.200000 1.233333 1.266667 1.300000 1.333333 1.366667 1.400000 1.433333 1.466667 1.500000 1.533333 1.566667
1.600000 1.633333 1.666667 1.700000 1.733333 1.766667 1.800000 1.833333 1.866667 1.900000 1.933333 1.966667 2.000000 2.033333 2.066667 2.100000
2.133333 2.166667 2.200000 2.233333 2.266667 2.300000 2.333333 2.366667 2.400000 2.433333 2.466667 2.500000 2.533333 2.566667 2.600000 2.633333
2.666667 2.700000 2.733333 2.766667 2.800000 2.833333 2.866667 2.900000 2.933333 2.966667</float_array>
        <technique_common>
          <accessor source="#mixamorig_Spine-Matrix-animation-input-array" count="90">
            <param name="TIME" type="float"/>
          </accessor>
        </technique_common>
      </source>
      <source id="mixamorig_Spine-Matrix-animation-output-transform">
        <float_array id="mixamorig_Spine-Matrix-animation-output-transform-array" count="1440">

0.998677 -0.046667 -0.021619 0.000900 0.046773 0.998896 0.004388 9.923500 0.021391 -0.005393 0.999757 -1.227300 0.000000 0.000000 0.000000 1.000000
0.998831 -0.045802 -0.015480 0.000900 0.045830 0.998948 0.001451 9.923500 0.015397 -0.002159 0.999879 -1.227300 0.000000 0.000000 0.000000 1.000000
0.998865 -0.045740 -0.013306 0.000900 0.045798 0.998943 0.004045 9.923500 0.013106 -0.004650 0.999903 -1.227300 0.000000 0.000000 0.000000 1.000000
0.998809 -0.046228 -0.015617 0.000900 0.046374 0.998883 0.009113 9.923500 0.015178 -0.009826 0.999837 -1.227300 0.000000 0.000000 0.000000 1.000000
0.998742 -0.045615 -0.020833 0.000900 0.045945 0.998822 0.015636 9.923500 0.020095 -0.016574 0.999661 -1.227300 0.000000 0.000000 0.000000 1.000000
0.998568 -0.045697 -0.027817 0.000900 0.046300 0.998698 0.021436 9.923500 0.026801 -0.022694 0.999383 -1.227300 0.000000 0.000000 0.000000 1.000000
0.998276 -0.046003 -0.036454 0.000900 0.046932 0.998584 0.025048 9.923500 0.035250 -0.026715 0.999021 -1.227300 0.000000 0.000000 0.000000 1.000000
0.997950 -0.047622 -0.042747 0.000900 0.048709 0.998506 0.024746 9.923500 0.041505 -0.026777 0.998779 -1.227300 0.000000 0.000000 0.000000 1.000000
0.997462 -0.051909 -0.048730 0.000900 0.052894 0.998417 0.019144 9.923500 0.047659 -0.021673 0.998629 -1.227300 0.000000 0.000000 0.000000 1.000000
0.997005 -0.054980 -0.054392 0.000900 0.055708 0.998376 0.011953 9.923500 0.053646 -0.014947 0.998448 -1.227300 0.000000 0.000000 0.000000 1.000000
0.996525 -0.057892 -0.059884 0.000900 0.058315 0.998284 0.005353 9.923500 0.059471 -0.008826 0.998191 -1.227300 0.000000 0.000000 0.000000 1.000000
0.996211 -0.059815 -0.063134 0.000900 0.060114 0.998187 0.002853 9.923500 0.062849 -0.006637 0.998001 -1.227300 0.000000 0.000000 0.000000 1.000000
0.996002 -0.062944 -0.063385 0.000900 0.063119 0.998006 0.000753 9.923500 0.063212 -0.004751 0.997989 -1.227300 0.000000 0.000000 0.000000 1.000000
0.996152 -0.062485 -0.061456 0.000900 0.062740 0.998027 0.002218 9.923500 0.061196 -0.006065 0.998107 -1.227300 0.000000 0.000000 0.000000 1.000000
0.996456 -0.060203 -0.058739 0.000900 0.060683 0.998136 0.006434 9.923500 0.058242 -0.009975 0.998253 -1.227300 0.000000 0.000000 0.000000 1.000000
0.996837 -0.056669 -0.055721 0.000900 0.057371 0.998291 0.011081 9.923500 0.054998 -0.014243 0.998385 -1.227300 0.000000 0.000000 0.000000 1.000000
0.997228 -0.055115 -0.049986 0.000900 0.055931 0.998321 0.015073 9.923500 0.049071 -0.017827 0.998636 -1.227300 0.000000 0.000000 0.000000 1.000000
0.997546 -0.052472 -0.046364 0.000900 0.053369 0.998407 0.018333 9.923500 0.045329 -0.020762 0.998756 -1.227300 0.000000 0.000000 0.000000 1.000000
0.997919 -0.049880 -0.040870 0.000900 0.050727 0.998513 0.019963 9.923500 0.039813 -0.021995 0.998965 -1.227300 0.000000 0.000000 0.000000 1.000000
0.998324 -0.046516 -0.034425 0.000900 0.047179 0.998711 0.018711 9.923500 0.033510 -0.020304 0.999232 -1.227300 0.000000 0.000000 0.000000 1.000000
0.998690 -0.043309 -0.027254 0.000900 0.043682 0.998958 0.013236 9.923500 0.026652 -0.014409 0.999541 -1.227300 0.000000 0.000000 0.000000 1.000000
0.998950 -0.041395 -0.019650 0.000900 0.041523 0.999119 0.006145 9.923500 0.019378 -0.006955 0.999788 -1.227300 0.000000 0.000000 0.000000 1.000000
0.999156 -0.038123 -0.015288 0.000900 0.038168 0.999268 0.002668 9.923500 0.015175 -0.003249 0.999880 -1.227300 0.000000 0.000000 0.000000 1.000000
0.999361 -0.033881 -0.011407 0.000900 0.033932 0.999415 0.004385 9.923500 0.011252 -0.004769 0.999925 -1.227300 0.000000 0.000000 0.000000 1.000000
0.999482 -0.030562 -0.010063 0.000900 0.030689 0.999449 0.012642 9.923500 0.009671 -0.012945 0.999869 -1.227300 0.000000 0.000000 0.000000 1.000000
0.999458 -0.030787 -0.011671 0.000900 0.031023 0.999306 0.020622 9.923500 0.011028 -0.020973 0.999719 -1.227300 0.000000 0.000000 0.000000 1.000000
0.999427 -0.029959 -0.015783 0.000900 0.030423 0.999086 0.030025 9.923500 0.014869 -0.030488 0.999425 -1.227300 0.000000 0.000000 0.000000 1.000000
0.999349 -0.029276 -0.021062 0.000900 0.030063 0.998823 0.038056 9.923500 0.019923 -0.038665 0.999054 -1.227300 0.000000 0.000000 0.000000 1.000000
0.999271 -0.028359 -0.025555 0.000900 0.029437 0.998648 0.042836 9.923500 0.024305 -0.043557 0.998755 -1.227300 0.000000 0.000000 0.000000 1.000000
0.999192 -0.028083 -0.028741 0.000900 0.029338 0.998590 0.044239 9.923500 0.027458 -0.045046 0.998607 -1.227300 0.000000 0.000000 0.000000 1.000000
0.999082 -0.030586 -0.029997 0.000900 0.031806 0.998651 0.041054 9.923500 0.028701 -0.041970 0.998707 -1.227300 0.000000 0.000000 0.000000 1.000000
0.999063 -0.033224 -0.027738 0.000900 0.034175 0.998819 0.034535 9.923500 0.026558 -0.035451 0.999018 -1.227300 0.000000 0.000000 0.000000 1.000000
0.999068 -0.035449 -0.024618 0.000900 0.036086 0.999013 0.025913 9.923500 0.023675 -0.026778 0.999361 -1.227300 0.000000 0.000000 0.000000 1.000000
0.999079 -0.037448 -0.020926 0.000900 0.037841 0.999108 0.018727 9.923500 0.020206 -0.019501 0.999606 -1.227300 0.000000 0.000000 0.000000 1.000000
0.999035 -0.040052 -0.018024 0.000900 0.040341 0.999059 0.015948 9.923500 0.017369 -0.016660 0.999710 -1.227300 0.000000 0.000000 0.000000 1.000000
0.998939 -0.042936 -0.016658 0.000900 0.043208 0.998932 0.016382 9.923500 0.015937 -0.017084 0.999727 -1.227300 0.000000 0.000000 0.000000 1.000000
0.998888 -0.043789 -0.017485 0.000900 0.044170 0.998781 0.022042 9.923500 0.016499 -0.022790 0.999604 -1.227300 0.000000 0.000000 0.000000 1.000000
0.998933 -0.043102 -0.016610 0.000900 0.043570 0.998631 0.028947 9.923500 0.015340 -0.029639 0.999443 -1.227300 0.000000 0.000000 0.000000 1.000000
0.999006 -0.041883 -0.015256 0.000900 0.042420 0.998422 0.036802 9.923500 0.013691 -0.037413 0.999206 -1.227300 0.000000 0.000000 0.000000 1.000000
0.999053 -0.040988 -0.014569 0.000900 0.041571 0.998241 0.042280 9.923500 0.012811 -0.042845 0.999000 -1.227300 0.000000 0.000000 0.000000 1.000000
0.999077 -0.040362 -0.014680 0.000900 0.040985 0.998148 0.044959 9.923500 0.012839 -0.045520 0.998881 -1.227300 0.000000 0.000000 0.000000 1.000000
0.999054 -0.040183 -0.016601 0.000900 0.040879 0.998197 0.043943 9.923500 0.014805 -0.044580 0.998896 -1.227300 0.000000 0.000000 0.000000 1.000000
0.999085 -0.039755 -0.015750 0.000900 0.040314 0.998502 0.036984 9.923500 0.014256 -0.037585 0.999192 -1.227300 0.000000 0.000000 0.000000 1.000000
0.999132 -0.040206 -0.010903 0.000900 0.040466 0.998875 0.024727 9.923500 0.009896 -0.025147 0.999635 -1.227300 0.000000 0.000000 0.000000 1.000000
0.999219 -0.038778 -0.007596 0.000900 0.038887 0.999134 0.014819 9.923500 0.007015 -0.015103 0.999861 -1.227300 0.000000 0.000000 0.000000 1.000000
0.999384 -0.034609 -0.005889 0.000900 0.034674 0.999334 0.011359 9.923500 0.005492 -0.011557 0.999918 -1.227300 0.000000 0.000000 0.000000 1.000000
0.999517 -0.030984 -0.002394 0.000900 0.031015 0.999423 0.013819 9.923500 0.001965 -0.013886 0.999902 -1.227300 0.000000 0.000000 0.000000 1.000000
0.999525 -0.030761 0.001705 0.000900 0.030724 0.999358 0.018405 9.923500 -0.002270 -0.018344 0.999829 -1.227300 0.000000 0.000000 0.000000 1.000000
0.999546 -0.030104 0.001269 0.000900 0.030060 0.999202 0.026286 9.923500 -0.002059 -0.026236 0.999654 -1.227300 0.000000 0.000000 0.000000 1.000000
0.999541 -0.030127 -0.003146 0.000900 0.030217 0.998966 0.033982 9.923500 0.002119 -0.034062 0.999417 -1.227300 0.000000 0.000000 0.000000 1.000000
0.999476 -0.031128 -0.008832 0.000900 0.031453 0.998729 0.039376 9.923500 0.007595 -0.039633 0.999185 -1.227300 0.000000 0.000000 0.000000 1.000000
0.999401 -0.031521 -0.014283 0.000900 0.032108 0.998563 0.042901 9.923500 0.012910 -0.043334 0.998977 -1.227300 0.000000 0.000000 0.000000 1.000000
0.999296 -0.033332 -0.017241 0.000900 0.034060 0.998459 0.043813 9.923500 0.015754 -0.044370 0.998891 -1.227300 0.000000 0.000000 0.000000 1.000000
0.999153 -0.036718 -0.018575 0.000900 0.037444 0.998483 0.040378 9.923500 0.017064 -0.041039 0.999012 -1.227300 0.000000 0.000000 0.000000 1.000000
0.999104 -0.038529 -0.017509 0.000900 0.039110 0.998652 0.034128 9.923500 0.016171 -0.034783 0.999264 -1.227300 0.000000 0.000000 0.000000 1.000000
0.999111 -0.038142 -0.017964 0.000900 0.038639 0.998855 0.028219 9.923500 0.016867 -0.028888 0.999440 -1.227300 0.000000 0.000000 0.000000 1.000000
0.999067 -0.038394 -0.019792 0.000900 0.038865 0.998957 0.023977 9.923500 0.018851 -0.024723 0.999517 -1.227300 0.000000 0.000000 0.000000 1.000000
0.998827 -0.042773 -0.022688 0.000900 0.043260 0.998834 0.021449 9.923500 0.021744 -0.022406 0.999512 -1.227300 0.000000 0.000000 0.000000 1.000000
0.998775 -0.043035 -0.024444 0.000900 0.043654 0.998724 0.025396 9.923500 0.023320 -0.026432 0.999379 -1.227300 0.000000 0.000000 0.000000 1.000000
0.998746 -0.043457 -0.024874 0.000900 0.044229 0.998528 0.031409 9.923500 0.023473 -0.032470 0.999197 -1.227300 0.000000 0.000000 0.000000 1.000000
0.998719 -0.043579 -0.025695 0.000900 0.044576 0.998222 0.039575 9.923500 0.023925 -0.040670 0.998886 -1.227300 0.000000 0.000000 0.000000 1.000000
0.998729 -0.043891 -0.024787 0.000900 0.045046 0.997823 0.048162 9.923500 0.022619 -0.049218 0.998532 -1.227300 0.000000 0.000000 0.000000 1.000000
0.998739 -0.043648 -0.024811 0.000900 0.044916 0.997577 0.053123 9.923500 0.022432 -0.054170 0.998280 -1.227300 0.000000 0.000000 0.000000 1.000000
0.998728 -0.043902 -0.024785 0.000900 0.045187 0.997524 0.053885 9.923500 0.022358 -0.054936 0.998240 -1.227300 0.000000 0.000000 0.000000 1.000000
0.998765 -0.043739 -0.023557 0.000900 0.044842 0.997814 0.048549 9.923500 0.021382 -0.049545 0.998543 -1.227300 0.000000 0.000000 0.000000 1.000000
0.998937 -0.041949 -0.019119 0.000900 0.042660 0.998349 0.038459 9.923500 0.017474 -0.039234 0.999077 -1.227300 0.000000 0.000000 0.000000 1.000000
0.999015 -0.041935 -0.014492 0.000900 0.042285 0.998798 0.024778 9.923500 0.013436 -0.025366 0.999588 -1.227300 0.000000 0.000000 0.000000 1.000000
0.999142 -0.040010 -0.010665 0.000900 0.040143 0.999114 0.012629 9.923500 0.010150 -0.013046 0.999863 -1.227300 0.000000 0.000000 0.000000 1.000000
0.999246 -0.038038 -0.007810 0.000900 0.038081 0.999260 0.005340 9.923500 0.007601 -0.005634 0.999955 -1.227300 0.000000 0.000000 0.000000 1.000000
0.999327 -0.035889 -0.007547 0.000900 0.035932 0.999338 0.005682 9.923500 0.007338 -0.005949 0.999955 -1.227300 0.000000 0.000000 0.000000 1.000000
0.999322 -0.036103 -0.007211 0.000900 0.036169 0.999303 0.009271 9.923500 0.006871 -0.009525 0.999931 -1.227300 0.000000 0.000000 0.000000 1.000000
0.999294 -0.036702 -0.008018 0.000900 0.036824 0.999198 0.015707 9.923500 0.007436 -0.015991 0.999844 -1.227300 0.000000 0.000000 0.000000 1.000000
0.999233 -0.037637 -0.010764 0.000900 0.037875 0.999022 0.022808 9.923500 0.009895 -0.023198 0.999682 -1.227300 0.000000 0.000000 0.000000 1.000000
0.999141 -0.038723 -0.014774 0.000900 0.039108 0.998877 0.026734 9.923500 0.013722 -0.027289 0.999533 -1.227300 0.000000 0.000000 0.000000 1.000000
0.998899 -0.042571 -0.019696 0.000900 0.043068 0.998745 0.025565 9.923500 0.018582 -0.026385 0.999479 -1.227300 0.000000 0.000000 0.000000 1.000000
0.998571 -0.047653 -0.024186 0.000900 0.048124 0.998656 0.019245 9.923500 0.023237 -0.020382 0.999522 -1.227300 0.000000 0.000000 0.000000 1.000000
0.998370 -0.051131 -0.025348 0.000900 0.051399 0.998628 0.010050 9.923500 0.024800 -0.011336 0.999628 -1.227300 0.000000 0.000000 0.000000 1.000000
0.998228 -0.054217 -0.024534 0.000900 0.054223 0.998529 -0.000417 9.923500 0.024520 -0.000914 0.999699 -1.227300 0.000000 0.000000 0.000000 1.000000
0.998028 -0.058250 -0.023396 0.000900 0.058059 0.998275 -0.008779 9.923500 0.023867 0.007403 0.999688 -1.227300 0.000000 0.000000 0.000000 1.000000
0.997850 -0.061293 -0.023216 0.000900 0.061043 0.998071 -0.011317 9.923500 0.023865 0.009875 0.999666 -1.227300 0.000000 0.000000 0.000000 1.000000
0.997682 -0.063055 -0.025586 0.000900 0.062896 0.997996 -0.006984 9.923500 0.025975 0.005358 0.999648 -1.227300 0.000000 0.000000 0.000000 1.000000
0.997594 -0.062588 -0.029800 0.000900 0.062705 0.998028 0.003010 9.923500 0.029553 -0.004871 0.999551 -1.227300 0.000000 0.000000 0.000000 1.000000
0.997603 -0.060922 -0.032808 0.000900 0.061422 0.998007 0.014474 9.923500 0.031860 -0.016454 0.999357 -1.227300 0.000000 0.000000 0.000000 1.000000
0.997789 -0.058412 -0.031703 0.000900 0.059267 0.997884 0.026729 9.923500 0.030075 -0.028549 0.999140 -1.227300 0.000000 0.000000 0.000000 1.000000
0.997928 -0.057046 -0.029764 0.000900 0.058082 0.997690 0.035218 9.923500 0.027687 -0.036874 0.998936 -1.227300 0.000000 0.000000 0.000000 1.000000
0.998116 -0.054473 -0.028237 0.000900 0.055560 0.997683 0.039275 9.923500 0.026032 -0.040770 0.998829 -1.227300 0.000000 0.000000 0.000000 1.000000
0.998350 -0.052031 -0.024299 0.000900 0.052856 0.998001 0.034649 9.923500 0.022448 -0.035876 0.999104 -1.227300 0.000000 0.000000 0.000000 1.000000
0.998492 -0.050347 -0.021889 0.000900 0.050851 0.998438 0.023146 9.923500 0.020689 -0.024225 0.999492 -1.227300 0.000000 0.000000 0.000000 1.000000
0.998566 -0.049194 -0.021118 0.000900 0.049430 0.998719 0.010839 9.923500 0.020557 -0.011867 0.999718 -1.227300 0.000000 0.000000 0.000000 1.000000
0.998677 -0.046648 -0.021620 0.000900 0.046754 0.998897 0.004388 9.923500 0.021392 -0.005393 0.999757 -1.227300 0.000000 0.000000 0.000000 1.000000</float_array>
        <technique_common>
          <accessor source="#mixamorig_Spine-Matrix-animation-output-transform-array" count="90" stride="16">
            <param type="float4x4"/>
          </accessor>
        </technique_common>
      </source>
      <source id="mixamorig_Spine-Interpolations">
        <Name_array id="mixamorig_Spine-Interpolations-array" count="90">
 LINEAR LINEAR LINEAR LINEAR LINEAR LINEAR LINEAR LINEAR LINEAR LINEAR LINEAR
LINEAR LINEAR LINEAR LINEAR LINEAR LINEAR LINEAR LINEAR LINEAR LINEAR LINEAR LINEAR
LINEAR LINEAR LINEAR LINEAR LINEAR LINEAR LINEAR LINEAR LINEAR LINEAR LINEAR LINEAR
LINEAR LINEAR LINEAR LINEAR LINEAR LINEAR LINEAR LINEAR LINEAR LINEAR LINEAR LINEAR
LINEAR LINEAR LINEAR LINEAR LINEAR LINEAR LINEAR LINEAR LINEAR LINEAR LINEAR LINEAR
LINEAR LINEAR LINEAR LINEAR LINEAR LINEAR LINEAR LINEAR LINEAR LINEAR LINEAR LINEAR
LINEAR LINEAR LINEAR LINEAR LINEAR LINEAR LINEAR LINEAR LINEAR LINEAR LINEAR LINEAR
LINEAR LINEAR LINEAR LINEAR LINEAR LINEAR LINEAR</Name_array>
        <technique_common>
          <accessor source="#mixamorig_Spine-Interpolations-array" count="90">
            <param type="name"/>
          </accessor>
        </technique_common>
      </source>
      <sampler id="mixamorig_Spine-Matrix-animation-transform">
        <input semantic="INPUT" source="#mixamorig_Spine-Matrix-animation-input"/>
        <input semantic="OUTPUT" source="#mixamorig_Spine-Matrix-animation-output-transform"/>
        <input semantic="INTERPOLATION" source="#mixamorig_Spine-Interpolations"/>
      </sampler>
      <channel source="#mixamorig_Spine-Matrix-animation-transform" target="mixamorig_Spine/matrix"/>
    </animation>
    <animation id="mixamorig_Spine1-anim" name="mixamorig_Spine1">
      <source id="mixamorig_Spine1-Matrix-animation-input">
        <float_array id="mixamorig_Spine1-Matrix-animation-input-array" count="90">

0.000000 0.033333 0.066667 0.100000 0.133333 0.166667 0.200000 0.233333 0.266667 0.300000 0.333333 0.366667 0.400000 0.433333 0.466667 0.500000
0.533333 0.566667 0.600000 0.633333 0.666667 0.700000 0.733333 0.766667 0.800000 0.833333 0.866667 0.900000 0.933333 0.966667 1.000000 1.033333
1.066667 1.100000 1.133333 1.166667 1.200000 1.233333 1.266667 1.300000 1.333333 1.366667 1.400000 1.433333 1.466667 1.500000 1.533333 1.566667
1.600000 1.633333 1.666667 1.700000 1.733333 1.766667 1.800000 1.833333 1.866667 1.900000 1.933333 1.966667 2.000000 2.033333 2.066667 2.100000
2.133333 2.166667 2.200000 2.233333 2.266667 2.300000 2.333333 2.366667 2.400000 2.433333 2.466667 2.500000 2.533333 2.566667 2.600000 2.633333
2.666667 2.700000 2.733333 2.766667 2.800000 2.833333 2.866667 2.900000 2.933333 2.966667</float_array>
        <technique_common>
          <accessor source="#mixamorig_Spine1-Matrix-animation-input-array" count="90">
            <param name="TIME" type="float"/>
          </accessor>
        </technique_common>
      </source>
      <source id="mixamorig_Spine1-Matrix-animation-output-transform">
        <float_array id="mixamorig_Spine1-Matrix-animation-output-transform-array" count="1440">

0.995411 -0.088154 -0.037232 -0.000000 0.077132 0.969397 -0.233068 11.732000 0.056638 0.229126 0.971748 0.000000 0.000000 0.000000 0.000000 1.000000
0.995445 -0.088459 -0.035567 0.000000 0.077742 0.969050 -0.234304 11.732000 0.055192 0.230472 0.971513 -0.000000 0.000000 0.000000 0.000000 1.000000
0.995441 -0.088759 -0.034927 0.000000 0.078192 0.969060 -0.234113 11.732000 0.054626 0.230315 0.971582 -0.000000 0.000000 0.000000 0.000000 1.000000
0.995407 -0.088918 -0.035475 0.000000 0.078274 0.969282 -0.233163 11.732000 0.055117 0.229315 0.971790 0.000000 0.000000 0.000000 0.000000 1.000000
0.995399 -0.088429 -0.036881 -0.000000 0.077567 0.969717 -0.231587 11.732000 0.056244 0.227661 0.972115 0.000000 0.000000 0.000000 0.000000 1.000000
0.995374 -0.087900 -0.038776 0.000000 0.076734 0.970242 -0.229657 11.732000 0.057809 0.225619 0.972499 0.000000 0.000000 0.000000 0.000000 1.000000
0.995328 -0.087337 -0.041154 0.000000 0.075724 0.970615 -0.228412 11.732000 0.059893 0.224229 0.972694 -0.000000 0.000000 0.000000 0.000000 1.000000
0.995310 -0.086706 -0.042899 0.000000 0.074766 0.970874 -0.227628 11.732000 0.061387 0.223353 0.972803 0.000000 0.000000 0.000000 0.000000 1.000000
0.995253 -0.086555 -0.044491 0.000000 0.074250 0.970868 -0.227820 11.732000 0.062913 0.223435 0.972686 -0.000000 0.000000 0.000000 0.000000 1.000000
0.995154 -0.086915 -0.045988 0.000000 0.074183 0.970580 -0.229068 11.732000 0.064545 0.224546 0.972324 0.000000 0.000000 0.000000 0.000000 1.000000
0.995044 -0.087396 -0.047437 -0.000000 0.074228 0.970233 -0.230518 11.732000 0.066172 0.225855 0.971911 -0.000000 0.000000 0.000000 0.000000 1.000000
0.994957 -0.087920 -0.048267 0.000000 0.074483 0.969981 -0.231495 11.732000 0.067172 0.226733 0.971638 0.000000 0.000000 0.000000 0.000000 1.000000
0.994901 -0.088580 -0.048224 -0.000000 0.075073 0.969720 -0.232396 11.732000 0.067350 0.227591 0.971425 -0.000000 0.000000 0.000000 0.000000 1.000000
0.994942 -0.088400 -0.047697 0.000000 0.075001 0.969663 -0.232655 11.732000 0.066817 0.227901 0.971389 0.000000 0.000000 0.000000 0.000000 1.000000
0.995031 -0.087771 -0.047012 0.000000 0.074570 0.969787 -0.232276 11.732000 0.065978 0.227616 0.971513 0.000000 0.000000 0.000000 0.000000 1.000000
0.995121 -0.087125 -0.046289 0.000000 0.074156 0.969998 -0.231527 11.732000 0.065072 0.226964 0.971727 -0.000000 0.000000 0.000000 0.000000 1.000000
0.995203 -0.087001 -0.044731 0.000000 0.074434 0.970137 -0.230855 11.732000 0.063480 0.226419 0.971959 0.000000 0.000000 0.000000 0.000000 1.000000
0.995253 -0.086905 -0.043805 0.000000 0.074601 0.970312 -0.230063 11.732000 0.062498 0.225703 0.972189 -0.000000 0.000000 0.000000 0.000000 1.000000
0.995321 -0.086833 -0.042376 -0.000000 0.074882 0.970395 -0.229623 11.732000 0.061061 0.225376 0.972357 0.000000 0.000000 0.000000 0.000000 1.000000
0.995397 -0.086754 -0.040728 0.000000 0.075173 0.970355 -0.229694 11.732000 0.059448 0.225575 0.972410 0.000000 0.000000 0.000000 0.000000 1.000000
0.995495 -0.086464 -0.038900 0.000000 0.075230 0.970053 -0.230949 11.732000 0.057704 0.226982 0.972188 0.000000 0.000000 0.000000 0.000000 1.000000
0.995556 -0.086646 -0.036899 0.000000 0.075746 0.969527 -0.232981 11.732000 0.055961 0.229150 0.971781 0.000000 0.000000 0.000000 0.000000 1.000000
0.995638 -0.086161 -0.035808 0.000000 0.075399 0.969020 -0.235192 11.732000 0.054963 0.231466 0.971289 0.000000 0.000000 0.000000 0.000000 1.000000
0.995729 -0.085482 -0.034882 -0.000000 0.074891 0.968791 -0.236295 11.732000 0.053993 0.232673 0.971055 0.000000 0.000000 0.000000 0.000000 1.000000
0.995808 -0.084669 -0.034607 0.000000 0.074207 0.969029 -0.235532 11.732000 0.053478 0.231977 0.971250 0.000000 0.000000 0.000000 0.000000 1.000000
0.995804 -0.084563 -0.034986 0.000000 0.074093 0.969376 -0.234137 11.732000 0.053713 0.230563 0.971574 0.000000 0.000000 0.000000 0.000000 1.000000
0.995772 -0.084461 -0.036124 -0.000000 0.073864 0.969963 -0.231768 11.732000 0.054615 0.228120 0.972100 0.000000 0.000000 0.000000 0.000000 1.000000
0.995729 -0.084333 -0.037584 -0.000000 0.073543 0.970553 -0.229387 11.732000 0.055823 0.225643 0.972609 0.000000 0.000000 0.000000 0.000000 1.000000
0.995693 -0.084175 -0.038847 0.000000 0.073204 0.970984 -0.227667 11.732000 0.056883 0.223842 0.972964 -0.000000 0.000000 0.000000 0.000000 1.000000
0.995668 -0.084036 -0.039790 0.000000 0.072915 0.971236 -0.226679 11.732000 0.057694 0.222796 0.973156 0.000000 0.000000 0.000000 0.000000 1.000000
0.995637 -0.084268 -0.040074 0.000000 0.073063 0.971168 -0.226923 11.732000 0.058041 0.223005 0.973088 0.000000 0.000000 0.000000 0.000000 1.000000
0.995596 -0.085078 -0.039377 0.000000 0.073919 0.970746 -0.228449 11.732000 0.057661 0.224532 0.972759 -0.000000 0.000000 0.000000 0.000000 1.000000
0.995557 -0.085929 -0.038492 -0.000000 0.074818 0.970152 -0.230666 11.732000 0.057164 0.226761 0.972271 -0.000000 0.000000 0.000000 0.000000 1.000000
