<?xml version="1.0" encoding="utf-8"?>
<COLLADA xmlns="http://www.collada.org/2005/11/COLLADASchema" version="1.4.1">
  <asset>
    <contributor>
      <author>Mixamo</author>
      <authoring_tool>COLLADA Mixamo exporter</authoring_tool>
      <comments/>
    </contributor>
    <created>2025-02-09T19:16:31Z</created>
    <modified>2025-02-09T19:16:31Z</modified>
    <revision/>
    <title/>
    <unit meter="0.010000"/>
    <up_axis>Y_UP</up_axis>
  </asset>
  <library_animations>
    <animation id="mixamorig_Hips-anim" name="mixamorig_Hips">
      <source id="mixamorig_Hips-Matrix-animation-input">
        <float_array id="mixamorig_Hips-Matrix-animation-input-array" count="33">

0.000000 0.033333 0.066667 0.100000 0.133333 0.166667 0.200000 0.233333 0.266667 0.300000 0.333333 0.366667 0.400000 0.433333 0.466667 0.500000
0.533333 0.566667 0.600000 0.633333 0.666667 0.700000 0.733333 0.766667 0.800000 0.833333 0.866667 0.900000 0.933333 0.966667 1.000000 1.033333
1.066667</float_array>
        <technique_common>
          <accessor source="#mixamorig_Hips-Matrix-animation-input-array" count="33">
            <param name="TIME" type="float"/>
          </accessor>
        </technique_common>
      </source>
      <source id="mixamorig_Hips-Matrix-animation-output-transform">
        <float_array id="mixamorig_Hips-Matrix-animation-output-transform-array" count="528">

0.458777 0.044129 -0.887455 0.725363 0.007253 0.998547 0.053402 90.276909 0.888522 -0.030937 0.457790 -0.204050 0.000000 0.000000 0.000000 1.000000
0.465532 0.046452 -0.883811 0.734511 0.005885 0.998437 0.055576 90.267220 0.885011 -0.031074 0.464531 -0.215452 0.000000 0.000000 0.000000 1.000000
0.472158 0.048889 -0.880157 0.756653 0.004234 0.998324 0.057724 90.258057 0.881504 -0.030982 0.471159 -0.246510 0.000000 0.000000 0.000000 1.000000
0.478816 0.051358 -0.876412 0.783882 0.002542 0.998202 0.059884 90.247589 0.877912 -0.030901 0.477825 -0.291013 0.000000 0.000000 0.000000 1.000000
0.485608 0.053906 -0.872513 0.815646 0.000771 0.998070 0.062092 90.235626 0.874176 -0.030825 0.484630 -0.339176 0.000000 0.000000 0.000000 1.000000
0.492445 0.056308 -0.868520 0.850308 -0.000988 0.997941 0.064138 90.222664 0.870343 -0.030726 0.491487 -0.381450 0.000000 0.000000 0.000000 1.000000
0.497460 0.058086 -0.865540 0.882748 -0.002289 0.997840 0.065649 90.208786 0.867484 -0.030676 0.496519 -0.411473 0.000000 0.000000 0.000000 1.000000
0.500014 0.059908 -0.863943 0.917342 -0.003421 0.997733 0.067205 90.193581 0.866010 -0.030648 0.499086 -0.434596 0.000000 0.000000 0.000000 1.000000
0.500365 0.061201 -0.863649 0.950270 -0.004114 0.997655 0.068314 90.177895 0.865805 -0.030629 0.499444 -0.453522 0.000000 0.000000 0.000000 1.000000
0.498920 0.061927 -0.864433 0.980237 -0.004362 0.997611 0.068950 90.163193 0.866637 -0.030630 0.497998 -0.469477 0.000000 0.000000 0.000000 1.000000
0.496507 0.062376 -0.865789 1.008513 -0.004367 0.997582 0.069366 90.150925 0.868022 -0.030660 0.495579 -0.482942 0.000000 0.000000 0.000000 1.000000
0.492933 0.062661 -0.867808 1.035418 -0.004197 0.997563 0.069646 90.138565 0.870057 -0.030688 0.491995 -0.493724 0.000000 0.000000 0.000000 1.000000
0.488947 0.062879 -0.870044 1.061173 -0.003963 0.997548 0.069867 90.126953 0.872305 -0.030713 0.487997 -0.502253 0.000000 0.000000 0.000000 1.000000
0.485618 0.063023 -0.871896 1.085297 -0.003764 0.997539 0.070008 90.117195 0.874163 -0.030715 0.484660 -0.508712 0.000000 0.000000 0.000000 1.000000
0.482746 0.062986 -0.873493 1.106212 -0.003528 0.997542 0.069981 90.109047 0.875753 -0.030701 0.481781 -0.513900 0.000000 0.000000 0.000000 1.000000
0.479701 0.062616 -0.875195 1.122101 -0.003111 0.997565 0.069667 90.102989 0.877426 -0.030697 0.478728 -0.518904 0.000000 0.000000 0.000000 1.000000
0.476638 0.061719 -0.876931 1.131119 -0.002457 0.997622 0.068878 90.097862 0.879096 -0.030675 0.475656 -0.523684 0.000000 0.000000 0.000000 1.000000
0.473886 0.060621 -0.878497 1.134261 -0.001740 0.997690 0.067907 90.093315 0.880584 -0.030651 0.472897 -0.528234 0.000000 0.000000 0.000000 1.000000
0.471812 0.059432 -0.879694 1.131600 -0.001045 0.997763 0.066848 90.089966 0.881699 -0.030621 0.470818 -0.531131 0.000000 0.000000 0.000000 1.000000
0.470516 0.058173 -0.880472 1.121776 -0.000393 0.997838 0.065717 90.087097 0.882391 -0.030575 0.469521 -0.531443 0.000000 0.000000 0.000000 1.000000
0.469498 0.056839 -0.881102 1.102810 0.000282 0.997916 0.064525 90.086952 0.882934 -0.030543 0.468503 -0.529883 0.000000 0.000000 0.000000 1.000000
0.468511 0.055473 -0.881714 1.076237 0.000979 0.997994 0.063309 90.089378 0.883457 -0.030524 0.467516 -0.525958 0.000000 0.000000 0.000000 1.000000
0.467508 0.054089 -0.882332 1.043686 0.001689 0.998070 0.062079 90.093437 0.883987 -0.030512 0.466515 -0.518697 0.000000 0.000000 0.000000 1.000000
0.466450 0.052700 -0.882976 1.006729 0.002408 0.998144 0.060846 90.099121 0.884544 -0.030508 0.465458 -0.507372 0.000000 0.000000 0.000000 1.000000
0.465299 0.051307 -0.883665 0.966701 0.003155 0.998216 0.059620 90.112228 0.885148 -0.030529 0.464307 -0.492213 0.000000 0.000000 0.000000 1.000000
0.464005 0.049934 -0.884424 0.925061 0.003903 0.998285 0.058410 90.131996 0.885824 -0.030554 0.463014 -0.469674 0.000000 0.000000 0.000000 1.000000
0.462379 0.048594 -0.885350 0.882889 0.004683 0.998349 0.057242 90.155914 0.886670 -0.030614 0.461388 -0.433152 0.000000 0.000000 0.000000 1.000000
0.460274 0.047333 -0.886514 0.842280 0.005452 0.998408 0.056139 90.183426 0.887760 -0.030673 0.459283 -0.387466 0.000000 0.000000 0.000000 1.000000
0.458052 0.046170 -0.887725 0.805107 0.006170 0.998461 0.055113 90.211128 0.888904 -0.030722 0.457062 -0.337566 0.000000 0.000000 0.000000 1.000000
0.456313 0.045117 -0.888675 0.772203 0.006816 0.998507 0.054193 90.235916 0.889793 -0.030786 0.455325 -0.288934 0.000000 0.000000 0.000000 1.000000
0.455682 0.044218 -0.889044 0.745460 0.007321 0.998546 0.053416 90.256088 0.890113 -0.030849 0.454695 -0.246793 0.000000 0.000000 0.000000 1.000000
0.456603 0.043816 -0.888591 0.728918 0.007491 0.998562 0.053088 90.270172 0.889639 -0.030896 0.455618 -0.216499 0.000000 0.000000 0.000000 1.000000
0.458776 0.044129 -0.887455 0.725343 0.007253 0.998547 0.053402 90.276901 0.888522 -0.030936 0.457790 -0.204050 0.000000 0.000000 0.000000 1.000000</float_array>
        <technique_common>
          <accessor source="#mixamorig_Hips-Matrix-animation-output-transform-array" count="33" stride="16">
            <param type="float4x4"/>
          </accessor>
        </technique_common>
      </source>
      <source id="mixamorig_Hips-Interpolations">
        <Name_array id="mixamorig_Hips-Interpolations-array" count="33">
 LINEAR LINEAR LINEAR LINEAR LINEAR LINEAR LINEAR LINEAR LINEAR LINEAR LINEAR
LINEAR LINEAR LINEAR LINEAR LINEAR LINEAR LINEAR LINEAR LINEAR LINEAR LINEAR LINEAR
LINEAR LINEAR LINEAR LINEAR LINEAR LINEAR LINEAR LINEAR LINEAR LINEAR</Name_array>
        <technique_common>
          <accessor source="#mixamorig_Hips-Interpolations-array" count="33">
            <param type="name"/>
          </accessor>
        </technique_common>
      </source>
      <sampler id="mixamorig_Hips-Matrix-animation-transform">
        <input semantic="INPUT" source="#mixamorig_Hips-Matrix-animation-input"/>
        <input semantic="OUTPUT" source="#mixamorig_Hips-Matrix-animation-output-transform"/>
        <input semantic="INTERPOLATION" source="#mixamorig_Hips-Interpolations"/>
      </sampler>
      <channel source="#mixamorig_Hips-Matrix-animation-transform" target="mixamorig_Hips/matrix"/>
    </animation>
    <animation id="mixamorig_Spine-anim" name="mixamorig_Spine">
      <source id="mixamorig_Spine-Matrix-animation-input">
        <float_array id="mixamorig_Spine-Matrix-animation-input-array" count="33">

0.000000 0.033333 0.066667 0.100000 0.133333 0.166667 0.200000 0.233333 0.266667 0.300000 0.333333 0.366667 0.400000 0.433333 0.466667 0.500000
0.533333 0.566667 0.600000 0.633333 0.666667 0.700000 0.733333 0.766667 0.800000 0.833333 0.866667 0.900000 0.933333 0.966667 1.000000 1.033333
1.066667</float_array>
        <technique_common>
          <accessor source="#mixamorig_Spine-Matrix-animation-input-array" count="33">
            <param name="TIME" type="float"/>
          </accessor>
        </technique_common>
      </source>
      <source id="mixamorig_Spine-Matrix-animation-output-transform">
        <float_array id="mixamorig_Spine-Matrix-animation-output-transform-array" count="528">

0.990437 0.059680 0.124387 0.017300 -0.004391 0.914773 -0.403944 10.574800 -0.137894 0.399535 0.906288 -1.117200 0.000000 0.000000 0.000000 1.000000
0.990456 0.059850 0.124153 0.017300 -0.004639 0.914759 -0.403974 10.574800 -0.137748 0.399542 0.906306 -1.117200 0.000000 0.000000 0.000000 1.000000
0.990506 0.059511 0.123920 0.017300 -0.004397 0.914692 -0.404128 10.574800 -0.137398 0.399746 0.906270 -1.117200 0.000000 0.000000 0.000000 1.000000
0.990581 0.059050 0.123539 0.017300 -0.004083 0.914568 -0.404411 10.574800 -0.136865 0.400098 0.906195 -1.117200 0.000000 0.000000 0.000000 1.000000
0.990673 0.058549 0.123038 0.017300 -0.003758 0.914374 -0.404854 10.574800 -0.136206 0.400616 0.906066 -1.117200 0.000000 0.000000 0.000000 1.000000
0.990775 0.058073 0.122445 0.017300 -0.003470 0.914105 -0.405463 10.574800 -0.135474 0.401298 0.905873 -1.117200 0.000000 0.000000 0.000000 1.000000
0.990879 0.057762 0.121751 0.017300 -0.003345 0.913744 -0.406277 10.574800 -0.134717 0.402164 0.905602 -1.117200 0.000000 0.000000 0.000000 1.000000
0.990978 0.057609 0.121015 0.017300 -0.003335 0.913228 -0.407436 10.574800 -0.133986 0.403357 0.905180 -1.117200 0.000000 0.000000 0.000000 1.000000
0.991053 0.057913 0.120250 0.017300 -0.003605 0.912246 -0.409626 10.574800 -0.133420 0.405528 0.904293 -1.117200 0.000000 0.000000 0.000000 1.000000
0.991100 0.058713 0.119474 0.017300 -0.004258 0.911006 -0.412370 10.574800 -0.133053 0.408191 0.903148 -1.117200 0.000000 0.000000 0.000000 1.000000
0.991137 0.059648 0.118700 0.017300 -0.005065 0.909844 -0.414920 10.574800 -0.132747 0.410641 0.902082 -1.117200 0.000000 0.000000 0.000000 1.000000
0.991167 0.060616 0.117957 0.017300 -0.005884 0.908656 -0.417505 10.574800 -0.132490 0.413123 0.900986 -1.117200 0.000000 0.000000 0.000000 1.000000
0.991189 0.061583 0.117267 0.017300 -0.006665 0.907411 -0.420192 10.574800 -0.132286 0.415708 0.899826 -1.117200 0.000000 0.000000 0.000000 1.000000
0.991202 0.062490 0.116673 0.017300 -0.007362 0.906190 -0.422807 10.574800 -0.132149 0.418229 0.898678 -1.117200 0.000000 0.000000 0.000000 1.000000
0.991219 0.063292 0.116102 0.017300 -0.007991 0.905074 -0.425178 10.574800 -0.131991 0.420517 0.897632 -1.117200 0.000000 0.000000 0.000000 1.000000
0.991251 0.063966 0.115458 0.017300 -0.008594 0.904146 -0.427136 10.574800 -0.131713 0.422407 0.896785 -1.117200 0.000000 0.000000 0.000000 1.000000
0.991299 0.064439 0.114776 0.017300 -0.009123 0.903509 -0.428471 10.574800 -0.131311 0.423696 0.896236 -1.117200 0.000000 0.000000 0.000000 1.000000
0.991367 0.064612 0.114090 0.017300 -0.009532 0.903365 -0.428767 10.574800 -0.130769 0.423978 0.896182 -1.117200 0.000000 0.000000 0.000000 1.000000
0.991448 0.064508 0.113444 0.017300 -0.009767 0.903529 -0.428416 10.574800 -0.130136 0.423644 0.896432 -1.117200 0.000000 0.000000 0.000000 1.000000
0.991536 0.064167 0.112865 0.017300 -0.009798 0.903831 -0.427778 10.574800 -0.129460 0.423052 0.896810 -1.117200 0.000000 0.000000 0.000000 1.000000
0.991614 0.063784 0.112394 0.017300 -0.009799 0.904317 -0.426749 10.574800 -0.128860 0.422069 0.897359 -1.117200 0.000000 0.000000 0.000000 1.000000
0.991682 0.063313 0.112062 0.017300 -0.009743 0.905078 -0.425134 10.574800 -0.128341 0.420506 0.898167 -1.117200 0.000000 0.000000 0.000000 1.000000
0.991740 0.062653 0.111917 0.017300 -0.009530 0.906158 -0.422833 10.574800 -0.127906 0.418274 0.899270 -1.117200 0.000000 0.000000 0.000000 1.000000
0.991787 0.061580 0.112096 0.017300 -0.008872 0.907469 -0.420025 10.574800 -0.127589 0.415581 0.900563 -1.117200 0.000000 0.000000 0.000000 1.000000
0.991813 0.059977 0.112736 0.017300 -0.007568 0.908892 -0.416962 10.574800 -0.127473 0.412695 0.901905 -1.117200 0.000000 0.000000 0.000000 1.000000
0.991811 0.058355 0.113603 0.017300 -0.006143 0.910275 -0.413960 10.574800 -0.127566 0.409872 0.903179 -1.117200 0.000000 0.000000 0.000000 1.000000
0.991760 0.057350 0.114554 0.017300 -0.005197 0.911475 -0.411324 10.574800 -0.128002 0.407339 0.904262 -1.117200 0.000000 0.000000 0.000000 1.000000
0.991639 0.057231 0.115657 0.017300 -0.004972 0.912552 -0.408931 10.574800 -0.128947 0.404937 0.905207 -1.117200 0.000000 0.000000 0.000000 1.000000
0.991477 0.057371 0.116971 0.017300 -0.004881 0.913550 -0.406698 10.574800 -0.130191 0.402661 0.906043 -1.117200 0.000000 0.000000 0.000000 1.000000
0.991241 0.057943 0.118674 0.017300 -0.004956 0.914295 -0.405019 10.574800 -0.131971 0.400884 0.906574 -1.117200 0.000000 0.000000 0.000000 1.000000
0.990898 0.058721 0.121130 0.017300 -0.004799 0.914677 -0.404156 10.574800 -0.134527 0.399897 0.906634 -1.117200 0.000000 0.000000 0.000000 1.000000
0.990577 0.059417 0.123400 0.017300 -0.004556 0.914793 -0.403898 10.574800 -0.136884 0.399530 0.906443 -1.117200 0.000000 0.000000 0.000000 1.000000
0.990433 0.059745 0.124393 0.017300 -0.004456 0.914797 -0.403890 10.574800 -0.137925 0.399472 0.906311 -1.117200 0.000000 0.000000 0.000000 1.000000</float_array>
        <technique_common>
          <accessor source="#mixamorig_Spine-Matrix-animation-output-transform-array" count="33" stride="16">
            <param type="float4x4"/>
          </accessor>
        </technique_common>
      </source>
      <source id="mixamorig_Spine-Interpolations">
        <Name_array id="mixamorig_Spine-Interpolations-array" count="33">
 LINEAR LINEAR LINEAR LINEAR LINEAR LINEAR LINEAR LINEAR LINEAR LINEAR LINEAR
LINEAR LINEAR LINEAR LINEAR LINEAR LINEAR LINEAR LINEAR LINEAR LINEAR LINEAR LINEAR
LINEAR LINEAR LINEAR LINEAR LINEAR LINEAR LINEAR LINEAR LINEAR LINEAR</Name_array>
        <technique_common>
          <accessor source="#mixamorig_Spine-Interpolations-array" count="33">
            <param type="name"/>
          </accessor>
        </technique_common>
      </source>
      <sampler id="mixamorig_Spine-Matrix-animation-transform">
        <input semantic="INPUT" source="#mixamorig_Spine-Matrix-animation-input"/>
        <input semantic="OUTPUT" source="#mixamorig_Spine-Matrix-animation-output-transform"/>
        <input semantic="INTERPOLATION" source="#mixamorig_Spine-Interpolations"/>
      </sampler>
      <channel source="#mixamorig_Spine-Matrix-animation-transform" target="mixamorig_Spine/matrix"/>
    </animation>
    <animation id="mixamorig_Spine1-anim" name="mixamorig_Spine1">
      <source id="mixamorig_Spine1-Matrix-animation-input">
        <float_array id="mixamorig_Spine1-Matrix-animation-input-array" count="33">

0.000000 0.033333 0.066667 0.100000 0.133333 0.166667 0.200000 0.233333 0.266667 0.300000 0.333333 0.366667 0.400000 0.433333 0.466667 0.500000
0.533333 0.566667 0.600000 0.633333 0.666667 0.700000 0.733333 0.766667 0.800000 0.833333 0.866667 0.900000 0.933333 0.966667 1.000000 1.033333
1.066667</float_array>
        <technique_common>
          <accessor source="#mixamorig_Spine1-Matrix-animation-input-array" count="33">
            <param name="TIME" type="float"/>
          </accessor>
        </technique_common>
      </source>
      <source id="mixamorig_Spine1-Matrix-animation-output-transform">
        <float_array id="mixamorig_Spine1-Matrix-animation-output-transform-array" count="528">

0.998894 0.014425 0.044752 -0.000000 -0.006697 0.985724 -0.168236 12.406000 -0.046540 0.167750 0.984730 -0.000000 0.000000 0.000000 0.000000 1.000000
0.998894 0.014424 0.044752 0.000000 -0.006687 0.985689 -0.168444 12.406000 -0.046541 0.167958 0.984695 0.000000 0.000000 0.000000 0.000000 1.000000
0.998894 0.014425 0.044753 0.000000 -0.006657 0.985579 -0.169084 12.406000 -0.046547 0.168599 0.984585 0.000000 0.000000 0.000000 0.000000 1.000000
0.998894 0.014425 0.044755 -0.000000 -0.006609 0.985407 -0.170087 12.406000 -0.046556 0.169603 0.984412 0.000000 0.000000 0.000000 0.000000 1.000000
0.998905 0.014415 0.044512 -0.000000 -0.006579 0.985180 -0.171399 12.406000 -0.046323 0.170918 0.984196 0.000000 0.000000 0.000000 0.000000 1.000000
0.998929 0.014392 0.043985 -0.000000 -0.006574 0.984907 -0.172961 12.406000 -0.045810 0.172486 0.983946 0.000000 0.000000 0.000000 0.000000 1.000000
0.998953 0.014367 0.043425 0.000000 -0.006566 0.984597 -0.174716 12.406000 -0.045266 0.174248 0.983661 0.000000 0.000000 0.000000 0.000000 1.000000
0.998966 0.014355 0.043147 0.000000 -0.006516 0.984259 -0.176612 12.406000 -0.045003 0.176149 0.983334 0.000000 0.000000 0.000000 0.000000 1.000000
0.998970 0.014351 0.043042 0.000000 -0.006440 0.983902 -0.178590 12.406000 -0.044912 0.178129 0.982982 0.000000 0.000000 0.000000 0.000000 1.000000
0.998972 0.014378 0.042985 -0.000000 -0.006385 0.983537 -0.180596 12.406000 -0.044874 0.180135 0.982618 0.000000 0.000000 0.000000 0.000000 1.000000
0.998971 0.014589 0.042934 0.000000 -0.006511 0.983169 -0.182581 12.406000 -0.044875 0.182113 0.982253 0.000000 0.000000 0.000000 0.000000 1.000000
0.998969 0.014834 0.042902 0.000000 -0.006672 0.982813 -0.184484 12.406000 -0.044901 0.184007 0.981899 0.000000 0.000000 0.000000 0.000000 1.000000
0.998966 0.015082 0.042889 -0.000000 -0.006837 0.982479 -0.186248 12.406000 -0.044946 0.185762 0.981566 0.000000 0.000000 0.000000 0.000000 1.000000
0.998963 0.015300 0.042884 0.000000 -0.006980 0.982176 -0.187836 12.406000 -0.044993 0.187342 0.981264 0.000000 0.000000 0.000000 0.000000 1.000000
0.998960 0.015477 0.042878 0.000000 -0.007079 0.981862 -0.189464 12.406000 -0.045033 0.188964 0.980951 0.000000 0.000000 0.000000 0.000000 1.000000
0.998959 0.015584 0.042862 -0.000000 -0.007130 0.981620 -0.190711 12.406000 -0.045046 0.190207 0.980710 0.000000 0.000000 0.000000 0.000000 1.000000
0.998961 0.015620 0.042823 0.000000 -0.007146 0.981504 -0.191308 12.406000 -0.045020 0.190803 0.980595 0.000000 0.000000 0.000000 0.000000 1.000000
0.998963 0.015633 0.042752 0.000000 -0.007175 0.981518 -0.191234 12.406000 -0.044951 0.190729 0.980613 0.000000 0.000000 0.000000 0.000000 1.000000
0.998972 0.015619 0.042565 0.000000 -0.007218 0.981606 -0.190781 12.406000 -0.044762 0.190278 0.980709 0.000000 0.000000 0.000000 0.000000 1.000000
0.998989 0.015578 0.042171 -0.000000 -0.007296 0.981786 -0.189850 12.406000 -0.044360 0.189350 0.980907 0.000000 0.000000 0.000000 0.000000 1.000000
0.999010 0.015519 0.041693 -0.000000 -0.007386 0.982033 -0.188564 12.406000 -0.043870 0.188069 0.981176 0.000000 0.000000 0.000000 0.000000 1.000000
0.999027 0.015425 0.041322 -0.000000 -0.007436 0.982348 -0.186913 12.406000 -0.043475 0.186424 0.981507 0.000000 0.000000 0.000000 0.000000 1.000000
0.999035 0.015316 0.041168 0.000000 -0.007450 0.982743 -0.184826 12.406000 -0.043289 0.184341 0.981909 0.000000 0.000000 0.000000 0.000000 1.000000
0.999038 0.015169 0.041155 0.000000 -0.007397 0.983120 -0.182813 12.406000 -0.043234 0.182333 0.982286 0.000000 0.000000 0.000000 0.000000 1.000000
0.999040 0.014857 0.041200 0.000000 -0.007176 0.983521 -0.180650 12.406000 -0.043205 0.180181 0.982684 0.000000 0.000000 0.000000 0.000000 1.000000
0.999043 0.014430 0.041297 0.000000 -0.006836 0.983931 -0.178421 12.406000 -0.043208 0.177968 0.983087 -0.000000 0.000000 0.000000 0.000000 1.000000
0.999038 0.014042 0.041539 0.000000 -0.006508 0.984330 -0.176216 12.406000 -0.043362 0.175776 0.983475 0.000000 0.000000 0.000000 0.000000 1.000000
0.999027 0.013794 0.041898 0.000000 -0.006294 0.984704 -0.174121 12.406000 -0.043659 0.173688 0.983833 0.000000 0.000000 0.000000 0.000000 1.000000
0.999008 0.013813 0.042337 0.000000 -0.006321 0.985037 -0.172227 12.406000 -0.044082 0.171788 0.984147 0.000000 0.000000 0.000000 0.000000 1.000000
0.998982 0.013839 0.042928 -0.000000 -0.006319 0.985319 -0.170606 12.406000 -0.044659 0.170161 0.984404 0.000000 0.000000 0.000000 0.000000 1.000000
0.998944 0.013877 0.043789 -0.000000 -0.006268 0.985538 -0.169341 12.406000 -0.045505 0.168888 0.984584 0.000000 0.000000 0.000000 0.000000 1.000000
0.998910 0.013911 0.044561 0.000000 -0.006210 0.985679 -0.168516 12.406000 -0.046267 0.168056 0.984691 -0.000000 0.000000 0.000000 0.000000 1.000000
0.998895 0.013926 0.044883 0.000000 -0.006184 0.985731 -0.168215 12.406000 -0.046586 0.167751 0.984728 0.000000 0.000000 0.000000 0.000000 1.000000</float_array>
        <technique_common>
          <accessor source="#mixamorig_Spine1-Matrix-animation-output-transform-array" count="33" stride="16">
            <param type="float4x4"/>
          </accessor>
        </technique_common>
      </source>
      <source id="mixamorig_Spine1-Interpolations">
        <Name_array id="mixamorig_Spine1-Interpolations-array" count="33">
 LINEAR LINEAR LINEAR LINEAR LINEAR LINEAR LINEAR LINEAR LINEAR LINEAR LINEAR
LINEAR LINEAR LINEAR LINEAR LINEAR LINEAR LINEAR LINEAR LINEAR LINEAR LINEAR LINEAR
LINEAR LINEAR LINEAR LINEAR LINEAR LINEAR LINEAR LINEAR LINEAR LINEAR</Name_array>
        <technique_common>
          <accessor source="#mixamorig_Spine1-Interpolations-array" count="33">
            <param type="name"/>
          </accessor>
        </technique_common>
      </source>
      <sampler id="mixamorig_Spine1-Matrix-animation-transform">
        <input semantic="INPUT" source="#mixamorig_Spine1-Matrix-animation-input"/>
        <input semantic="OUTPUT" source="#mixamorig_Spine1-Matrix-animation-output-transform"/>
        <input semantic="INTERPOLATION" source="#mixamorig_Spine1-Interpolations"/>
      </sampler>
      <channel source="#mixamorig_Spine1-Matrix-animation-transform" target="mixamorig_Spine1/matrix"/>
    </animation>
    <animation id="mixamorig_Spine2-anim" name="mixamorig_Spine2">
      <source id="mixamorig_Spine2-Matrix-animation-input">
        <float_array id="mixamorig_Spine2-Matrix-animation-input-array" count="33">

0.000000 0.033333 0.066667 0.100000 0.133333 0.166667 0.200000 0.233333 0.266667 0.300000 0.333333 0.366667 0.400000 0.433333 0.466667 0.500000
0.533333 0.566667 0.600000 0.633333 0.666667 0.700000 0.733333 0.766667 0.800000 0.833333 0.866667 0.900000 0.933333 0.966667 1.000000 1.033333
1.066667</float_array>
        <technique_common>
          <accessor source="#mixamorig_Spine2-Matrix-animation-input-array" count="33">
            <param name="TIME" type="float"/>
          </accessor>
        </technique_common>
      </source>
      <source id="mixamorig_Spine2-Matrix-animation-output-transform">
        <float_array id="mixamorig_Spine2-Matrix-animation-output-transform-array" count="528">

0.998916 0.017668 0.043059 -0.000000 -0.005343 0.962564 -0.271002 14.178300 -0.046235 0.270479 0.961615 0.000000 0.000000 0.000000 0.000000 1.000000
0.998916 0.017668 0.043060 -0.000000 -0.005333 0.962506 -0.271208 14.178300 -0.046237 0.270685 0.961557 -0.000000 0.000000 0.000000 0.000000 1.000000
0.998916 0.017669 0.043061 0.000000 -0.005303 0.962329 -0.271837 14.178300 -0.046242 0.271314 0.961379 0.000000 0.000000 0.000000 0.000000 1.000000
0.998918 0.017661 0.043011 -0.000000 -0.005262 0.962049 -0.272825 14.178300 -0.046197 0.272303 0.961102 -0.000000 0.000000 0.000000 0.000000 1.000000
0.998931 0.017619 0.042731 0.000000 -0.005236 0.961683 -0.274114 14.178300 -0.045923 0.273597 0.960747 -0.000000 0.000000 0.000000 0.000000 1.000000
0.998953 0.017547 0.042249 0.000000 -0.005226 0.961244 -0.275649 14.178300 -0.045448 0.275140 0.960329 -0.000000 0.000000 0.000000 0.000000 1.000000
0.998978 0.017464 0.041696 -0.000000 -0.005218 0.960749 -0.277371 14.178300 -0.044903 0.276870 0.959858 -0.000000 0.000000 0.000000 0.000000 1.000000
0.998989 0.017448 0.041433 -0.000000 -0.005190 0.960210 -0.279231 14.178300 -0.044656 0.278733 0.959330 0.000000 0.000000 0.000000 0.000000 1.000000
0.998992 0.017505 0.041332 -0.000000 -0.005183 0.959644 -0.281169 14.178300 -0.044585 0.280672 0.958768 0.000000 0.000000 0.000000 0.000000 1.000000
0.998993 0.017577 0.041278 0.000000 -0.005176 0.959067 -0.283131 14.178300 -0.044565 0.282632 0.958193 0.000000 0.000000 0.000000 0.000000 1.000000
0.998993 0.017707 0.041227 0.000000 -0.005225 0.958494 -0.285064 14.178300 -0.044564 0.284561 0.957622 0.000000 0.000000 0.000000 0.000000 1.000000
0.998992 0.017964 0.041146 0.000000 -0.005408 0.957941 -0.286915 14.178300 -0.044569 0.286403 0.957072 0.000000 0.000000 0.000000 0.000000 1.000000
0.998990 0.018249 0.041057 0.000000 -0.005627 0.957425 -0.288626 14.178300 -0.044576 0.288103 0.956561 0.000000 0.000000 0.000000 0.000000 1.000000
0.998989 0.018504 0.040974 0.000000 -0.005825 0.956967 -0.290139 14.178300 -0.044580 0.289607 0.956107 0.000000 0.000000 0.000000 0.000000 1.000000
0.998988 0.018677 0.040914 0.000000 -0.005944 0.956541 -0.291538 14.178300 -0.044581 0.291000 0.955684 0.000000 0.000000 0.000000 0.000000 1.000000
0.998988 0.018762 0.040872 0.000000 -0.005977 0.956150 -0.292815 14.178300 -0.044573 0.292274 0.955295 0.000000 0.000000 0.000000 0.000000 1.000000
0.998989 0.018787 0.040833 0.000000 -0.005978 0.955922 -0.293560 14.178300 -0.044548 0.293019 0.955068 -0.000000 0.000000 0.000000 0.000000 1.000000
0.998992 0.018785 0.040770 0.000000 -0.005996 0.955936 -0.293514 14.178300 -0.044487 0.292974 0.955085 0.000000 0.000000 0.000000 0.000000 1.000000
0.998999 0.018745 0.040626 -0.000000 -0.006029 0.956125 -0.292897 14.178300 -0.044334 0.292359 0.955280 0.000000 0.000000 0.000000 0.000000 1.000000
0.999012 0.018647 0.040328 -0.000000 -0.006066 0.956411 -0.291960 14.178300 -0.044014 0.291427 0.955580 0.000000 0.000000 0.000000 0.000000 1.000000
0.999031 0.018488 0.039939 -0.000000 -0.006083 0.956781 -0.290747 14.178300 -0.043589 0.290222 0.955966 0.000000 0.000000 0.000000 0.000000 1.000000
0.999049 0.018333 0.039571 -0.000000 -0.006108 0.957224 -0.289284 14.178300 -0.043181 0.288767 0.956425 -0.000000 0.000000 0.000000 0.000000 1.000000
0.999061 0.018192 0.039314 -0.000000 -0.006126 0.957754 -0.287524 14.178300 -0.042884 0.287013 0.956966 0.000000 0.000000 0.000000 0.000000 1.000000
0.999065 0.018066 0.039270 0.000000 -0.006108 0.958362 -0.285492 14.178300 -0.042793 0.284985 0.957576 0.000000 0.000000 0.000000 0.000000 1.000000
0.999067 0.017843 0.039336 0.000000 -0.005974 0.959019 -0.283279 14.178300 -0.042779 0.282780 0.958230 0.000000 0.000000 0.000000 0.000000 1.000000
0.999066 0.017505 0.039498 0.000000 -0.005707 0.959697 -0.280980 14.178300 -0.042824 0.280492 0.958900 0.000000 0.000000 0.000000 0.000000 1.000000
0.999059 0.017171 0.039825 -0.000000 -0.005397 0.960365 -0.278694 14.178300 -0.043033 0.278217 0.959554 0.000000 0.000000 0.000000 0.000000 1.000000
0.999044 0.016958 0.040281 0.000000 -0.005163 0.960993 -0.276524 14.178300 -0.043399 0.276052 0.960162 -0.000000 0.000000 0.000000 0.000000 1.000000
0.999020 0.017044 0.040853 -0.000000 -0.005177 0.961552 -0.274575 14.178300 -0.043962 0.274095 0.960697 0.000000 0.000000 0.000000 0.000000 1.000000
0.998987 0.017157 0.041604 -0.000000 -0.005155 0.962019 -0.272933 14.178300 -0.044706 0.272442 0.961133 0.000000 0.000000 0.000000 0.000000 1.000000
0.998953 0.017272 0.042370 -0.000000 -0.005112 0.962346 -0.271779 14.178300 -0.045469 0.271278 0.961427 0.000000 0.000000 0.000000 0.000000 1.000000
0.998928 0.017354 0.042911 0.000000 -0.005065 0.962472 -0.271332 14.178300 -0.046009 0.270824 0.961529 -0.000000 0.000000 0.000000 0.000000 1.000000
0.998918 0.017388 0.043134 0.000000 -0.005053 0.962569 -0.270991 14.178300 -0.046231 0.270480 0.961615 0.000000 0.000000 0.000000 0.000000 1.000000</float_array>
        <technique_common>
          <accessor source="#mixamorig_Spine2-Matrix-animation-output-transform-array" count="33" stride="16">
            <param type="float4x4"/>
          </accessor>
        </technique_common>
      </source>
      <source id="mixamorig_Spine2-Interpolations">
        <Name_array id="mixamorig_Spine2-Interpolations-array" count="33">
 LINEAR LINEAR LINEAR LINEAR LINEAR LINEAR LINEAR LINEAR LINEAR LINEAR LINEAR
LINEAR LINEAR LINEAR LINEAR LINEAR LINEAR LINEAR LINEAR LINEAR LINEAR LINEAR LINEAR
LINEAR LINEAR LINEAR LINEAR LINEAR LINEAR LINEAR LINEAR LINEAR LINEAR</Name_array>
        <technique_common>
          <accessor source="#mixamorig_Spine2-Interpolations-array" count="33">
            <param type="name"/>
          </accessor>
        </technique_common>
      </source>
      <sampler id="mixamorig_Spine2-Matrix-animation-transform">
        <input semantic="INPUT" source="#mixamorig_Spine2-Matrix-animation-input"/>
        <input semantic="OUTPUT" source="#mixamorig_Spine2-Matrix-animation-output-transform"/>
        <input semantic="INTERPOLATION" source="#mixamorig_Spine2-Interpolations"/>
      </sampler>
      <channel source="#mixamorig_Spine2-Matrix-animation-transform" target="mixamorig_Spine2/matrix"/>
    </animation>
    <animation id="mixamorig_Neck-anim" name="mixamorig_Neck">
      <source id="mixamorig_Neck-Matrix-animation-input">
        <float_array id="mixamorig_Neck-Matrix-animation-input-array" count="33">

0.000000 0.033333 0.066667 0.100000 0.133333 0.166667 0.200000 0.233333 0.266667 0.300000 0.333333 0.366667 0.400000 0.433333 0.466667 0.500000
0.533333 0.566667 0.600000 0.633333 0.666667 0.700000 0.733333 0.766667 0.800000 0.833333 0.866667 0.900000 0.933333 0.966667 1.000000 1.033333
1.066667</float_array>
        <technique_common>
          <accessor source="#mixamorig_Neck-Matrix-animation-input-array" count="33">
            <param name="TIME" type="float"/>
          </accessor>
        </technique_common>
      </source>
      <source id="mixamorig_Neck-Matrix-animation-output-transform">
        <float_array id="mixamorig_Neck-Matrix-animation-output-transform-array" count="528">

0.959336 0.042773 -0.279008 0.024400 -0.009678 0.992855 0.118934 15.862300 0.282101 -0.111397 0.952895 -1.675800 0.000000 0.000000 0.000000 1.000000
0.960229 0.037173 -0.276728 0.024400 -0.004919 0.993196 0.116351 15.862300 0.279170 -0.110362 0.953879 -1.675800 0.000000 0.000000 0.000000 1.000000
0.959961 0.036969 -0.277685 0.024400 -0.004646 0.993218 0.116172 15.862300 0.280096 -0.110230 0.953622 -1.675800 0.000000 0.000000 0.000000 1.000000
0.959709 0.037025 -0.278546 0.024400 -0.004555 0.993201 0.116324 15.862300 0.280959 -0.110369 0.953352 -1.675800 0.000000 0.000000 0.000000 1.000000
0.959492 0.037045 -0.279288 0.024400 -0.004488 0.993202 0.116319 15.862300 0.281699 -0.110353 0.953136 -1.675800 0.000000 0.000000 0.000000 1.000000
0.959375 0.037392 -0.279644 0.024400 -0.004885 0.993232 0.116047 15.862300 0.282091 -0.109967 0.953065 -1.675800 0.000000 0.000000 0.000000 1.000000
0.959293 0.037768 -0.279876 0.024400 -0.005329 0.993262 0.115771 15.862300 0.282363 -0.109567 0.953030 -1.675800 0.000000 0.000000 0.000000 1.000000
0.959251 0.037825 -0.280013 0.024400 -0.005383 0.993266 0.115732 15.862300 0.282505 -0.109509 0.952995 -1.675800 0.000000 0.000000 0.000000 1.000000
0.959245 0.037360 -0.280095 0.024400 -0.004861 0.993256 0.115837 15.862300 0.282534 -0.109754 0.952958 -1.675800 0.000000 0.000000 0.000000 1.000000
0.959257 0.037053 -0.280094 0.024400 -0.004550 0.993260 0.115816 15.862300 0.282498 -0.109823 0.952961 -1.675800 0.000000 0.000000 0.000000 1.000000
0.959281 0.036730 -0.280055 0.024400 -0.004186 0.993249 0.115930 15.862300 0.282423 -0.110037 0.952958 -1.675800 0.000000 0.000000 0.000000 1.000000
0.959340 0.036804 -0.279844 0.024400 -0.004130 0.993186 0.116463 15.862300 0.282224 -0.110572 0.952955 -1.675800 0.000000 0.000000 0.000000 1.000000
0.959442 0.036993 -0.279469 0.024400 -0.004200 0.993118 0.117041 15.862300 0.281875 -0.111120 0.952995 -1.675800 0.000000 0.000000 0.000000 1.000000
0.959542 0.037256 -0.279089 0.024400 -0.004300 0.993031 0.117777 15.862300 0.281532 -0.111811 0.953015 -1.675800 0.000000 0.000000 0.000000 1.000000
0.959583 0.037767 -0.278880 0.024400 -0.004603 0.992928 0.118629 15.862300 0.281388 -0.112551 0.952970 -1.675800 0.000000 0.000000 0.000000 1.000000
0.959587 0.038109 -0.278820 0.024400 -0.004767 0.992847 0.119298 15.862300 0.281372 -0.113147 0.952905 -1.675800 0.000000 0.000000 0.000000 1.000000
0.959586 0.038686 -0.278745 0.024400 -0.005263 0.992800 0.119667 15.862300 0.281368 -0.113364 0.952880 -1.675800 0.000000 0.000000 0.000000 1.000000
0.959588 0.039582 -0.278610 0.024400 -0.006217 0.992799 0.119634 15.862300 0.281339 -0.113068 0.952924 -1.675800 0.000000 0.000000 0.000000 1.000000
0.959620 0.040392 -0.278386 0.024400 -0.007084 0.992794 0.119627 15.862300 0.281211 -0.112824 0.952990 -1.675800 0.000000 0.000000 0.000000 1.000000
0.959725 0.041066 -0.277924 0.024400 -0.007882 0.992806 0.119477 15.862300 0.280831 -0.112474 0.953144 -1.675800 0.000000 0.000000 0.000000 1.000000
0.959814 0.041234 -0.277593 0.024400 -0.008217 0.992852 0.119066 15.862300 0.280518 -0.112000 0.953292 -1.675800 0.000000 0.000000 0.000000 1.000000
0.959803 0.041319 -0.277616 0.024400 -0.008386 0.992885 0.118784 15.862300 0.280549 -0.111681 0.953320 -1.675800 0.000000 0.000000 0.000000 1.000000
0.959917 0.041875 -0.277139 0.024400 -0.009005 0.992874 0.118831 15.862300 0.280140 -0.111572 0.953453 -1.675800 0.000000 0.000000 0.000000 1.000000
0.959961 0.042267 -0.276927 0.024400 -0.009431 0.992868 0.118848 15.862300 0.279975 -0.111478 0.953513 -1.675800 0.000000 0.000000 0.000000 1.000000
0.959963 0.042881 -0.276825 0.024400 -0.010077 0.992861 0.118853 15.862300 0.279945 -0.111305 0.953542 -1.675800 0.000000 0.000000 0.000000 1.000000
0.960068 0.043081 -0.276430 0.024400 -0.010266 0.992832 0.119077 15.862300 0.279578 -0.111484 0.953628 -1.675800 0.000000 0.000000 0.000000 1.000000
0.960063 0.043351 -0.276404 0.024400 -0.010416 0.992776 0.119530 15.862300 0.279589 -0.111878 0.953579 -1.675800 0.000000 0.000000 0.000000 1.000000
0.960024 0.043457 -0.276523 0.024400 -0.010519 0.992779 0.119499 15.862300 0.279719 -0.111813 0.953549 -1.675800 0.000000 0.000000 0.000000 1.000000
0.959930 0.043526 -0.276839 0.024400 -0.010476 0.992748 0.119758 15.862300 0.280044 -0.112059 0.953424 -1.675800 0.000000 0.000000 0.000000 1.000000
0.959824 0.043549 -0.277203 0.024400 -0.010407 0.992728 0.119925 15.862300 0.280410 -0.112222 0.953298 -1.675800 0.000000 0.000000 0.000000 1.000000
0.959677 0.043551 -0.277711 0.024400 -0.010257 0.992693 0.120230 15.862300 0.280918 -0.112534 0.953111 -1.675800 0.000000 0.000000 0.000000 1.000000
0.959583 0.043378 -0.278063 0.024400 -0.010198 0.992760 0.119678 15.862300 0.281241 -0.112005 0.953078 -1.675800 0.000000 0.000000 0.000000 1.000000
0.959335 0.042775 -0.279009 0.024400 -0.009675 0.992853 0.118948 15.862300 0.282103 -0.111412 0.952893 -1.675800 0.000000 0.000000 0.000000 1.000000</float_array>
        <technique_common>
          <accessor source="#mixamorig_Neck-Matrix-animation-output-transform-array" count="33" stride="16">
            <param type="float4x4"/>
          </accessor>
        </technique_common>
      </source>
      <source id="mixamorig_Neck-Interpolations">
        <Name_array id="mixamorig_Neck-Interpolations-array" count="33">
 LINEAR LINEAR LINEAR LINEAR LINEAR LINEAR LINEAR LINEAR LINEAR LINEAR LINEAR
LINEAR LINEAR LINEAR LINEAR LINEAR LINEAR LINEAR LINEAR LINEAR LINEAR LINEAR LINEAR
LINEAR LINEAR LINEAR LINEAR LINEAR LINEAR LINEAR LINEAR LINEAR LINEAR</Name_array>
        <technique_common>
          <accessor source="#mixamorig_Neck-Interpolations-array" count="33">
            <param type="name"/>
          </accessor>
        </technique_common>
      </source>
      <sampler id="mixamorig_Neck-Matrix-animation-transform">
        <input semantic="INPUT" source="#mixamorig_Neck-Matrix-animation-input"/>
        <input semantic="OUTPUT" source="#mixamorig_Neck-Matrix-animation-output-transform"/>
        <input semantic="INTERPOLATION" source="#mixamorig_Neck-Interpolations"/>
      </sampler>
      <channel source="#mixamorig_Neck-Matrix-animation-transform" target="mixamorig_Neck/matrix"/>
    </animation>
    <animation id="mixamorig_Head-anim" name="mixamorig_Head">
      <source id="mixamorig_Head-Matrix-animation-input">
        <float_array id="mixamorig_Head-Matrix-animation-input-array" count="33">

0.000000 0.033333 0.066667 0.100000 0.133333 0.166667 0.200000 0.233333 0.266667 0.300000 0.333333 0.366667 0.400000 0.433333 0.466667 0.500000
0.533333 0.566667 0.600000 0.633333 0.666667 0.700000 0.733333 0.766667 0.800000 0.833333 0.866667 0.900000 0.933333 0.966667 1.000000 1.033333
1.066667</float_array>
        <technique_common>
          <accessor source="#mixamorig_Head-Matrix-animation-input-array" count="33">
            <param name="TIME" type="float"/>
          </accessor>
        </technique_common>
      </source>
      <source id="mixamorig_Head-Matrix-animation-output-transform">
        <float_array id="mixamorig_Head-Matrix-animation-output-transform-array" count="528">

0.811534 0.164694 0.560614 0.000000 -0.118305 0.985896 -0.118375 5.564000 -0.572203 0.029742 0.819573 0.988100 0.000000 0.000000 0.000000 1.000000
0.803185 0.141745 0.578622 -0.000000 -0.105783 0.989780 -0.095628 5.564000 -0.586263 0.015599 0.809971 0.988100 0.000000 0.000000 0.000000 1.000000
0.807598 0.139595 0.572974 -0.000000 -0.104515 0.990080 -0.093905 5.564000 -0.580399 0.015953 0.814176 0.988100 0.000000 0.000000 0.000000 1.000000
0.811479 0.139057 0.567596 0.000000 -0.105417 0.990175 -0.091873 5.564000 -0.574795 0.014719 0.818165 0.988100 0.000000 0.000000 0.000000 1.000000
0.814483 0.140216 0.562990 0.000000 -0.107151 0.990019 -0.091553 5.564000 -0.570208 0.014243 0.821377 0.988100 0.000000 0.000000 0.000000 1.000000
0.816936 0.141337 0.559142 0.000000 -0.108487 0.989859 -0.091706 5.564000 -0.566433 0.014259 0.823984 0.988100 0.000000 0.000000 0.000000 1.000000
0.818231 0.144090 0.556539 0.000000 -0.110706 0.989454 -0.093411 5.564000 -0.564129 0.014819 0.825553 0.988100 0.000000 0.000000 0.000000 1.000000
0.819749 0.143288 0.554509 -0.000000 -0.110165 0.989567 -0.092849 5.564000 -0.562028 0.015025 0.826982 0.988100 0.000000 0.000000 0.000000 1.000000
0.820404 0.141311 0.554047 0.000000 -0.108733 0.989855 -0.091458 5.564000 -0.561350 0.014789 0.827446 0.988100 0.000000 0.000000 0.000000 1.000000
0.820665 0.139192 0.554197 0.000000 -0.106934 0.990154 -0.090336 5.564000 -0.561314 0.014873 0.827469 0.988100 0.000000 0.000000 0.000000 1.000000
0.819913 0.138961 0.555366 -0.000000 -0.105914 0.990167 -0.091388 5.564000 -0.562605 0.016109 0.826569 0.988100 0.000000 0.000000 0.000000 1.000000
0.818262 0.140901 0.557310 0.000000 -0.106844 0.989880 -0.093392 5.564000 -0.564829 0.016874 0.825035 0.988100 0.000000 0.000000 0.000000 1.000000
0.816058 0.143130 0.559968 0.000000 -0.108947 0.989577 -0.094168 5.564000 -0.567609 0.015839 0.823146 0.988100 0.000000 0.000000 0.000000 1.000000
0.814540 0.145125 0.561661 -0.000000 -0.111477 0.989315 -0.093957 5.564000 -0.569295 0.013920 0.822015 0.988100 0.000000 0.000000 0.000000 1.000000
0.813917 0.147538 0.561935 0.000000 -0.114530 0.988984 -0.093774 5.564000 -0.569580 0.011966 0.821849 0.988100 0.000000 0.000000 0.000000 1.000000
0.813765 0.149981 0.561509 -0.000000 -0.117265 0.988630 -0.094121 5.564000 -0.569241 0.010747 0.822100 0.988100 0.000000 0.000000 0.000000 1.000000
0.812985 0.153545 0.561675 0.000000 -0.119534 0.988071 -0.097091 5.564000 -0.569883 0.011794 0.821641 0.988100 0.000000 0.000000 0.000000 1.000000
0.811800 0.156417 0.562596 0.000000 -0.120441 0.987591 -0.100787 5.564000 -0.571380 0.014059 0.820565 0.988100 0.000000 0.000000 0.000000 1.000000
0.811177 0.159110 0.562739 0.000000 -0.120764 0.987110 -0.105019 5.564000 -0.572195 0.017230 0.819936 0.988100 0.000000 0.000000 0.000000 1.000000
0.809684 0.162091 0.564038 0.000000 -0.120379 0.986536 -0.110701 5.564000 -0.574387 0.021735 0.818295 0.988100 0.000000 0.000000 0.000000 1.000000
