<?xml version="1.0" encoding="utf-8"?>
<COLLADA xmlns="http://www.collada.org/2005/11/COLLADASchema" version="1.4.1">
  <asset>
    <contributor>
      <author>Mixamo</author>
      <authoring_tool>COLLADA Mixamo exporter</authoring_tool>
      <comments/>
    </contributor>
    <created>2025-02-02T23:10:43Z</created>
    <modified>2025-02-02T23:10:43Z</modified>
    <revision/>
    <title/>
    <unit meter="0.010000"/>
    <up_axis>Y_UP</up_axis>
  </asset>
  <library_animations>
    <animation id="mixamorig_Hips-anim" name="mixamorig_Hips">
      <source id="mixamorig_Hips-Matrix-animation-input">
        <float_array id="mixamorig_Hips-Matrix-animation-input-array" count="22">

0.000000 0.033333 0.066667 0.100000 0.133333 0.166667 0.200000 0.233333 0.266667 0.300000 0.333333 0.366667 0.400000 0.433333 0.466667 0.500000
0.533333 0.566667 0.600000 0.633333 0.666667 0.700000</float_array>
        <technique_common>
          <accessor source="#mixamorig_Hips-Matrix-animation-input-array" count="22">
            <param name="TIME" type="float"/>
          </accessor>
        </technique_common>
      </source>
      <source id="mixamorig_Hips-Matrix-animation-output-transform">
        <float_array id="mixamorig_Hips-Matrix-animation-output-transform-array" count="352">

0.978061 0.112146 0.175558 0.055668 -0.046813 0.939497 -0.339344 85.513847 -0.202992 0.323680 0.924135 0.004781 0.000000 0.000000 0.000000 1.000000
0.972485 0.140110 0.186123 -0.244592 -0.071642 0.940077 -0.333350 86.807518 -0.221676 0.310844 0.924249 -0.304456 0.000000 0.000000 0.000000 1.000000
0.974381 0.144549 0.172299 -0.285025 -0.077107 0.934379 -0.347837 87.965767 -0.211273 0.325641 0.921587 -0.898886 0.000000 0.000000 0.000000 1.000000
0.980413 0.129249 0.148609 -0.290129 -0.066638 0.927734 -0.367246 88.985519 -0.185336 0.350150 0.918175 -1.751379 0.000000 0.000000 0.000000 1.000000
0.986596 0.108137 0.122205 -0.434878 -0.056101 0.928025 -0.368269 89.561874 -0.153233 0.356477 0.921653 -2.920295 0.000000 0.000000 0.000000 1.000000
0.991167 0.092955 0.094588 -0.724707 -0.055423 0.938305 -0.341337 89.265671 -0.120481 0.333080 0.935169 -4.398962 0.000000 0.000000 0.000000 1.000000
0.994066 0.087238 0.064981 -1.116418 -0.063905 0.951754 -0.300135 88.160210 -0.088029 0.294201 0.951681 -5.920357 0.000000 0.000000 0.000000 1.000000
0.995573 0.090252 0.026245 -1.591483 -0.079979 0.960139 -0.267837 86.822945 -0.049372 0.264553 0.963107 -7.277539 0.000000 0.000000 0.000000 1.000000
0.995923 0.086490 -0.025648 -2.060917 -0.090192 0.960743 -0.262370 85.916084 0.001949 0.263614 0.964626 -8.274210 0.000000 0.000000 0.000000 1.000000
0.995314 0.052282 -0.081339 -2.355082 -0.073756 0.954478 -0.289018 85.968689 0.062526 0.293663 0.953862 -8.801291 0.000000 0.000000 0.000000 1.000000
0.992254 -0.012809 -0.123566 -2.455841 -0.029962 0.940629 -0.338110 87.263275 0.120561 0.339194 0.932959 -8.831491 0.000000 0.000000 0.000000 1.000000
0.987360 -0.076790 -0.138651 -2.546943 0.016601 0.920086 -0.391363 89.478973 0.157623 0.384115 0.909731 -8.397464 0.000000 0.000000 0.000000 1.000000
0.986205 -0.106293 -0.126893 -2.770655 0.041362 0.900512 -0.432859 91.716324 0.160278 0.421639 0.892486 -7.621510 0.000000 0.000000 0.000000 1.000000
0.990504 -0.094856 -0.099523 -3.075509 0.040222 0.892128 -0.449989 93.068062 0.131472 0.441712 0.887471 -6.660840 0.000000 0.000000 0.000000 1.000000
0.995854 -0.060396 -0.068027 -3.280678 0.025006 0.900740 -0.433639 93.175354 0.087465 0.430140 0.898515 -5.675334 0.000000 0.000000 0.000000 1.000000
0.998862 -0.024910 -0.040671 -3.198889 0.007244 0.922114 -0.386850 92.129089 0.047139 0.386115 0.921245 -4.760943 0.000000 0.000000 0.000000 1.000000
0.999700 -0.000782 -0.024497 -2.758478 -0.007331 0.944191 -0.329318 90.185822 0.023388 0.329398 0.943901 -3.879654 0.000000 0.000000 0.000000 1.000000
0.999843 0.007276 -0.016150 -2.078225 -0.011618 0.957609 -0.287838 87.758392 0.013371 0.287981 0.957543 -2.962300 0.000000 0.000000 0.000000 1.000000
0.999970 0.007579 0.001722 -1.344414 -0.006805 0.960838 -0.277029 85.437805 -0.003754 0.277009 0.960860 -1.968687 0.000000 0.000000 0.000000 1.000000
0.998849 0.020527 0.043358 -0.706652 -0.007128 0.957302 -0.289002 84.046127 -0.047439 0.288360 0.956346 -1.031612 0.000000 0.000000 0.000000 1.000000
0.992786 0.058520 0.104649 -0.230124 -0.023262 0.950229 -0.310684 84.099167 -0.117622 0.306008 0.944735 -0.331296 0.000000 0.000000 0.000000 1.000000
0.978061 0.112145 0.175558 0.050731 -0.046813 0.939497 -0.339344 85.513863 -0.202992 0.323681 0.924135 0.004780 0.000000 0.000000 0.000000 1.000000</float_array>
        <technique_common>
          <accessor source="#mixamorig_Hips-Matrix-animation-output-transform-array" count="22" stride="16">
            <param type="float4x4"/>
          </accessor>
        </technique_common>
      </source>
      <source id="mixamorig_Hips-Interpolations">
        <Name_array id="mixamorig_Hips-Interpolations-array" count="22">
 LINEAR LINEAR LINEAR LINEAR LINEAR LINEAR LINEAR LINEAR LINEAR LINEAR LINEAR
LINEAR LINEAR LINEAR LINEAR LINEAR LINEAR LINEAR LINEAR LINEAR LINEAR LINEAR</Name_array>
        <technique_common>
          <accessor source="#mixamorig_Hips-Interpolations-array" count="22">
            <param type="name"/>
          </accessor>
        </technique_common>
      </source>
      <sampler id="mixamorig_Hips-Matrix-animation-transform">
        <input semantic="INPUT" source="#mixamorig_Hips-Matrix-animation-input"/>
        <input semantic="OUTPUT" source="#mixamorig_Hips-Matrix-animation-output-transform"/>
        <input semantic="INTERPOLATION" source="#mixamorig_Hips-Interpolations"/>
      </sampler>
      <channel source="#mixamorig_Hips-Matrix-animation-transform" target="mixamorig_Hips/matrix"/>
    </animation>
    <animation id="mixamorig_Spine-anim" name="mixamorig_Spine">
      <source id="mixamorig_Spine-Matrix-animation-input">
        <float_array id="mixamorig_Spine-Matrix-animation-input-array" count="22">

0.000000 0.033333 0.066667 0.100000 0.133333 0.166667 0.200000 0.233333 0.266667 0.300000 0.333333 0.366667 0.400000 0.433333 0.466667 0.500000
0.533333 0.566667 0.600000 0.633333 0.666667 0.700000</float_array>
        <technique_common>
          <accessor source="#mixamorig_Spine-Matrix-animation-input-array" count="22">
            <param name="TIME" type="float"/>
          </accessor>
        </technique_common>
      </source>
      <source id="mixamorig_Spine-Matrix-animation-output-transform">
        <float_array id="mixamorig_Spine-Matrix-animation-output-transform-array" count="352">

0.990839 -0.097119 -0.093841 0.017300 0.054608 0.923649 -0.379328 10.574800 0.123516 0.370728 0.920491 -1.117200 0.000000 0.000000 0.000000 1.000000
0.963322 -0.161828 -0.214061 0.017300 0.074260 0.927311 -0.366852 10.574800 0.257868 0.337500 0.905316 -1.117200 0.000000 0.000000 0.000000 1.000000
0.934660 -0.187990 -0.301778 0.017300 0.083877 0.941412 -0.326661 10.574800 0.345506 0.280005 0.895669 -1.117200 0.000000 0.000000 0.000000 1.000000
0.919692 -0.181589 -0.348125 0.017300 0.082741 0.956351 -0.280261 10.574800 0.383822 0.228950 0.894574 -1.117200 0.000000 0.000000 0.000000 1.000000
0.920776 -0.165040 -0.353459 0.017300 0.073411 0.963215 -0.258512 10.574800 0.383122 0.212084 0.899020 -1.117200 0.000000 0.000000 0.000000 1.000000
0.934043 -0.154753 -0.321892 0.017300 0.063924 0.959137 -0.275627 10.574800 0.351393 0.236871 0.905768 -1.117200 0.000000 0.000000 0.000000 1.000000
0.954642 -0.152317 -0.255847 0.017300 0.065011 0.945146 -0.320112 10.574800 0.290571 0.288960 0.912179 -1.117200 0.000000 0.000000 0.000000 1.000000
0.975939 -0.149683 -0.158548 0.017300 0.082873 0.927215 -0.365246 10.574800 0.201679 0.343318 0.917310 -1.117200 0.000000 0.000000 0.000000 1.000000
0.990682 -0.128243 -0.045854 0.017300 0.101522 0.919792 -0.379046 10.574800 0.090786 0.370859 0.924241 -1.117200 0.000000 0.000000 0.000000 1.000000
0.995524 -0.072741 0.060334 0.017300 0.089379 0.932102 -0.350995 10.574800 -0.030706 0.354816 0.934432 -1.117200 0.000000 0.000000 0.000000 1.000000
0.988112 0.011212 0.153325 0.017300 0.036278 0.952165 -0.303423 10.574800 -0.149393 0.305378 0.940439 -1.117200 0.000000 0.000000 0.000000 1.000000
0.967458 0.094198 0.234844 0.017300 -0.030721 0.964983 -0.260506 10.574800 -0.251160 0.244814 0.936475 -1.117200 0.000000 0.000000 0.000000 1.000000
0.943276 0.141403 0.300393 0.017300 -0.074150 0.971640 -0.224537 10.574800 -0.323625 0.189526 0.927010 -1.117200 0.000000 0.000000 0.000000 1.000000
0.929273 0.140804 0.341505 0.017300 -0.076446 0.977793 -0.195132 10.574800 -0.361396 0.155225 0.919401 -1.117200 0.000000 0.000000 0.000000 1.000000
0.928860 0.110101 0.353690 0.017300 -0.046107 0.981746 -0.184525 10.574800 -0.367550 0.155090 0.916981 -1.117200 0.000000 0.000000 0.000000 1.000000
0.936835 0.076414 0.341322 0.017300 -0.006828 0.979654 -0.200580 10.574800 -0.349704 0.185580 0.918296 -1.117200 0.000000 0.000000 0.000000 1.000000
0.948116 0.059560 0.312295 0.017300 0.016472 0.971773 -0.235341 10.574800 -0.317497 0.228275 0.920373 -1.117200 0.000000 0.000000 0.000000 1.000000
0.962015 0.066844 0.264685 0.017300 0.008918 0.961348 -0.275193 10.574800 -0.272850 0.267100 0.924235 -1.117200 0.000000 0.000000 0.000000 1.000000
0.978449 0.079249 0.190678 0.017300 -0.017002 0.951205 -0.308091 10.574800 -0.205789 0.298210 0.932052 -1.117200 0.000000 0.000000 0.000000 1.000000
0.993766 0.061193 0.093192 0.017300 -0.027230 0.943808 -0.329372 10.574800 -0.108111 0.324781 0.939590 -1.117200 0.000000 0.000000 0.000000 1.000000
0.999957 -0.003090 -0.008779 0.017300 -0.000166 0.937193 -0.348810 10.574800 0.009305 0.348796 0.937152 -1.117200 0.000000 0.000000 0.000000 1.000000
0.990839 -0.097119 -0.093841 0.017300 0.054607 0.923649 -0.379329 10.574800 0.123516 0.370729 0.920491 -1.117200 0.000000 0.000000 0.000000 1.000000</float_array>
        <technique_common>
          <accessor source="#mixamorig_Spine-Matrix-animation-output-transform-array" count="22" stride="16">
            <param type="float4x4"/>
          </accessor>
        </technique_common>
      </source>
      <source id="mixamorig_Spine-Interpolations">
        <Name_array id="mixamorig_Spine-Interpolations-array" count="22">
 LINEAR LINEAR LINEAR LINEAR LINEAR LINEAR LINEAR LINEAR LINEAR LINEAR LINEAR
LINEAR LINEAR LINEAR LINEAR LINEAR LINEAR LINEAR LINEAR LINEAR LINEAR LINEAR</Name_array>
        <technique_common>
          <accessor source="#mixamorig_Spine-Interpolations-array" count="22">
            <param type="name"/>
          </accessor>
        </technique_common>
      </source>
      <sampler id="mixamorig_Spine-Matrix-animation-transform">
        <input semantic="INPUT" source="#mixamorig_Spine-Matrix-animation-input"/>
        <input semantic="OUTPUT" source="#mixamorig_Spine-Matrix-animation-output-transform"/>
        <input semantic="INTERPOLATION" source="#mixamorig_Spine-Interpolations"/>
      </sampler>
      <channel source="#mixamorig_Spine-Matrix-animation-transform" target="mixamorig_Spine/matrix"/>
    </animation>
    <animation id="mixamorig_Spine1-anim" name="mixamorig_Spine1">
      <source id="mixamorig_Spine1-Matrix-animation-input">
        <float_array id="mixamorig_Spine1-Matrix-animation-input-array" count="22">

0.000000 0.033333 0.066667 0.100000 0.133333 0.166667 0.200000 0.233333 0.266667 0.300000 0.333333 0.366667 0.400000 0.433333 0.466667 0.500000
0.533333 0.566667 0.600000 0.633333 0.666667 0.700000</float_array>
        <technique_common>
          <accessor source="#mixamorig_Spine1-Matrix-animation-input-array" count="22">
            <param name="TIME" type="float"/>
          </accessor>
        </technique_common>
      </source>
      <source id="mixamorig_Spine1-Matrix-animation-output-transform">
        <float_array id="mixamorig_Spine1-Matrix-animation-output-transform-array" count="352">

0.999429 -0.007964 -0.032834 -0.000000 0.006763 0.999310 -0.036530 12.406000 0.033102 0.036287 0.998793 0.000000 0.000000 0.000000 0.000000 1.000000
0.997655 -0.004259 -0.068317 0.000000 0.001418 0.999134 -0.041579 12.406000 0.068435 0.041384 0.996797 0.000000 0.000000 0.000000 0.000000 1.000000
0.995813 0.004223 -0.091311 0.000000 -0.008285 0.998990 -0.044155 12.406000 0.091033 0.044727 0.994843 0.000000 0.000000 0.000000 0.000000 1.000000
0.994761 0.011989 -0.101525 0.000000 -0.016698 0.998817 -0.045662 12.406000 0.100858 0.047118 0.993784 0.000000 0.000000 0.000000 0.000000 1.000000
0.994738 0.015985 -0.101199 -0.000000 -0.020854 0.998666 -0.047232 12.406000 0.100309 0.049094 0.993744 0.000000 0.000000 0.000000 0.000000 1.000000
0.995651 0.015902 -0.091796 0.000000 -0.020453 0.998597 -0.048845 12.406000 0.090891 0.050510 0.994579 0.000000 0.000000 0.000000 0.000000 1.000000
0.997201 0.012732 -0.073669 0.000000 -0.016423 0.998629 -0.049706 12.406000 0.072935 0.050777 0.996043 0.000000 0.000000 0.000000 0.000000 1.000000
0.998835 0.007189 -0.047709 0.000000 -0.009553 0.998729 -0.049491 12.406000 0.047293 0.049890 0.997634 -0.000000 0.000000 0.000000 0.000000 1.000000
0.999852 0.000800 -0.017168 0.000000 -0.001632 0.998820 -0.048531 12.406000 0.017109 0.048552 0.998674 0.000000 0.000000 0.000000 0.000000 1.000000
0.999899 -0.003598 0.013758 -0.000000 0.004231 0.998918 -0.046311 12.406000 -0.013577 0.046365 0.998832 0.000000 0.000000 0.000000 0.000000 1.000000
0.999072 -0.003736 0.042913 0.000000 0.005480 0.999161 -0.040595 12.406000 -0.042725 0.040792 0.998254 -0.000000 0.000000 0.000000 0.000000 1.000000
0.997598 -0.000156 0.069267 0.000000 0.002299 0.999521 -0.030868 12.406000 -0.069229 0.030953 0.997121 0.000000 0.000000 0.000000 0.000000 1.000000
0.995953 0.002791 0.089831 0.000000 -0.000792 0.999751 -0.022285 12.406000 -0.089871 0.022124 0.995708 0.000000 0.000000 0.000000 0.000000 1.000000
0.994915 0.000528 0.100720 0.000000 0.001604 0.999776 -0.021084 12.406000 -0.100709 0.021138 0.994691 0.000000 0.000000 0.000000 0.000000 1.000000
0.994815 -0.006788 0.101474 0.000000 0.009551 0.999596 -0.026760 12.406000 -0.101251 0.027591 0.994478 0.000000 0.000000 0.000000 0.000000 1.000000
0.995318 -0.015019 0.095484 0.000000 0.018311 0.999265 -0.033690 12.406000 -0.094908 0.035281 0.994861 0.000000 0.000000 0.000000 0.000000 1.000000
0.996071 -0.019952 0.086279 0.000000 0.023335 0.998991 -0.038373 12.406000 -0.085426 0.040235 0.995532 0.000000 0.000000 0.000000 0.000000 1.000000
0.997180 -0.019771 0.072397 0.000000 0.022813 0.998880 -0.041442 12.406000 -0.071496 0.042977 0.996515 -0.000000 0.000000 0.000000 0.000000 1.000000
0.998684 -0.015913 0.048757 -0.000000 0.018064 0.998869 -0.043980 12.406000 -0.048002 0.044802 0.997842 0.000000 0.000000 0.000000 0.000000 1.000000
0.999776 -0.011884 0.017510 0.000000 0.012659 0.998916 -0.044789 12.406000 -0.016959 0.045001 0.998843 0.000000 0.000000 0.000000 0.000000 1.000000
0.999889 -0.009589 -0.011432 0.000000 0.009098 0.999067 -0.042209 12.406000 0.011826 0.042101 0.999043 0.000000 0.000000 0.000000 0.000000 1.000000
0.999429 -0.007964 -0.032834 0.000000 0.006763 0.999310 -0.036530 12.406000 0.033102 0.036287 0.998793 0.000000 0.000000 0.000000 0.000000 1.000000</float_array>
        <technique_common>
          <accessor source="#mixamorig_Spine1-Matrix-animation-output-transform-array" count="22" stride="16">
            <param type="float4x4"/>
          </accessor>
        </technique_common>
      </source>
      <source id="mixamorig_Spine1-Interpolations">
        <Name_array id="mixamorig_Spine1-Interpolations-array" count="22">
 LINEAR LINEAR LINEAR LINEAR LINEAR LINEAR LINEAR LINEAR LINEAR LINEAR LINEAR
LINEAR LINEAR LINEAR LINEAR LINEAR LINEAR LINEAR LINEAR LINEAR LINEAR LINEAR</Name_array>
        <technique_common>
          <accessor source="#mixamorig_Spine1-Interpolations-array" count="22">
            <param type="name"/>
          </accessor>
        </technique_common>
      </source>
      <sampler id="mixamorig_Spine1-Matrix-animation-transform">
        <input semantic="INPUT" source="#mixamorig_Spine1-Matrix-animation-input"/>
        <input semantic="OUTPUT" source="#mixamorig_Spine1-Matrix-animation-output-transform"/>
        <input semantic="INTERPOLATION" source="#mixamorig_Spine1-Interpolations"/>
      </sampler>
      <channel source="#mixamorig_Spine1-Matrix-animation-transform" target="mixamorig_Spine1/matrix"/>
    </animation>
    <animation id="mixamorig_Spine2-anim" name="mixamorig_Spine2">
      <source id="mixamorig_Spine2-Matrix-animation-input">
        <float_array id="mixamorig_Spine2-Matrix-animation-input-array" count="22">

0.000000 0.033333 0.066667 0.100000 0.133333 0.166667 0.200000 0.233333 0.266667 0.300000 0.333333 0.366667 0.400000 0.433333 0.466667 0.500000
0.533333 0.566667 0.600000 0.633333 0.666667 0.700000</float_array>
        <technique_common>
          <accessor source="#mixamorig_Spine2-Matrix-animation-input-array" count="22">
            <param name="TIME" type="float"/>
          </accessor>
        </technique_common>
      </source>
      <source id="mixamorig_Spine2-Matrix-animation-output-transform">
        <float_array id="mixamorig_Spine2-Matrix-animation-output-transform-array" count="352">

0.999375 -0.014474 -0.032247 0.000000 0.009787 0.989956 -0.141038 14.178300 0.033964 0.140634 0.989479 0.000000 0.000000 0.000000 0.000000 1.000000
0.997584 -0.016184 -0.067556 0.000000 0.006248 0.989446 -0.144768 14.178300 0.069186 0.143996 0.987157 -0.000000 0.000000 0.000000 0.000000 1.000000
0.995820 -0.010845 -0.090689 -0.000000 -0.002417 0.989450 -0.144857 14.178300 0.091304 0.144471 0.985288 0.000000 0.000000 0.000000 0.000000 1.000000
0.994872 -0.004216 -0.101051 0.000000 -0.010560 0.989340 -0.145239 14.178300 0.100586 0.145561 0.984223 0.000000 0.000000 0.000000 0.000000 1.000000
0.994914 -0.000065 -0.100725 0.000000 -0.014971 0.988797 -0.148515 14.178300 0.099607 0.149268 0.983767 0.000000 0.000000 0.000000 0.000000 1.000000
0.995827 0.001098 -0.091250 0.000000 -0.015059 0.988196 -0.152452 14.178300 0.090005 0.153190 0.984089 0.000000 0.000000 0.000000 0.000000 1.000000
0.997328 0.000445 -0.073046 -0.000000 -0.011688 0.988070 -0.153559 14.178300 0.072106 0.154003 0.985436 0.000000 0.000000 0.000000 0.000000 1.000000
0.998898 -0.001337 -0.046923 0.000000 -0.005828 0.988328 -0.152232 14.178300 0.046579 0.152338 0.987230 -0.000000 0.000000 0.000000 0.000000 1.000000
0.999864 -0.003145 -0.016165 0.000000 0.000674 0.988584 -0.150668 14.178300 0.016455 0.150637 0.988452 0.000000 0.000000 0.000000 0.000000 1.000000
0.999887 -0.002859 0.014748 0.000000 0.005018 0.988897 -0.148521 14.178300 -0.014160 0.148578 0.988799 0.000000 0.000000 0.000000 0.000000 1.000000
0.999053 0.001159 0.043502 0.000000 0.005095 0.989655 -0.143374 14.178300 -0.043218 0.143460 0.988712 -0.000000 0.000000 0.000000 0.000000 1.000000
0.997565 0.008069 0.069279 0.000000 0.001317 0.990930 -0.134376 14.178300 -0.069735 0.134140 0.988506 0.000000 0.000000 0.000000 0.000000 1.000000
0.995902 0.013316 0.089453 0.000000 -0.001933 0.992009 -0.126153 14.178300 -0.090418 0.125463 0.987969 0.000000 0.000000 0.000000 0.000000 1.000000
0.994878 0.012267 0.100334 -0.000000 0.000412 0.992109 -0.125379 14.178300 -0.101080 0.124778 0.987022 0.000000 0.000000 0.000000 0.000000 1.000000
0.994828 0.005236 0.101443 0.000000 0.008229 0.991234 -0.131863 14.178300 -0.101244 0.132016 0.986064 -0.000000 0.000000 0.000000 0.000000 1.000000
0.995375 -0.003453 0.096005 0.000000 0.016816 0.990186 -0.138738 14.178300 -0.094584 0.139711 0.985665 0.000000 0.000000 0.000000 0.000000 1.000000
0.996144 -0.009442 0.087224 0.000000 0.021732 0.989765 -0.141046 14.178300 -0.085000 0.142397 0.986153 0.000000 0.000000 0.000000 0.000000 1.000000
0.997243 -0.011150 0.073361 0.000000 0.021412 0.989830 -0.140635 14.178300 -0.071047 0.141818 0.987340 0.000000 0.000000 0.000000 0.000000 1.000000
0.998724 -0.010582 0.049380 0.000000 0.017523 0.989663 -0.142335 14.178300 -0.047364 0.143019 0.988586 0.000000 0.000000 0.000000 0.000000 1.000000
0.999781 -0.011040 0.017806 -0.000000 0.013526 0.989169 -0.146155 14.178300 -0.015999 0.146363 0.989102 0.000000 0.000000 0.000000 0.000000 1.000000
0.999853 -0.013066 -0.011127 0.000000 0.011292 0.989103 -0.146790 14.178300 0.012924 0.146643 0.989105 -0.000000 0.000000 0.000000 0.000000 1.000000
0.999375 -0.014474 -0.032247 0.000000 0.009787 0.989956 -0.141038 14.178300 0.033964 0.140634 0.989479 0.000000 0.000000 0.000000 0.000000 1.000000</float_array>
        <technique_common>
          <accessor source="#mixamorig_Spine2-Matrix-animation-output-transform-array" count="22" stride="16">
            <param type="float4x4"/>
          </accessor>
        </technique_common>
      </source>
      <source id="mixamorig_Spine2-Interpolations">
        <Name_array id="mixamorig_Spine2-Interpolations-array" count="22">
 LINEAR LINEAR LINEAR LINEAR LINEAR LINEAR LINEAR LINEAR LINEAR LINEAR LINEAR
LINEAR LINEAR LINEAR LINEAR LINEAR LINEAR LINEAR LINEAR LINEAR LINEAR LINEAR</Name_array>
        <technique_common>
          <accessor source="#mixamorig_Spine2-Interpolations-array" count="22">
            <param type="name"/>
          </accessor>
        </technique_common>
      </source>
      <sampler id="mixamorig_Spine2-Matrix-animation-transform">
        <input semantic="INPUT" source="#mixamorig_Spine2-Matrix-animation-input"/>
        <input semantic="OUTPUT" source="#mixamorig_Spine2-Matrix-animation-output-transform"/>
        <input semantic="INTERPOLATION" source="#mixamorig_Spine2-Interpolations"/>
      </sampler>
      <channel source="#mixamorig_Spine2-Matrix-animation-transform" target="mixamorig_Spine2/matrix"/>
    </animation>
    <animation id="mixamorig_Neck-anim" name="mixamorig_Neck">
      <source id="mixamorig_Neck-Matrix-animation-input">
        <float_array id="mixamorig_Neck-Matrix-animation-input-array" count="22">

0.000000 0.033333 0.066667 0.100000 0.133333 0.166667 0.200000 0.233333 0.266667 0.300000 0.333333 0.366667 0.400000 0.433333 0.466667 0.500000
0.533333 0.566667 0.600000 0.633333 0.666667 0.700000</float_array>
        <technique_common>
          <accessor source="#mixamorig_Neck-Matrix-animation-input-array" count="22">
            <param name="TIME" type="float"/>
          </accessor>
        </technique_common>
      </source>
      <source id="mixamorig_Neck-Matrix-animation-output-transform">
        <float_array id="mixamorig_Neck-Matrix-animation-output-transform-array" count="352">

0.999574 -0.013516 -0.025873 0.024400 0.018030 0.982935 0.183068 15.862300 0.022957 -0.183457 0.982760 -1.675800 0.000000 0.000000 0.000000 1.000000
0.999486 0.010569 0.030273 0.024400 -0.014639 0.990387 0.137550 15.862300 -0.028529 -0.137923 0.990032 -1.675800 0.000000 0.000000 0.000000 1.000000
0.996709 0.031172 0.074835 0.024400 -0.037344 0.995887 0.082546 15.862300 -0.071954 -0.085069 0.993774 -1.675800 0.000000 0.000000 0.000000 1.000000
0.993746 0.045569 0.101945 0.024400 -0.049952 0.997915 0.040864 15.862300 -0.099870 -0.045701 0.993950 -1.675800 0.000000 0.000000 0.000000 1.000000
0.992756 0.044504 0.111600 0.024400 -0.047746 0.998507 0.026541 15.862300 -0.110252 -0.031678 0.993399 -1.675800 0.000000 0.000000 0.000000 1.000000
0.993980 0.031561 0.104913 0.024400 -0.035539 0.998710 0.036268 15.862300 -0.103633 -0.039778 0.993820 -1.675800 0.000000 0.000000 0.000000 1.000000
0.996447 0.017236 0.082442 0.024400 -0.022246 0.997935 0.060249 15.862300 -0.081233 -0.061869 0.994773 -1.675800 0.000000 0.000000 0.000000 1.000000
0.998771 0.007192 0.049030 0.024400 -0.011748 0.995570 0.093283 15.862300 -0.048142 -0.093744 0.994432 -1.675800 0.000000 0.000000 0.000000 1.000000
0.999910 0.002772 0.013159 0.024400 -0.004442 0.991689 0.128581 15.862300 -0.012693 -0.128628 0.991612 -1.675800 0.000000 0.000000 0.000000 1.000000
0.999799 0.005653 -0.019257 0.024400 -0.002597 0.987881 0.155194 15.862300 0.019901 -0.155113 0.987696 -1.675800 0.000000 0.000000 0.000000 1.000000
0.998675 0.009894 -0.050495 0.024400 -0.001479 0.986452 0.164042 15.862300 0.051434 -0.163750 0.985160 -1.675800 0.000000 0.000000 0.000000 1.000000
0.996297 0.000517 -0.085972 0.024400 0.012400 0.988663 0.149641 15.862300 0.085074 -0.150153 0.984996 -1.675800 0.000000 0.000000 0.000000 1.000000
0.992459 -0.023020 -0.120397 0.024400 0.037774 0.991843 0.121739 15.862300 0.116613 -0.125369 0.985233 -1.675800 0.000000 0.000000 0.000000 1.000000
0.988424 -0.044749 -0.144968 0.024400 0.060039 0.992881 0.102872 15.862300 0.139333 -0.110385 0.984074 -1.675800 0.000000 0.000000 0.000000 1.000000
0.985387 -0.056394 -0.160721 0.024400 0.073528 0.991988 0.102729 15.862300 0.153640 -0.113046 0.981639 -1.675800 0.000000 0.000000 0.000000 1.000000
0.983320 -0.060510 -0.171524 0.024400 0.080903 0.990122 0.114511 15.862300 0.162901 -0.126478 0.978502 -1.675800 0.000000 0.000000 0.000000 1.000000
0.982992 -0.059727 -0.173663 0.024400 0.083007 0.988028 0.130043 15.862300 0.163817 -0.142247 0.976181 -1.675800 0.000000 0.000000 0.000000 1.000000
0.985969 -0.053472 -0.158129 0.024400 0.077002 0.986188 0.146643 15.862300 0.148104 -0.156762 0.976469 -1.675800 0.000000 0.000000 0.000000 1.000000
0.991434 -0.041769 -0.123748 0.024400 0.061805 0.984723 0.162790 15.862300 0.115058 -0.169044 0.978870 -1.675800 0.000000 0.000000 0.000000 1.000000
0.996189 -0.028036 -0.082595 0.024400 0.042182 0.983690 0.174858 15.862300 0.076346 -0.177675 0.981123 -1.675800 0.000000 0.000000 0.000000 1.000000
0.998673 -0.017295 -0.048513 0.024400 0.025800 0.983221 0.180585 15.862300 0.044576 -0.181597 0.982362 -1.675800 0.000000 0.000000 0.000000 1.000000
0.999574 -0.013516 -0.025873 0.024400 0.018030 0.982935 0.183068 15.862300 0.022957 -0.183457 0.982760 -1.675800 0.000000 0.000000 0.000000 1.000000</float_array>
        <technique_common>
          <accessor source="#mixamorig_Neck-Matrix-animation-output-transform-array" count="22" stride="16">
            <param type="float4x4"/>
          </accessor>
        </technique_common>
      </source>
      <source id="mixamorig_Neck-Interpolations">
        <Name_array id="mixamorig_Neck-Interpolations-array" count="22">
 LINEAR LINEAR LINEAR LINEAR LINEAR LINEAR LINEAR LINEAR LINEAR LINEAR LINEAR
LINEAR LINEAR LINEAR LINEAR LINEAR LINEAR LINEAR LINEAR LINEAR LINEAR LINEAR</Name_array>
        <technique_common>
          <accessor source="#mixamorig_Neck-Interpolations-array" count="22">
            <param type="name"/>
          </accessor>
        </technique_common>
      </source>
      <sampler id="mixamorig_Neck-Matrix-animation-transform">
        <input semantic="INPUT" source="#mixamorig_Neck-Matrix-animation-input"/>
        <input semantic="OUTPUT" source="#mixamorig_Neck-Matrix-animation-output-transform"/>
        <input semantic="INTERPOLATION" source="#mixamorig_Neck-Interpolations"/>
      </sampler>
      <channel source="#mixamorig_Neck-Matrix-animation-transform" target="mixamorig_Neck/matrix"/>
    </animation>
    <animation id="mixamorig_Head-anim" name="mixamorig_Head">
      <source id="mixamorig_Head-Matrix-animation-input">
        <float_array id="mixamorig_Head-Matrix-animation-input-array" count="22">

0.000000 0.033333 0.066667 0.100000 0.133333 0.166667 0.200000 0.233333 0.266667 0.300000 0.333333 0.366667 0.400000 0.433333 0.466667 0.500000
0.533333 0.566667 0.600000 0.633333 0.666667 0.700000</float_array>
        <technique_common>
          <accessor source="#mixamorig_Head-Matrix-animation-input-array" count="22">
            <param name="TIME" type="float"/>
          </accessor>
        </technique_common>
      </source>
      <source id="mixamorig_Head-Matrix-animation-output-transform">
        <float_array id="mixamorig_Head-Matrix-animation-output-transform-array" count="352">

0.993772 -0.096051 0.056498 0.000000 0.061389 0.895015 0.441792 5.564000 -0.093001 -0.435572 0.895337 0.988100 0.000000 0.000000 0.000000 1.000000
0.980630 -0.099980 0.168430 0.000000 0.016139 0.898234 0.439222 5.564000 -0.195203 -0.427995 0.882449 0.988100 0.000000 0.000000 0.000000 1.000000
0.960296 -0.111589 0.255693 0.000000 -0.011517 0.899882 0.435981 5.564000 -0.278745 -0.421616 0.862868 0.988100 0.000000 0.000000 0.000000 1.000000
0.944039 -0.114390 0.309364 -0.000000 -0.034024 0.899159 0.436298 5.564000 -0.328075 -0.422408 0.844949 0.988100 0.000000 0.000000 0.000000 1.000000
0.936260 -0.102454 0.336036 0.000000 -0.057261 0.899232 0.433708 5.564000 -0.346609 -0.425306 0.836048 0.988100 0.000000 0.000000 0.000000 1.000000
0.939456 -0.086153 0.331662 0.000000 -0.068836 0.900701 0.428950 5.564000 -0.335684 -0.425811 0.840239 0.988100 0.000000 0.000000 0.000000 1.000000
0.954238 -0.074229 0.289688 0.000000 -0.061134 0.899825 0.431946 5.564000 -0.292732 -0.429889 0.854110 0.988100 0.000000 0.000000 0.000000 1.000000
0.972745 -0.058397 0.224404 0.000000 -0.049027 0.894092 0.445193 5.564000 -0.226636 -0.444061 0.866860 0.988100 0.000000 0.000000 0.000000 1.000000
0.986802 -0.027723 0.159539 0.000000 -0.049183 0.887375 0.458417 5.564000 -0.154279 -0.460214 0.874300 0.988100 0.000000 0.000000 0.000000 1.000000
0.995340 0.008845 0.096023 0.000000 -0.052170 0.886860 0.459084 5.564000 -0.081098 -0.461954 0.883188 0.988100 0.000000 0.000000 0.000000 1.000000
0.999251 0.033952 0.018567 0.000000 -0.038670 0.893960 0.446475 5.564000 -0.001439 -0.446859 0.894603 0.988100 0.000000 0.000000 0.000000 1.000000
0.996408 0.048372 -0.069501 0.000000 -0.013838 0.902761 0.429920 5.564000 0.083539 -0.427414 0.900188 0.988100 0.000000 0.000000 0.000000 1.000000
0.986905 0.066872 -0.146788 0.000000 0.000511 0.908714 0.417419 5.564000 0.161302 -0.412028 0.896780 0.988100 0.000000 0.000000 0.000000 1.000000
0.975989 0.091522 -0.197660 0.000000 -0.002336 0.911790 0.410651 5.564000 0.217807 -0.400329 0.890110 0.988100 0.000000 0.000000 0.000000 1.000000
0.969340 0.107080 -0.221166 -0.000000 -0.008206 0.913661 0.406394 5.564000 0.245587 -0.392119 0.886527 0.988100 0.000000 0.000000 0.000000 1.000000
0.969612 0.100594 -0.223012 -0.000000 -0.002900 0.916219 0.400668 5.564000 0.244632 -0.387845 0.888668 0.988100 0.000000 0.000000 0.000000 1.000000
0.976234 0.073290 -0.203951 0.000000 0.013026 0.919538 0.392786 5.564000 0.216328 -0.386108 0.896729 0.988100 0.000000 0.000000 0.000000 1.000000
0.986513 0.034026 -0.160108 -0.000000 0.030909 0.921832 0.386356 5.564000 0.160739 -0.386094 0.908347 0.988100 0.000000 0.000000 0.000000 1.000000
0.995316 -0.008405 -0.096308 -0.000000 0.045264 0.920789 0.387426 5.564000 0.085423 -0.389971 0.916856 0.988100 0.000000 0.000000 0.000000 1.000000
0.998423 -0.046783 -0.031018 0.000000 0.055297 0.914690 0.400355 5.564000 0.009642 -0.401439 0.915835 0.988100 0.000000 0.000000 0.000000 1.000000
0.996878 -0.076386 0.019966 0.000000 0.060844 0.904424 0.422274 5.564000 -0.050314 -0.419741 0.906248 0.988100 0.000000 0.000000 0.000000 1.000000
0.993772 -0.096051 0.056498 -0.000000 0.061389 0.895015 0.441792 5.564000 -0.093001 -0.435572 0.895337 0.988100 0.000000 0.000000 0.000000 1.000000</float_array>
        <technique_common>
          <accessor source="#mixamorig_Head-Matrix-animation-output-transform-array" count="22" stride="16">
            <param type="float4x4"/>
          </accessor>
        </technique_common>
      </source>
      <source id="mixamorig_Head-Interpolations">
        <Name_array id="mixamorig_Head-Interpolations-array" count="22">
 LINEAR LINEAR LINEAR LINEAR LINEAR LINEAR LINEAR LINEAR LINEAR LINEAR LINEAR
LINEAR LINEAR LINEAR LINEAR LINEAR LINEAR LINEAR LINEAR LINEAR LINEAR LINEAR</Name_array>
        <technique_common>
          <accessor source="#mixamorig_Head-Interpolations-array" count="22">
            <param type="name"/>
          </accessor>
        </technique_common>
      </source>
      <sampler id="mixamorig_Head-Matrix-animation-transform">
        <input semantic="INPUT" source="#mixamorig_Head-Matrix-animation-input"/>
        <input semantic="OUTPUT" source="#mixamorig_Head-Matrix-animation-output-transform"/>
        <input semantic="INTERPOLATION" source="#mixamorig_Head-Interpolations"/>
      </sampler>
      <channel source="#mixamorig_Head-Matrix-animation-transform" target="mixamorig_Head/matrix"/>
    </animation>
    <animation id="mixamorig_LeftShoulder-anim" name="mixamorig_LeftShoulder">
      <source id="mixamorig_LeftShoulder-Matrix-animation-input">
        <float_array id="mixamorig_LeftShoulder-Matrix-animation-input-array" count="22">

0.000000 0.033333 0.066667 0.100000 0.133333 0.166667 0.200000 0.233333 0.266667 0.300000 0.333333 0.366667 0.400000 0.433333 0.466667 0.500000
0.533333 0.566667 0.600000 0.633333 0.666667 0.700000</float_array>
        <technique_common>
          <accessor source="#mixamorig_LeftShoulder-Matrix-animation-input-array" count="22">
            <param name="TIME" type="float"/>
          </accessor>
        </technique_common>
      </source>
      <source id="mixamorig_LeftShoulder-Matrix-animation-output-transform">
        <float_array id="mixamorig_LeftShoulder-Matrix-animation-output-transform-array" count="352">

0.213911 0.974642 -0.065688 5.935000 -0.001833 -0.066844 -0.997762 13.670200 -0.976851 0.213553 -0.012513 -1.662600 0.000000 0.000000 0.000000 1.000000
-0.000520 0.987532 -0.157416 5.935000 0.048402 -0.157206 -0.986379 13.670200 -0.998828 -0.008132 -0.047717 -1.662600 0.000000 0.000000 0.000000 1.000000
-0.171348 0.952065 -0.253402 5.935000 0.119340 -0.235255 -0.964579 13.670200 -0.977956 -0.195520 -0.073309 -1.662600 0.000000 0.000000 0.000000 1.000000
-0.262077 0.906908 -0.329898 5.935000 0.184104 -0.288584 -0.939588 13.670200 -0.947323 -0.306980 -0.091334 -1.662600 0.000000 0.000000 0.000000 1.000000
-0.288291 0.881808 -0.373234 5.935000 0.220033 -0.318346 -0.922085 13.670200 -0.931919 -0.347952 -0.102251 -1.662600 0.000000 0.000000 0.000000 1.000000
-0.285990 0.875243 -0.390075 5.935000 0.226413 -0.333829 -0.915038 13.670200 -0.931100 -0.350010 -0.102694 -1.662600 0.000000 0.000000 0.000000 1.000000
-0.274755 0.877190 -0.393760 5.935000 0.215871 -0.342791 -0.914272 13.670200 -0.936968 -0.336202 -0.095176 -1.662600 0.000000 0.000000 0.000000 1.000000
-0.254197 0.885137 -0.389765 5.935000 0.197045 -0.347153 -0.916874 13.670200 -0.946867 -0.309867 -0.086166 -1.662600 0.000000 0.000000 0.000000 1.000000
-0.218571 0.899007 -0.379490 5.935000 0.171930 -0.347331 -0.921847 13.670200 -0.960556 -0.266734 -0.078650 -1.662600 0.000000 0.000000 0.000000 1.000000
-0.168070 0.914580 -0.367825 5.935000 0.142680 -0.346634 -0.927085 13.670200 -0.975395 -0.208297 -0.072234 -1.662600 0.000000 0.000000 0.000000 1.000000
-0.109689 0.926030 -0.361161 5.935000 0.113694 -0.349280 -0.930095 13.670200 -0.987442 -0.143083 -0.066972 -1.662600 0.000000 0.000000 0.000000 1.000000
-0.051501 0.931511 -0.360049 5.935000 0.087853 -0.354903 -0.930766 13.670200 -0.994801 -0.079567 -0.063558 -1.662600 0.000000 0.000000 0.000000 1.000000
0.001917 0.933171 -0.359428 5.935000 0.065405 -0.358776 -0.931129 13.670200 -0.997857 -0.021724 -0.061722 -1.662600 0.000000 0.000000 0.000000 1.000000
0.048298 0.933686 -0.354821 5.935000 0.046619 -0.356956 -0.932957 13.670200 -0.997744 0.028518 -0.060768 -1.662600 0.000000 0.000000 0.000000 1.000000
0.085167 0.935167 -0.343816 5.935000 0.031875 -0.347451 -0.937156 13.670200 -0.995857 0.068855 -0.059400 -1.662600 0.000000 0.000000 0.000000 1.000000
0.111403 0.939296 -0.324518 5.935000 0.019809 -0.328585 -0.944267 13.670200 -0.993578 0.098766 -0.055212 -1.662600 0.000000 0.000000 0.000000 1.000000
0.129744 0.946380 -0.295856 5.935000 0.009181 -0.299511 -0.954049 13.670200 -0.991505 0.121066 -0.047549 -1.662600 0.000000 0.000000 0.000000 1.000000
0.144996 0.955106 -0.258356 5.935000 0.001256 -0.261293 -0.965259 13.670200 -0.989431 0.139634 -0.039086 -1.662600 0.000000 0.000000 0.000000 1.000000
0.160419 0.963612 -0.213816 5.935000 -0.002736 -0.216186 -0.976348 13.670200 -0.987045 0.157210 -0.032044 -1.662600 0.000000 0.000000 0.000000 1.000000
0.177032 0.970290 -0.164914 5.935000 -0.003642 -0.166914 -0.985965 13.670200 -0.984198 0.175148 -0.026015 -1.662600 0.000000 0.000000 0.000000 1.000000
0.194881 0.974092 -0.114743 5.935000 -0.003041 -0.116385 -0.993199 13.670200 -0.980822 0.193905 -0.019719 -1.662600 0.000000 0.000000 0.000000 1.000000
0.213911 0.974642 -0.065688 5.935000 -0.001833 -0.066844 -0.997762 13.670200 -0.976851 0.213552 -0.012513 -1.662600 0.000000 0.000000 0.000000 1.000000</float_array>
        <technique_common>
          <accessor source="#mixamorig_LeftShoulder-Matrix-animation-output-transform-array" count="22" stride="16">
            <param type="float4x4"/>
          </accessor>
        </technique_common>
      </source>
      <source id="mixamorig_LeftShoulder-Interpolations">
        <Name_array id="mixamorig_LeftShoulder-Interpolations-array" count="22">
 LINEAR LINEAR LINEAR LINEAR LINEAR LINEAR LINEAR LINEAR LINEAR LINEAR LINEAR
LINEAR LINEAR LINEAR LINEAR LINEAR LINEAR LINEAR LINEAR LINEAR LINEAR LINEAR</Name_array>
        <technique_common>
          <accessor source="#mixamorig_LeftShoulder-Interpolations-array" count="22">
            <param type="name"/>
          </accessor>
        </technique_common>
      </source>
      <sampler id="mixamorig_LeftShoulder-Matrix-animation-transform">
        <input semantic="INPUT" source="#mixamorig_LeftShoulder-Matrix-animation-input"/>
        <input semantic="OUTPUT" source="#mixamorig_LeftShoulder-Matrix-animation-output-transform"/>
        <input semantic="INTERPOLATION" source="#mixamorig_LeftShoulder-Interpolations"/>
      </sampler>
      <channel source="#mixamorig_LeftShoulder-Matrix-animation-transform" target="mixamorig_LeftShoulder/matrix"/>
    </animation>
    <animation id="mixamorig_LeftArm-anim" name="mixamorig_LeftArm">
      <source id="mixamorig_LeftArm-Matrix-animation-input">
        <float_array id="mixamorig_LeftArm-Matrix-animation-input-array" count="22">

0.000000 0.033333 0.066667 0.100000 0.133333 0.166667 0.200000 0.233333 0.266667 0.300000 0.333333 0.366667 0.400000 0.433333 0.466667 0.500000
0.533333 0.566667 0.600000 0.633333 0.666667 0.700000</float_array>
        <technique_common>
          <accessor source="#mixamorig_LeftArm-Matrix-animation-input-array" count="22">
            <param name="TIME" type="float"/>
          </accessor>
        </technique_common>
      </source>
      <source id="mixamorig_LeftArm-Matrix-animation-output-transform">
        <float_array id="mixamorig_LeftArm-Matrix-animation-output-transform-array" count="352">

0.865618 -0.438993 -0.240811 0.000000 0.102636 0.626300 -0.772796 12.607900 0.490072 0.644231 0.587193 0.000000 0.000000 0.000000 0.000000 1.000000
0.793186 -0.560333 -0.238501 -0.000000 0.254810 0.661084 -0.705719 12.607900 0.553107 0.498995 0.667141 0.000000 0.000000 0.000000 0.000000 1.000000
0.719735 -0.653245 -0.235060 0.000000 0.427166 0.683595 -0.591801 12.607900 0.547276 0.325530 0.771051 -0.000000 0.000000 0.000000 0.000000 1.000000
0.668397 -0.701489 -0.247303 0.000000 0.550687 0.690202 -0.469430 12.607900 0.499989 0.177579 0.847630 0.000000 0.000000 0.000000 0.000000 1.000000
0.663102 -0.704348 -0.253357 -0.000000 0.588179 0.699645 -0.405638 12.607900 0.462970 0.119960 0.878219 0.000000 0.000000 0.000000 0.000000 1.000000
0.679582 -0.692145 -0.243112 0.000000 0.573621 0.707938 -0.412047 12.607900 0.457305 0.140565 0.878131 0.000000 0.000000 0.000000 0.000000 1.000000
0.684505 -0.695567 -0.218265 0.000000 0.561629 0.694038 -0.450426 12.607900 0.464786 0.185735 0.865723 0.000000 0.000000 0.000000 0.000000 1.000000
0.678264 -0.712724 -0.178837 0.000000 0.569696 0.663756 -0.484639 12.607900 0.464118 0.226830 0.856238 0.000000 0.000000 0.000000 0.000000 1.000000
0.678525 -0.722669 -0.131731 0.000000 0.581298 0.637876 -0.505180 12.607900 0.449106 0.266202 0.852901 0.000000 0.000000 0.000000 0.000000 1.000000
