<?xml version="1.0" encoding="utf-8"?>
<COLLADA xmlns="http://www.collada.org/2005/11/COLLADASchema" version="1.4.1">
  <asset>
    <contributor>
      <author>Mixamo</author>
      <authoring_tool>COLLADA Mixamo exporter</authoring_tool>
      <comments/>
    </contributor>
    <created>2025-02-04T23:45:04Z</created>
    <modified>2025-02-04T23:45:04Z</modified>
    <revision/>
    <title/>
    <unit meter="0.010000"/>
    <up_axis>Y_UP</up_axis>
  </asset>
  <library_animations>
    <animation id="mixamorig_Hips-anim" name="mixamorig_Hips">
      <source id="mixamorig_Hips-Matrix-animation-input">
        <float_array id="mixamorig_Hips-Matrix-animation-input-array" count="37">

0.000000 0.033333 0.066667 0.100000 0.133333 0.166667 0.200000 0.233333 0.266667 0.300000 0.333333 0.366667 0.400000 0.433333 0.466667 0.500000
0.533333 0.566667 0.600000 0.633333 0.666667 0.700000 0.733333 0.766667 0.800000 0.833333 0.866667 0.900000 0.933333 0.966667 1.000000 1.033333
1.066667 1.100000 1.133333 1.166667 1.200000</float_array>
        <technique_common>
          <accessor source="#mixamorig_Hips-Matrix-animation-input-array" count="37">
            <param name="TIME" type="float"/>
          </accessor>
        </technique_common>
      </source>
      <source id="mixamorig_Hips-Matrix-animation-output-transform">
        <float_array id="mixamorig_Hips-Matrix-animation-output-transform-array" count="592">

0.582187 -0.121236 -0.803965 -0.024745 -0.014365 0.987132 -0.159259 80.561256 0.812928 0.104268 0.572954 0.030003 0.000000 0.000000 0.000000 1.000000
0.640453 -0.089039 -0.762818 0.124722 -0.041171 0.987848 -0.149872 80.593903 0.766893 0.127392 0.629005 0.875146 0.000000 0.000000 0.000000 1.000000
0.683345 -0.059776 -0.727645 0.480818 -0.075593 0.985493 -0.151949 80.618851 0.726172 0.158838 0.668913 1.808835 0.000000 0.000000 0.000000 1.000000
0.716022 -0.044306 -0.696670 0.963103 -0.108736 0.978724 -0.174000 80.694695 0.689557 0.200340 0.695970 2.809490 0.000000 0.000000 0.000000 1.000000
0.778888 -0.025685 -0.626637 1.542909 -0.120859 0.974286 -0.190159 80.905746 0.615408 0.223847 0.755755 4.244173 0.000000 0.000000 0.000000 1.000000
0.861611 -0.004451 -0.507550 2.198522 -0.099998 0.978874 -0.178340 81.232475 0.497621 0.204414 0.842964 6.492812 0.000000 0.000000 0.000000 1.000000
0.929590 0.009931 -0.368462 2.729733 -0.061274 0.989891 -0.127908 82.216507 0.363467 0.141480 0.920801 9.693279 0.000000 0.000000 0.000000 1.000000
0.975389 0.017603 -0.219785 3.422966 -0.024451 0.999295 -0.028475 83.617401 0.219129 0.033148 0.975133 13.280176 0.000000 0.000000 0.000000 1.000000
0.994508 0.013800 -0.103744 3.974670 -0.006961 0.997795 0.066002 86.168976 0.104426 -0.064917 0.992412 16.926172 0.000000 0.000000 0.000000 1.000000
0.999320 0.031771 -0.018731 4.234797 -0.028660 0.988601 0.147808 89.046570 0.023213 -0.147171 0.988839 20.120632 0.000000 0.000000 0.000000 1.000000
0.995659 0.045303 0.081306 4.432479 -0.062613 0.972354 0.224959 91.272446 -0.068867 -0.229073 0.970970 22.834108 0.000000 0.000000 0.000000 1.000000
0.983421 0.048471 0.174740 4.489778 -0.096890 0.954986 0.280381 92.379021 -0.153284 -0.292663 0.943850 26.056438 0.000000 0.000000 0.000000 1.000000
0.961807 0.060172 0.267034 4.565448 -0.144611 0.939987 0.309052 93.055779 -0.232412 -0.335864 0.912787 30.260866 0.000000 0.000000 0.000000 1.000000
0.923429 0.076997 0.375965 4.587117 -0.210816 0.920389 0.329304 93.322586 -0.320679 -0.383348 0.866146 35.252319 0.000000 0.000000 0.000000 1.000000
0.873611 0.047261 0.484324 4.678579 -0.258407 0.888408 0.379417 93.623856 -0.412346 -0.456616 0.788336 40.362560 0.000000 0.000000 0.000000 1.000000
0.833673 -0.023858 0.551743 4.727958 -0.262793 0.861567 0.434330 93.940727 -0.485725 -0.507083 0.711996 45.669376 0.000000 0.000000 0.000000 1.000000
0.816652 -0.061478 0.573847 4.920218 -0.260574 0.847918 0.461667 94.442444 -0.514957 -0.526551 0.676434 51.130493 0.000000 0.000000 0.000000 1.000000
0.841479 -0.060570 0.536885 4.853940 -0.227847 0.861232 0.454275 94.543823 -0.489897 -0.504590 0.710907 53.287910 0.000000 0.000000 0.000000 1.000000
0.898643 -0.077201 0.431835 4.433948 -0.134826 0.888142 0.439348 93.706116 -0.417448 -0.453039 0.787713 52.399155 0.000000 0.000000 0.000000 1.000000
0.953730 -0.060387 0.294537 4.059938 -0.067089 0.912181 0.404257 92.846321 -0.293083 -0.405313 0.865924 48.201710 0.000000 0.000000 0.000000 1.000000
0.983882 -0.018252 0.177882 3.797956 -0.047928 0.931462 0.360669 92.296402 -0.172274 -0.363382 0.915574 42.933537 0.000000 0.000000 0.000000 1.000000
0.996156 0.018138 0.085698 3.454359 -0.044449 0.947686 0.316095 91.758850 -0.075482 -0.318689 0.944849 38.245567 0.000000 0.000000 0.000000 1.000000
0.997492 0.036332 -0.060746 3.190590 -0.019417 0.965746 0.258761 91.380463 0.068067 -0.256932 0.964030 34.557816 0.000000 0.000000 0.000000 1.000000
0.970613 0.045891 -0.236230 3.005692 -0.002121 0.983242 0.182292 91.044968 0.240637 -0.176434 0.954445 31.433056 0.000000 0.000000 0.000000 1.000000
0.925217 0.049504 -0.376196 2.864284 -0.004808 0.992903 0.118832 90.748543 0.379409 -0.108137 0.918888 28.504345 0.000000 0.000000 0.000000 1.000000
0.883418 0.040255 -0.466854 2.634186 -0.003910 0.996902 0.078560 90.223640 0.468570 -0.067576 0.880838 25.861444 0.000000 0.000000 0.000000 1.000000
0.842440 0.018062 -0.538487 2.314035 -0.001058 0.999491 0.031870 89.363510 0.538789 -0.026279 0.842031 23.424309 0.000000 0.000000 0.000000 1.000000
0.791215 -0.009572 -0.611463 1.939091 -0.003004 0.999805 -0.019538 88.276764 0.611530 0.017295 0.791032 20.880869 0.000000 0.000000 0.000000 1.000000
0.710784 -0.041481 -0.702186 1.456518 -0.017654 0.996893 -0.076761 86.716728 0.703189 0.066957 0.707843 17.869171 0.000000 0.000000 0.000000 1.000000
0.625083 -0.070607 -0.777358 0.926496 -0.051904 0.989936 -0.131652 84.936844 0.778831 0.122641 0.615127 14.372940 0.000000 0.000000 0.000000 1.000000
0.582396 -0.094873 -0.807350 0.529968 -0.076336 0.982395 -0.170510 83.194611 0.809313 0.160934 0.564900 11.082140 0.000000 0.000000 0.000000 1.000000
0.568956 -0.113351 -0.814519 0.291438 -0.071952 0.979795 -0.186612 81.940758 0.819214 0.164780 0.549304 8.362110 0.000000 0.000000 0.000000 1.000000
0.568038 -0.122891 -0.813776 0.107830 -0.061678 0.979652 -0.190994 81.205231 0.820688 0.158684 0.548900 6.080264 0.000000 0.000000 0.000000 1.000000
0.576860 -0.125679 -0.807117 -0.005282 -0.050705 0.980678 -0.188944 80.716042 0.815268 0.149919 0.559341 4.059033 0.000000 0.000000 0.000000 1.000000
0.580789 -0.126379 -0.804185 -0.059326 -0.039140 0.982398 -0.182653 80.470619 0.813113 0.137558 0.565619 2.425273 0.000000 0.000000 0.000000 1.000000
0.581626 -0.124065 -0.803940 -0.046963 -0.026814 0.984840 -0.171381 80.496643 0.813014 0.121237 0.569481 1.198468 0.000000 0.000000 0.000000 1.000000
0.582187 -0.121236 -0.803965 -0.024745 -0.014365 0.987132 -0.159259 80.561256 0.812928 0.104268 0.572954 0.030002 0.000000 0.000000 0.000000 1.000000</float_array>
        <technique_common>
          <accessor source="#mixamorig_Hips-Matrix-animation-output-transform-array" count="37" stride="16">
            <param type="float4x4"/>
          </accessor>
        </technique_common>
      </source>
      <source id="mixamorig_Hips-Interpolations">
        <Name_array id="mixamorig_Hips-Interpolations-array" count="37">
 LINEAR LINEAR LINEAR LINEAR LINEAR LINEAR LINEAR LINEAR LINEAR LINEAR LINEAR
LINEAR LINEAR LINEAR LINEAR LINEAR LINEAR LINEAR LINEAR LINEAR LINEAR LINEAR LINEAR
LINEAR LINEAR LINEAR LINEAR LINEAR LINEAR LINEAR LINEAR LINEAR LINEAR LINEAR LINEAR
LINEAR LINEAR</Name_array>
        <technique_common>
          <accessor source="#mixamorig_Hips-Interpolations-array" count="37">
            <param type="name"/>
          </accessor>
        </technique_common>
      </source>
      <sampler id="mixamorig_Hips-Matrix-animation-transform">
        <input semantic="INPUT" source="#mixamorig_Hips-Matrix-animation-input"/>
        <input semantic="OUTPUT" source="#mixamorig_Hips-Matrix-animation-output-transform"/>
        <input semantic="INTERPOLATION" source="#mixamorig_Hips-Interpolations"/>
      </sampler>
      <channel source="#mixamorig_Hips-Matrix-animation-transform" target="mixamorig_Hips/matrix"/>
    </animation>
    <animation id="mixamorig_Spine-anim" name="mixamorig_Spine">
      <source id="mixamorig_Spine-Matrix-animation-input">
        <float_array id="mixamorig_Spine-Matrix-animation-input-array" count="37">

0.000000 0.033333 0.066667 0.100000 0.133333 0.166667 0.200000 0.233333 0.266667 0.300000 0.333333 0.366667 0.400000 0.433333 0.466667 0.500000
0.533333 0.566667 0.600000 0.633333 0.666667 0.700000 0.733333 0.766667 0.800000 0.833333 0.866667 0.900000 0.933333 0.966667 1.000000 1.033333
1.066667 1.100000 1.133333 1.166667 1.200000</float_array>
        <technique_common>
          <accessor source="#mixamorig_Spine-Matrix-animation-input-array" count="37">
            <param name="TIME" type="float"/>
          </accessor>
        </technique_common>
      </source>
      <source id="mixamorig_Spine-Matrix-animation-output-transform">
        <float_array id="mixamorig_Spine-Matrix-animation-output-transform-array" count="592">

0.996514 0.049266 0.067321 0.017300 -0.047750 0.998572 -0.023939 10.574800 -0.068404 0.020641 0.997444 -1.117200 0.000000 0.000000 0.000000 1.000000
0.999181 0.006596 0.039915 0.017300 -0.005186 0.999362 -0.035324 10.574800 -0.040123 0.035088 0.998578 -1.117200 0.000000 0.000000 0.000000 1.000000
0.998186 -0.035216 0.048840 0.017300 0.037349 0.998356 -0.043468 10.574800 -0.047229 0.045213 0.997860 -1.117200 0.000000 0.000000 0.000000 1.000000
0.992388 -0.067159 0.103228 0.017300 0.070167 0.997202 -0.025786 10.574800 -0.101207 0.032833 0.994323 -1.117200 0.000000 0.000000 0.000000 1.000000
0.984949 -0.089678 0.147764 0.017300 0.091725 0.995759 -0.007085 10.574800 -0.146502 0.020532 0.988997 -1.117200 0.000000 0.000000 0.000000 1.000000
0.983548 -0.085583 0.159089 0.017300 0.089407 0.995850 -0.017027 10.574800 -0.156971 0.030971 0.987117 -1.117200 0.000000 0.000000 0.000000 1.000000
0.987345 -0.056857 0.148045 0.017300 0.065890 0.996207 -0.056835 10.574800 -0.144252 0.065871 0.987346 -1.117200 0.000000 0.000000 0.000000 1.000000
0.993692 -0.044966 0.102730 0.017300 0.057376 0.990964 -0.121235 10.574800 -0.096350 0.126365 0.987294 -1.117200 0.000000 0.000000 0.000000 1.000000
0.996811 -0.049847 0.062317 0.017300 0.059088 0.985901 -0.156547 10.574800 -0.053635 0.159730 0.985703 -1.117200 0.000000 0.000000 0.000000 1.000000
0.995933 -0.083965 0.032675 0.017300 0.088590 0.978681 -0.185297 10.574800 -0.016420 0.187438 0.982139 -1.117200 0.000000 0.000000 0.000000 1.000000
0.992312 -0.123235 -0.011365 0.017300 0.117359 0.966174 -0.229639 10.574800 0.039280 0.226540 0.973209 -1.117200 0.000000 0.000000 0.000000 1.000000
0.987082 -0.149816 -0.056774 0.017300 0.131122 0.959050 -0.251057 10.574800 0.092062 0.240369 0.966306 -1.117200 0.000000 0.000000 0.000000 1.000000
0.979879 -0.174954 -0.096064 0.017300 0.148506 0.960646 -0.234744 10.574800 0.133352 0.215755 0.967299 -1.117200 0.000000 0.000000 0.000000 1.000000
0.974377 -0.187721 -0.123895 0.017300 0.161432 0.967239 -0.195930 10.574800 0.156616 0.170909 0.972760 -1.117200 0.000000 0.000000 0.000000 1.000000
0.983543 -0.134872 -0.120218 0.017300 0.116960 0.982448 -0.145312 10.574800 0.137706 0.128860 0.982055 -1.117200 0.000000 0.000000 0.000000 1.000000
0.993765 -0.012050 -0.110843 0.017300 0.004779 0.997833 -0.065626 10.574800 0.111393 0.064687 0.991669 -1.117200 0.000000 0.000000 0.000000 1.000000
0.987720 0.105137 -0.115569 0.017300 -0.097172 0.992621 0.072536 10.574800 0.122342 -0.060415 0.990647 -1.117200 0.000000 0.000000 0.000000 1.000000
0.981248 0.141370 -0.131020 0.017300 -0.117079 0.977135 0.177484 10.574800 0.153115 -0.158816 0.975363 -1.117200 0.000000 0.000000 0.000000 1.000000
0.980091 0.149646 -0.130493 0.017300 -0.119639 0.969620 0.213361 10.574800 0.158457 -0.193501 0.968219 -1.117200 0.000000 0.000000 0.000000 1.000000
0.985677 0.080123 -0.148396 0.017300 -0.054383 0.983937 0.170032 10.574800 0.159636 -0.159527 0.974201 -1.117200 0.000000 0.000000 0.000000 1.000000
0.982203 -0.010934 -0.187505 0.017300 0.023254 0.997703 0.063630 10.574800 0.186379 -0.066857 0.980201 -1.117200 0.000000 0.000000 0.000000 1.000000
0.973622 -0.061877 -0.219618 0.017300 0.053511 0.997604 -0.043849 10.574800 0.221805 0.030941 0.974600 -1.117200 0.000000 0.000000 0.000000 1.000000
0.976601 -0.075267 -0.201456 0.017300 0.058514 0.994412 -0.087869 10.574800 0.206944 0.074025 0.975548 -1.117200 0.000000 0.000000 0.000000 1.000000
0.985914 -0.086721 -0.143016 0.017300 0.075559 0.993787 -0.081719 10.574800 0.149214 0.069762 0.986341 -1.117200 0.000000 0.000000 0.000000 1.000000
0.992082 -0.100081 -0.075873 0.017300 0.094338 0.992648 -0.075834 10.574800 0.082905 0.068076 0.994230 -1.117200 0.000000 0.000000 0.000000 1.000000
0.995277 -0.095100 -0.019486 0.017300 0.093158 0.992119 -0.083794 10.574800 0.027302 0.081583 0.996293 -1.117200 0.000000 0.000000 0.000000 1.000000
0.996988 -0.076896 0.010125 0.017300 0.077394 0.994878 -0.065026 10.574800 -0.005073 0.065613 0.997832 -1.117200 0.000000 0.000000 0.000000 1.000000
0.997989 -0.054579 0.032231 0.017300 0.055750 0.997773 -0.036631 10.574800 -0.030160 0.038354 0.998809 -1.117200 0.000000 0.000000 0.000000 1.000000
0.998013 -0.026945 0.056948 0.017300 0.027697 0.999539 -0.012446 10.574800 -0.056587 0.013999 0.998300 -1.117200 0.000000 0.000000 0.000000 1.000000
0.998397 -0.017620 0.053785 0.017300 0.017539 0.999844 0.001977 10.574800 -0.053811 -0.001030 0.998551 -1.117200 0.000000 0.000000 0.000000 1.000000
0.999103 -0.017499 0.038553 0.017300 0.017466 0.999847 0.001190 10.574800 -0.038568 -0.000515 0.999256 -1.117200 0.000000 0.000000 0.000000 1.000000
0.999179 -0.011361 0.038895 0.017300 0.011653 0.999906 -0.007278 10.574800 -0.038809 0.007725 0.999217 -1.117200 0.000000 0.000000 0.000000 1.000000
0.999006 -0.001399 0.044555 0.017300 0.001748 0.999968 -0.007785 10.574800 -0.044542 0.007855 0.998977 -1.117200 0.000000 0.000000 0.000000 1.000000
0.998539 0.010844 0.052931 0.017300 -0.010556 0.999928 -0.005716 10.574800 -0.052990 0.005149 0.998582 -1.117200 0.000000 0.000000 0.000000 1.000000
0.997992 0.023228 0.058925 0.017300 -0.022754 0.999703 -0.008715 10.574800 -0.059110 0.007357 0.998224 -1.117200 0.000000 0.000000 0.000000 1.000000
0.997343 0.036189 0.063226 0.017300 -0.035244 0.999251 -0.016000 10.574800 -0.063757 0.013729 0.997871 -1.117200 0.000000 0.000000 0.000000 1.000000
0.996514 0.049266 0.067321 0.017300 -0.047750 0.998572 -0.023939 10.574800 -0.068404 0.020641 0.997444 -1.117200 0.000000 0.000000 0.000000 1.000000</float_array>
        <technique_common>
          <accessor source="#mixamorig_Spine-Matrix-animation-output-transform-array" count="37" stride="16">
            <param type="float4x4"/>
          </accessor>
        </technique_common>
      </source>
      <source id="mixamorig_Spine-Interpolations">
        <Name_array id="mixamorig_Spine-Interpolations-array" count="37">
 LINEAR LINEAR LINEAR LINEAR LINEAR LINEAR LINEAR LINEAR LINEAR LINEAR LINEAR
LINEAR LINEAR LINEAR LINEAR LINEAR LINEAR LINEAR LINEAR LINEAR LINEAR LINEAR LINEAR
LINEAR LINEAR LINEAR LINEAR LINEAR LINEAR LINEAR LINEAR LINEAR LINEAR LINEAR LINEAR
LINEAR LINEAR</Name_array>
        <technique_common>
          <accessor source="#mixamorig_Spine-Interpolations-array" count="37">
            <param type="name"/>
          </accessor>
        </technique_common>
      </source>
      <sampler id="mixamorig_Spine-Matrix-animation-transform">
        <input semantic="INPUT" source="#mixamorig_Spine-Matrix-animation-input"/>
        <input semantic="OUTPUT" source="#mixamorig_Spine-Matrix-animation-output-transform"/>
        <input semantic="INTERPOLATION" source="#mixamorig_Spine-Interpolations"/>
      </sampler>
      <channel source="#mixamorig_Spine-Matrix-animation-transform" target="mixamorig_Spine/matrix"/>
    </animation>
    <animation id="mixamorig_Spine1-anim" name="mixamorig_Spine1">
      <source id="mixamorig_Spine1-Matrix-animation-input">
        <float_array id="mixamorig_Spine1-Matrix-animation-input-array" count="37">

0.000000 0.033333 0.066667 0.100000 0.133333 0.166667 0.200000 0.233333 0.266667 0.300000 0.333333 0.366667 0.400000 0.433333 0.466667 0.500000
0.533333 0.566667 0.600000 0.633333 0.666667 0.700000 0.733333 0.766667 0.800000 0.833333 0.866667 0.900000 0.933333 0.966667 1.000000 1.033333
1.066667 1.100000 1.133333 1.166667 1.200000</float_array>
        <technique_common>
          <accessor source="#mixamorig_Spine1-Matrix-animation-input-array" count="37">
            <param name="TIME" type="float"/>
          </accessor>
        </technique_common>
      </source>
      <source id="mixamorig_Spine1-Matrix-animation-output-transform">
        <float_array id="mixamorig_Spine1-Matrix-animation-output-transform-array" count="592">

0.998869 -0.042936 0.020427 0.000000 0.043367 0.998836 -0.021132 12.406000 -0.019496 0.021994 0.999568 0.000000 0.000000 0.000000 0.000000 1.000000
0.998824 -0.047069 0.011662 -0.000000 0.047292 0.998688 -0.019639 12.406000 -0.010723 0.020167 0.999739 0.000000 0.000000 0.000000 0.000000 1.000000
0.998548 -0.052362 0.012628 0.000000 0.052592 0.998442 -0.018621 12.406000 -0.011634 0.019258 0.999747 0.000000 0.000000 0.000000 0.000000 1.000000
0.997951 -0.058204 0.026582 -0.000000 0.058634 0.998157 -0.015671 12.406000 -0.025621 0.017198 0.999524 0.000000 0.000000 0.000000 0.000000 1.000000
0.997291 -0.063225 0.037592 0.000000 0.063542 0.997952 -0.007311 12.406000 -0.037053 0.009680 0.999266 0.000000 0.000000 0.000000 0.000000 1.000000
0.997147 -0.064622 0.039016 0.000000 0.064642 0.997908 0.000753 12.406000 -0.038983 0.001771 0.999238 -0.000000 0.000000 0.000000 0.000000 1.000000
0.997251 -0.065808 0.034041 0.000000 0.065649 0.997826 0.005785 12.406000 -0.034348 -0.003534 0.999404 0.000000 0.000000 0.000000 0.000000 1.000000
0.997847 -0.062572 0.019649 0.000000 0.062574 0.998040 0.000531 12.406000 -0.019644 0.000700 0.999807 -0.000000 0.000000 0.000000 0.000000 1.000000
0.998396 -0.056061 0.007912 0.000000 0.056135 0.998378 -0.009472 12.406000 -0.007368 0.009901 0.999924 0.000000 0.000000 0.000000 0.000000 1.000000
0.998591 -0.053047 -0.001320 0.000000 0.052998 0.998281 -0.025007 12.406000 0.002644 0.024902 0.999686 0.000000 0.000000 0.000000 0.000000 1.000000
0.998568 -0.051408 -0.014785 0.000000 0.050748 0.997828 -0.041996 12.406000 0.016911 0.041185 0.999008 -0.000000 0.000000 0.000000 0.000000 1.000000
0.998269 -0.052002 -0.027456 -0.000000 0.050420 0.997188 -0.055449 12.406000 0.030263 0.053968 0.998084 0.000000 0.000000 0.000000 0.000000 1.000000
0.997928 -0.052231 -0.037585 0.000000 0.050018 0.997086 -0.057600 12.406000 0.040484 0.055601 0.997632 0.000000 0.000000 0.000000 0.000000 1.000000
0.997756 -0.050407 -0.044067 -0.000000 0.048211 0.997608 -0.049538 12.406000 0.046459 0.047303 0.997800 0.000000 0.000000 0.000000 0.000000 1.000000
0.998202 -0.044089 -0.040597 0.000000 0.042455 0.998286 -0.040273 12.406000 0.042303 0.038477 0.998364 -0.000000 0.000000 0.000000 0.000000 1.000000
0.998532 -0.041343 -0.034981 0.000000 0.039742 0.998183 -0.045299 12.406000 0.036790 0.043842 0.998361 0.000000 0.000000 0.000000 0.000000 1.000000
0.998129 -0.050949 -0.033805 0.000000 0.048239 0.995891 -0.076649 12.406000 0.037572 0.074875 0.996485 0.000000 0.000000 0.000000 0.000000 1.000000
0.997513 -0.059285 -0.038126 0.000000 0.055002 0.992953 -0.104972 12.406000 0.044080 0.102614 0.993744 -0.000000 0.000000 0.000000 0.000000 1.000000
0.997922 -0.051319 -0.038951 0.000000 0.046795 0.992906 -0.109310 12.406000 0.044284 0.107260 0.993244 0.000000 0.000000 0.000000 0.000000 1.000000
0.998617 -0.030822 -0.042594 -0.000000 0.026981 0.995756 -0.087983 12.406000 0.045125 0.086712 0.995211 0.000000 0.000000 0.000000 0.000000 1.000000
0.998477 -0.017142 -0.052441 -0.000000 0.014349 0.998482 -0.053186 12.406000 0.053273 0.052352 0.997207 0.000000 0.000000 0.000000 0.000000 1.000000
0.997938 -0.014943 -0.062419 0.000000 0.013133 0.999484 -0.029299 12.406000 0.062825 0.028418 0.997620 -0.000000 0.000000 0.000000 0.000000 1.000000
0.998157 -0.017862 -0.057996 0.000000 0.016468 0.999566 -0.024428 12.406000 0.058408 0.023428 0.998018 0.000000 0.000000 0.000000 0.000000 1.000000
0.998787 -0.025150 -0.042327 0.000000 0.024251 0.999472 -0.021625 12.406000 0.042848 0.020572 0.998870 0.000000 0.000000 0.000000 0.000000 1.000000
0.999124 -0.033660 -0.024866 0.000000 0.033250 0.999307 -0.016720 12.406000 0.025412 0.015878 0.999551 0.000000 0.000000 0.000000 0.000000 1.000000
0.999198 -0.038753 -0.010042 0.000000 0.038612 0.999158 -0.013882 12.406000 0.010572 0.013483 0.999853 0.000000 0.000000 0.000000 0.000000 1.000000
0.999146 -0.041311 -0.001238 0.000000 0.041297 0.999101 -0.009535 12.406000 0.001631 0.009476 0.999954 -0.000000 0.000000 0.000000 0.000000 1.000000
0.999051 -0.043151 0.005957 0.000000 0.043183 0.999053 -0.005350 12.406000 -0.005721 0.005602 0.999968 0.000000 0.000000 0.000000 0.000000 1.000000
0.998922 -0.044251 0.014031 0.000000 0.044325 0.999005 -0.004992 12.406000 -0.013797 0.005609 0.999889 0.000000 0.000000 0.000000 0.000000 1.000000
0.998932 -0.044099 0.013809 0.000000 0.044197 0.999000 -0.006808 12.406000 -0.013495 0.007411 0.999881 0.000000 0.000000 0.000000 0.000000 1.000000
0.999057 -0.042245 0.010037 0.000000 0.042339 0.999060 -0.009305 12.406000 -0.009635 0.009721 0.999906 0.000000 0.000000 0.000000 0.000000 1.000000
0.999152 -0.039754 0.010713 0.000000 0.039898 0.999112 -0.013563 12.406000 -0.010165 0.013979 0.999851 -0.000000 0.000000 0.000000 0.000000 1.000000
0.999130 -0.039728 0.012701 0.000000 0.039952 0.999040 -0.017959 12.406000 -0.011975 0.018451 0.999758 -0.000000 0.000000 0.000000 0.000000 1.000000
0.999044 -0.040916 0.015362 -0.000000 0.041246 0.998911 -0.021817 12.406000 -0.014453 0.022429 0.999644 0.000000 0.000000 0.000000 0.000000 1.000000
0.998979 -0.041705 0.017379 0.000000 0.042104 0.998842 -0.023263 12.406000 -0.016389 0.023971 0.999578 0.000000 0.000000 0.000000 0.000000 1.000000
0.998925 -0.042323 0.018930 0.000000 0.042744 0.998836 -0.022368 12.406000 -0.017961 0.023153 0.999571 0.000000 0.000000 0.000000 0.000000 1.000000
0.998869 -0.042936 0.020427 0.000000 0.043367 0.998836 -0.021132 12.406000 -0.019496 0.021994 0.999568 -0.000000 0.000000 0.000000 0.000000 1.000000</float_array>
        <technique_common>
          <accessor source="#mixamorig_Spine1-Matrix-animation-output-transform-array" count="37" stride="16">
            <param type="float4x4"/>
          </accessor>
        </technique_common>
      </source>
      <source id="mixamorig_Spine1-Interpolations">
        <Name_array id="mixamorig_Spine1-Interpolations-array" count="37">
 LINEAR LINEAR LINEAR LINEAR LINEAR LINEAR LINEAR LINEAR LINEAR LINEAR LINEAR
LINEAR LINEAR LINEAR LINEAR LINEAR LINEAR LINEAR LINEAR LINEAR LINEAR LINEAR LINEAR
LINEAR LINEAR LINEAR LINEAR LINEAR LINEAR LINEAR LINEAR LINEAR LINEAR LINEAR LINEAR
LINEAR LINEAR</Name_array>
        <technique_common>
          <accessor source="#mixamorig_Spine1-Interpolations-array" count="37">
            <param type="name"/>
          </accessor>
        </technique_common>
      </source>
      <sampler id="mixamorig_Spine1-Matrix-animation-transform">
        <input semantic="INPUT" source="#mixamorig_Spine1-Matrix-animation-input"/>
        <input semantic="OUTPUT" source="#mixamorig_Spine1-Matrix-animation-output-transform"/>
        <input semantic="INTERPOLATION" source="#mixamorig_Spine1-Interpolations"/>
      </sampler>
      <channel source="#mixamorig_Spine1-Matrix-animation-transform" target="mixamorig_Spine1/matrix"/>
    </animation>
    <animation id="mixamorig_Spine2-anim" name="mixamorig_Spine2">
      <source id="mixamorig_Spine2-Matrix-animation-input">
        <float_array id="mixamorig_Spine2-Matrix-animation-input-array" count="37">

0.000000 0.033333 0.066667 0.100000 0.133333 0.166667 0.200000 0.233333 0.266667 0.300000 0.333333 0.366667 0.400000 0.433333 0.466667 0.500000
0.533333 0.566667 0.600000 0.633333 0.666667 0.700000 0.733333 0.766667 0.800000 0.833333 0.866667 0.900000 0.933333 0.966667 1.000000 1.033333
1.066667 1.100000 1.133333 1.166667 1.200000</float_array>
        <technique_common>
          <accessor source="#mixamorig_Spine2-Matrix-animation-input-array" count="37">
            <param name="TIME" type="float"/>
          </accessor>
        </technique_common>
      </source>
      <source id="mixamorig_Spine2-Matrix-animation-output-transform">
        <float_array id="mixamorig_Spine2-Matrix-animation-output-transform-array" count="592">

0.999542 -0.019835 0.022868 -0.000000 0.022207 0.993834 -0.108633 14.178300 -0.020572 0.109091 0.993819 0.000000 0.000000 0.000000 0.000000 1.000000
0.999549 -0.026284 0.014505 0.000000 0.027702 0.993744 -0.108196 14.178300 -0.011571 0.108549 0.994024 0.000000 0.000000 0.000000 0.000000 1.000000
0.999328 -0.033036 0.015902 0.000000 0.034567 0.993519 -0.108285 14.178300 -0.012222 0.108762 0.993993 0.000000 0.000000 0.000000 0.000000 1.000000
0.998777 -0.039068 0.030285 0.000000 0.042094 0.993396 -0.106733 14.178300 -0.025915 0.107877 0.993826 0.000000 0.000000 0.000000 0.000000 1.000000
0.998131 -0.044741 0.041623 -0.000000 0.048716 0.993795 -0.099995 14.178300 -0.036890 0.101836 0.994117 0.000000 0.000000 0.000000 0.000000 1.000000
0.997925 -0.047847 0.043078 0.000000 0.051706 0.994281 -0.093442 14.178300 -0.038361 0.095476 0.994692 -0.000000 0.000000 0.000000 0.000000 1.000000
0.997954 -0.051345 0.038106 0.000000 0.054594 0.994465 -0.089775 14.178300 -0.033286 0.091671 0.995233 0.000000 0.000000 0.000000 0.000000 1.000000
0.998409 -0.051299 0.023395 0.000000 0.053322 0.993941 -0.096118 14.178300 -0.018322 0.097212 0.995095 0.000000 0.000000 0.000000 0.000000 1.000000
0.998794 -0.047787 0.011256 0.000000 0.048720 0.993043 -0.107198 14.178300 -0.006055 0.107617 0.994174 0.000000 0.000000 0.000000 0.000000 1.000000
0.998865 -0.047587 0.002034 0.000000 0.047473 0.991183 -0.123704 14.178300 0.003871 0.123661 0.992317 -0.000000 0.000000 0.000000 0.000000 1.000000
0.998713 -0.049475 -0.011189 -0.000000 0.047401 0.988824 -0.141349 14.178300 0.018057 0.140636 0.989897 0.000000 0.000000 0.000000 0.000000 1.000000
0.998295 -0.053536 -0.023260 0.000000 0.049291 0.986629 -0.155350 14.178300 0.031266 0.153939 0.987586 0.000000 0.000000 0.000000 0.000000 1.000000
0.997865 -0.056512 -0.032748 -0.000000 0.050658 0.986120 -0.158117 14.178300 0.041229 0.156121 0.986877 -0.000000 0.000000 0.000000 0.000000 1.000000
0.997641 -0.056494 -0.038995 0.000000 0.050013 0.987295 -0.150825 14.178300 0.047020 0.148519 0.987791 0.000000 0.000000 0.000000 0.000000 1.000000
0.998082 -0.050234 -0.036167 0.000000 0.044592 0.988757 -0.142729 14.178300 0.042930 0.140842 0.989101 0.000000 0.000000 0.000000 0.000000 1.000000
0.998435 -0.046463 -0.031137 0.000000 0.041327 0.987961 -0.149084 14.178300 0.037689 0.147564 0.988334 0.000000 0.000000 0.000000 0.000000 1.000000
0.998100 -0.054343 -0.029025 0.000000 0.048202 0.982222 -0.181429 14.178300 0.038368 0.179685 0.982976 0.000000 0.000000 0.000000 0.000000 1.000000
0.997562 -0.061840 -0.032354 0.000000 0.053709 0.976238 -0.209941 14.178300 0.044567 0.207691 0.977179 -0.000000 0.000000 0.000000 0.000000 1.000000
0.997987 -0.053447 -0.034126 0.000000 0.044944 0.975811 -0.213946 14.178300 0.044735 0.211982 0.976249 -0.000000 0.000000 0.000000 0.000000 1.000000
0.998635 -0.033971 -0.039671 0.000000 0.025743 0.981047 -0.192053 14.178300 0.045443 0.190770 0.980582 0.000000 0.000000 0.000000 0.000000 1.000000
0.998467 -0.022619 -0.050510 0.000000 0.014444 0.987539 -0.156709 14.178300 0.053426 0.155740 0.986352 0.000000 0.000000 0.000000 0.000000 1.000000
0.997923 -0.022154 -0.060490 0.000000 0.013992 0.991128 -0.132172 14.178300 0.062881 0.131051 0.989379 0.000000 0.000000 0.000000 0.000000 1.000000
0.998149 -0.023891 -0.055930 0.000000 0.016650 0.991823 -0.126529 14.178300 0.058496 0.125363 0.990385 0.000000 0.000000 0.000000 0.000000 1.000000
0.998812 -0.027974 -0.039899 0.000000 0.022881 0.992162 -0.122848 14.178300 0.043023 0.121789 0.991623 0.000000 0.000000 0.000000 0.000000 1.000000
0.999213 -0.032969 -0.022046 0.000000 0.030170 0.992667 -0.117053 14.178300 0.025744 0.116296 0.992881 0.000000 0.000000 0.000000 0.000000 1.000000
0.999363 -0.034965 -0.007118 0.000000 0.033934 0.992970 -0.113395 14.178300 0.011033 0.113081 0.993524 0.000000 0.000000 0.000000 0.000000 1.000000
0.999383 -0.035082 0.001732 0.000000 0.035063 0.993519 -0.108122 14.178300 0.002072 0.108116 0.994136 0.000000 0.000000 0.000000 0.000000 1.000000
0.999359 -0.034646 0.008974 0.000000 0.035387 0.994057 -0.102946 14.178300 -0.005354 0.103197 0.994647 0.000000 0.000000 0.000000 0.000000 1.000000
0.999297 -0.033382 0.017055 0.000000 0.034945 0.994221 -0.101504 14.178300 -0.013568 0.102028 0.994689 0.000000 0.000000 0.000000 0.000000 1.000000
0.999356 -0.031717 0.016760 0.000000 0.033266 0.994218 -0.102095 14.178300 -0.013425 0.102587 0.994633 0.000000 0.000000 0.000000 0.000000 1.000000
0.999506 -0.028705 0.012793 0.000000 0.029875 0.994194 -0.103367 14.178300 -0.009751 0.103698 0.994561 -0.000000 0.000000 0.000000 0.000000 1.000000
0.999610 -0.024609 0.013208 0.000000 0.025877 0.993983 -0.106433 14.178300 -0.010509 0.106733 0.994232 0.000000 0.000000 0.000000 0.000000 1.000000
0.999624 -0.022858 0.015122 0.000000 0.024380 0.993672 -0.109640 14.178300 -0.012520 0.109968 0.993856 0.000000 0.000000 0.000000 0.000000 1.000000
0.999593 -0.022287 0.017804 0.000000 0.024149 0.993376 -0.112341 14.178300 -0.015182 0.112725 0.993510 -0.000000 0.000000 0.000000 0.000000 1.000000
0.999573 -0.021481 0.019822 0.000000 0.023583 0.993347 -0.112718 14.178300 -0.017269 0.113137 0.993429 -0.000000 0.000000 0.000000 0.000000 1.000000
0.999558 -0.020651 0.021372 0.000000 0.022897 0.993575 -0.110838 14.178300 -0.018945 0.111279 0.993609 -0.000000 0.000000 0.000000 0.000000 1.000000
0.999542 -0.019835 0.022868 0.000000 0.022207 0.993834 -0.108633 14.178300 -0.020572 0.109091 0.993819 0.000000 0.000000 0.000000 0.000000 1.000000</float_array>
        <technique_common>
          <accessor source="#mixamorig_Spine2-Matrix-animation-output-transform-array" count="37" stride="16">
            <param type="float4x4"/>
          </accessor>
        </technique_common>
      </source>
      <source id="mixamorig_Spine2-Interpolations">
        <Name_array id="mixamorig_Spine2-Interpolations-array" count="37">
 LINEAR LINEAR LINEAR LINEAR LINEAR LINEAR LINEAR LINEAR LINEAR LINEAR LINEAR
LINEAR LINEAR LINEAR LINEAR LINEAR LINEAR LINEAR LINEAR LINEAR LINEAR LINEAR LINEAR
LINEAR LINEAR LINEAR LINEAR LINEAR LINEAR LINEAR LINEAR LINEAR LINEAR LINEAR LINEAR
LINEAR LINEAR</Name_array>
        <technique_common>
          <accessor source="#mixamorig_Spine2-Interpolations-array" count="37">
            <param type="name"/>
          </accessor>
        </technique_common>
      </source>
      <sampler id="mixamorig_Spine2-Matrix-animation-transform">
        <input semantic="INPUT" source="#mixamorig_Spine2-Matrix-animation-input"/>
        <input semantic="OUTPUT" source="#mixamorig_Spine2-Matrix-animation-output-transform"/>
        <input semantic="INTERPOLATION" source="#mixamorig_Spine2-Interpolations"/>
      </sampler>
      <channel source="#mixamorig_Spine2-Matrix-animation-transform" target="mixamorig_Spine2/matrix"/>
    </animation>
    <animation id="mixamorig_Neck-anim" name="mixamorig_Neck">
      <source id="mixamorig_Neck-Matrix-animation-input">
        <float_array id="mixamorig_Neck-Matrix-animation-input-array" count="37">

0.000000 0.033333 0.066667 0.100000 0.133333 0.166667 0.200000 0.233333 0.266667 0.300000 0.333333 0.366667 0.400000 0.433333 0.466667 0.500000
0.533333 0.566667 0.600000 0.633333 0.666667 0.700000 0.733333 0.766667 0.800000 0.833333 0.866667 0.900000 0.933333 0.966667 1.000000 1.033333
1.066667 1.100000 1.133333 1.166667 1.200000</float_array>
        <technique_common>
          <accessor source="#mixamorig_Neck-Matrix-animation-input-array" count="37">
            <param name="TIME" type="float"/>
          </accessor>
        </technique_common>
      </source>
      <source id="mixamorig_Neck-Matrix-animation-output-transform">
        <float_array id="mixamorig_Neck-Matrix-animation-output-transform-array" count="592">

0.985070 0.027001 0.170027 0.024400 -0.032878 0.998952 0.031849 15.862300 -0.168988 -0.036964 0.984925 -1.675800 0.000000 0.000000 0.000000 1.000000
0.986274 0.024819 0.163244 0.024400 -0.032342 0.998526 0.043587 15.862300 -0.161921 -0.048269 0.985622 -1.675800 0.000000 0.000000 0.000000 1.000000
0.989533 0.001674 0.144299 0.024400 -0.014178 0.996223 0.085670 15.862300 -0.143611 -0.086819 0.985819 -1.675800 0.000000 0.000000 0.000000 1.000000
0.993977 -0.024174 0.106891 0.024400 0.009644 0.990879 0.134410 15.862300 -0.109165 -0.132569 0.985144 -1.675800 0.000000 0.000000 0.000000 1.000000
0.997536 -0.033247 0.061771 0.024400 0.023353 0.987718 0.154495 15.862300 -0.066149 -0.152672 0.986061 -1.675800 0.000000 0.000000 0.000000 1.000000
0.999013 -0.040355 0.018550 0.024400 0.036341 0.982823 0.180935 15.862300 -0.025533 -0.180082 0.983320 -1.675800 0.000000 0.000000 0.000000 1.000000
0.999377 -0.031707 -0.015533 0.024400 0.034110 0.980625 0.192901 15.862300 0.009116 -0.193310 0.981095 -1.675800 0.000000 0.000000 0.000000 1.000000
0.998352 -0.036535 -0.044256 0.024400 0.043338 0.985499 0.164056 15.862300 0.037620 -0.165704 0.985458 -1.675800 0.000000 0.000000 0.000000 1.000000
0.997658 -0.032376 -0.060256 0.024400 0.037258 0.995957 0.081741 15.862300 0.057366 -0.083795 0.994830 -1.675800 0.000000 0.000000 0.000000 1.000000
0.994325 -0.066565 -0.082988 0.024400 0.069659 0.996958 0.034959 15.862300 0.080408 -0.040541 0.995937 -1.675800 0.000000 0.000000 0.000000 1.000000
0.991641 -0.082391 -0.099293 0.024400 0.085033 0.996120 0.022674 15.862300 0.097040 -0.030928 0.994800 -1.675800 0.000000 0.000000 0.000000 1.000000
0.991895 -0.069670 -0.106258 0.024400 0.072338 0.997149 0.021466 15.862300 0.104459 -0.028978 0.994107 -1.675800 0.000000 0.000000 0.000000 1.000000
0.991977 -0.052976 -0.114785 0.024400 0.058232 0.997379 0.042937 15.862300 0.112209 -0.049277 0.992462 -1.675800 0.000000 0.000000 0.000000 1.000000
0.986321 -0.062901 -0.152360 0.024400 0.068219 0.997222 0.029923 15.862300 0.150054 -0.039908 0.987872 -1.675800 0.000000 0.000000 0.000000 1.000000
0.967984 -0.112808 -0.224237 0.024400 0.100586 0.992787 -0.065238 15.862300 0.229979 0.040594 0.972349 -1.675800 0.000000 0.000000 0.000000 1.000000
0.961604 -0.122645 -0.245512 0.024400 0.086333 0.984356 -0.153590 15.862300 0.260508 0.126497 0.957149 -1.675800 0.000000 0.000000 0.000000 1.000000
0.966421 -0.108411 -0.232976 0.024400 0.053606 0.971755 -0.229821 15.862300 0.251311 0.209615 0.944936 -1.675800 0.000000 0.000000 0.000000 1.000000
0.972865 -0.093657 -0.211570 0.024400 0.037158 0.965786 -0.256664 15.862300 0.228370 0.241838 0.943060 -1.675800 0.000000 0.000000 0.000000 1.000000
0.979750 -0.077254 -0.184723 0.024400 0.033895 0.973247 -0.227249 15.862300 0.197337 0.216386 0.956156 -1.675800 0.000000 0.000000 0.000000 1.000000
0.986673 -0.058387 -0.151878 0.024400 0.032824 0.985634 -0.165673 15.862300 0.159370 0.158480 0.974415 -1.675800 0.000000 0.000000 0.000000 1.000000
0.992194 -0.042806 -0.117129 0.024400 0.031804 0.995042 -0.094232 15.862300 0.120581 0.089771 0.988636 -1.675800 0.000000 0.000000 0.000000 1.000000
0.995750 -0.038681 -0.083586 0.024400 0.036053 0.998814 -0.032722 15.862300 0.084752 0.029569 0.995963 -1.675800 0.000000 0.000000 0.000000 1.000000
0.997883 -0.039728 -0.051482 0.024400 0.041210 0.998757 0.028046 15.862300 0.050303 -0.030109 0.998280 -1.675800 0.000000 0.000000 0.000000 1.000000
0.999634 -0.018338 -0.019873 0.024400 0.019561 0.997810 0.063192 15.862300 0.018670 -0.063557 0.997804 -1.675800 0.000000 0.000000 0.000000 1.000000
0.999996 0.000528 0.002765 0.024400 -0.000659 0.998871 0.047500 15.862300 -0.002737 -0.047501 0.998867 -1.675800 0.000000 0.000000 0.000000 1.000000
0.999941 0.003135 0.010428 0.024400 -0.003338 0.999804 0.019507 15.862300 -0.010364 -0.019541 0.999755 -1.675800 0.000000 0.000000 0.000000 1.000000
0.999771 -0.000183 0.021382 0.024400 0.000219 0.999999 -0.001670 15.862300 -0.021382 0.001674 0.999770 -1.675800 0.000000 0.000000 0.000000 1.000000
0.999089 -0.003114 0.042572 0.024400 0.003399 0.999972 -0.006624 15.862300 -0.042550 0.006762 0.999071 -1.675800 0.000000 0.000000 0.000000 1.000000
0.997105 -0.008083 0.075602 0.024400 0.006795 0.999828 0.017277 15.862300 -0.075728 -0.016714 0.996988 -1.675800 0.000000 0.000000 0.000000 1.000000
0.992751 0.001166 0.120185 0.024400 -0.007741 0.998497 0.054253 15.862300 -0.119941 -0.054790 0.991268 -1.675800 0.000000 0.000000 0.000000 1.000000
0.987397 0.007285 0.158098 0.024400 -0.021502 0.995853 0.088398 15.862300 -0.156798 -0.090684 0.983459 -1.675800 0.000000 0.000000 0.000000 1.000000
0.984858 0.017600 0.172468 0.024400 -0.035123 0.994459 0.099082 15.862300 -0.169769 -0.103639 0.980019 -1.675800 0.000000 0.000000 0.000000 1.000000
0.983850 0.029076 0.176615 0.024400 -0.044453 0.995495 0.083742 15.862300 -0.173384 -0.090241 0.980711 -1.675800 0.000000 0.000000 0.000000 1.000000
0.982990 0.039691 0.179319 0.024400 -0.051644 0.996709 0.062487 15.862300 -0.176249 -0.070685 0.981804 -1.675800 0.000000 0.000000 0.000000 1.000000
0.983103 0.041119 0.178375 0.024400 -0.050385 0.997589 0.047729 15.862300 -0.175982 -0.055910 0.982804 -1.675800 0.000000 0.000000 0.000000 1.000000
0.984055 0.034690 0.174448 0.024400 -0.042163 0.998337 0.039316 15.862300 -0.172794 -0.046044 0.983881 -1.675800 0.000000 0.000000 0.000000 1.000000
0.985070 0.027001 0.170026 0.024400 -0.032878 0.998952 0.031849 15.862300 -0.168988 -0.036964 0.984925 -1.675800 0.000000 0.000000 0.000000 1.000000</float_array>
        <technique_common>
          <accessor source="#mixamorig_Neck-Matrix-animation-output-transform-array" count="37" stride="16">
            <param type="float4x4"/>
          </accessor>
        </technique_common>
      </source>
      <source id="mixamorig_Neck-Interpolations">
        <Name_array id="mixamorig_Neck-Interpolations-array" count="37">
 LINEAR LINEAR LINEAR LINEAR LINEAR LINEAR LINEAR LINEAR LINEAR LINEAR LINEAR
LINEAR LINEAR LINEAR LINEAR LINEAR LINEAR LINEAR LINEAR LINEAR LINEAR LINEAR LINEAR
LINEAR LINEAR LINEAR LINEAR LINEAR LINEAR LINEAR LINEAR LINEAR LINEAR LINEAR LINEAR
LINEAR LINEAR</Name_array>
        <technique_common>
          <accessor source="#mixamorig_Neck-Interpolations-array" count="37">
            <param type="name"/>
          </accessor>
        </technique_common>
      </source>
      <sampler id="mixamorig_Neck-Matrix-animation-transform">
        <input semantic="INPUT" source="#mixamorig_Neck-Matrix-animation-input"/>
        <input semantic="OUTPUT" source="#mixamorig_Neck-Matrix-animation-output-transform"/>
        <input semantic="INTERPOLATION" source="#mixamorig_Neck-Interpolations"/>
      </sampler>
      <channel source="#mixamorig_Neck-Matrix-animation-transform" target="mixamorig_Neck/matrix"/>
    </animation>
    <animation id="mixamorig_Head-anim" name="mixamorig_Head">
      <source id="mixamorig_Head-Matrix-animation-input">
        <float_array id="mixamorig_Head-Matrix-animation-input-array" count="37">

0.000000 0.033333 0.066667 0.100000 0.133333 0.166667 0.200000 0.233333 0.266667 0.300000 0.333333 0.366667 0.400000 0.433333 0.466667 0.500000
0.533333 0.566667 0.600000 0.633333 0.666667 0.700000 0.733333 0.766667 0.800000 0.833333 0.866667 0.900000 0.933333 0.966667 1.000000 1.033333
1.066667 1.100000 1.133333 1.166667 1.200000</float_array>
        <technique_common>
