<?xml version="1.0" encoding="utf-8"?>
<COLLADA xmlns="http://www.collada.org/2005/11/COLLADASchema" version="1.4.1">
  <asset>
    <contributor>
      <author>Mixamo</author>
      <authoring_tool>COLLADA Mixamo exporter</authoring_tool>
      <comments/>
    </contributor>
    <created>2025-02-08T23:53:29Z</created>
    <modified>2025-02-08T23:53:29Z</modified>
    <revision/>
    <title/>
    <unit meter="0.010000"/>
    <up_axis>Y_UP</up_axis>
  </asset>
  <library_animations>
    <animation id="mixamorig_Hips-anim" name="mixamorig_Hips">
      <source id="mixamorig_Hips-Matrix-animation-input">
        <float_array id="mixamorig_Hips-Matrix-animation-input-array" count="31">

0.000000 0.033333 0.066667 0.100000 0.133333 0.166667 0.200000 0.233333 0.266667 0.300000 0.333333 0.366667 0.400000 0.433333 0.466667 0.500000
0.533333 0.566667 0.600000 0.633333 0.666667 0.700000 0.733333 0.766667 0.800000 0.833333 0.866667 0.900000 0.933333 0.966667 1.000000</float_array>
        <technique_common>
          <accessor source="#mixamorig_Hips-Matrix-animation-input-array" count="31">
            <param name="TIME" type="float"/>
          </accessor>
        </technique_common>
      </source>
      <source id="mixamorig_Hips-Matrix-animation-output-transform">
        <float_array id="mixamorig_Hips-Matrix-animation-output-transform-array" count="496">

0.584922 -0.107254 -0.803967 -0.024622 -0.038010 0.986505 -0.159260 80.555382 0.810198 0.123713 0.572952 0.030529 0.000000 0.000000 0.000000 1.000000
0.521164 -0.102534 -0.847275 0.044452 -0.005344 0.992346 -0.123377 80.575546 0.853440 0.068828 0.516627 -0.952651 0.000000 0.000000 0.000000 1.000000
0.474748 -0.099092 -0.874526 0.310907 0.026085 0.994789 -0.098558 80.460342 0.879735 0.023978 0.474859 -1.889583 0.000000 0.000000 0.000000 1.000000
0.463992 -0.100597 -0.880109 0.828573 0.044237 0.994923 -0.090398 80.086319 0.884734 0.003011 0.466086 -2.671392 0.000000 0.000000 0.000000 1.000000
0.468273 -0.103834 -0.877462 1.307059 0.045767 0.994588 -0.093270 79.536285 0.882398 0.003517 0.470491 -3.158360 0.000000 0.000000 0.000000 1.000000
0.464799 -0.106769 -0.878955 1.408817 0.034968 0.994142 -0.102269 79.031525 0.884725 0.016799 0.465810 -3.166040 0.000000 0.000000 0.000000 1.000000
0.487053 -0.099875 -0.867643 0.966588 0.009769 0.994001 -0.108937 78.806374 0.873318 0.044582 0.485106 -2.558959 0.000000 0.000000 0.000000 1.000000
0.558076 -0.075544 -0.826344 0.199684 -0.027637 0.993603 -0.109500 78.793793 0.829329 0.083947 0.552418 -1.589344 0.000000 0.000000 0.000000 1.000000
0.656244 -0.041987 -0.753380 -0.449566 -0.062547 0.991987 -0.109768 78.808182 0.751952 0.119156 0.648359 -0.659121 0.000000 0.000000 0.000000 1.000000
0.794862 0.001551 -0.606789 -0.625820 -0.084709 0.990488 -0.108433 78.817276 0.600849 0.137590 0.787432 -0.028047 0.000000 0.000000 0.000000 1.000000
0.904407 0.044265 -0.424369 -0.567443 -0.100462 0.988733 -0.110969 78.827721 0.414676 0.142994 0.898664 0.421587 0.000000 0.000000 0.000000 1.000000
0.968415 0.081454 -0.235665 -0.384871 -0.111415 0.986895 -0.116730 78.832153 0.223068 0.139300 0.964798 0.761959 0.000000 0.000000 0.000000 1.000000
0.991136 0.110985 -0.073025 -0.185059 -0.119507 0.984919 -0.125108 78.822655 0.058038 0.132726 0.989452 1.087099 0.000000 0.000000 0.000000 1.000000
0.992028 0.125532 -0.011090 -0.010965 -0.125873 0.982751 -0.135487 78.787399 -0.006109 0.135803 0.990717 1.547826 0.000000 0.000000 0.000000 1.000000
0.990283 0.131531 -0.045150 0.119899 -0.136735 0.980125 -0.143731 78.769066 0.025348 0.148507 0.988586 1.997498 0.000000 0.000000 0.000000 1.000000
0.983044 0.131937 -0.127349 0.256660 -0.150436 0.977378 -0.148668 78.785889 0.104853 0.165305 0.980653 2.554160 0.000000 0.000000 0.000000 1.000000
0.959325 0.122407 -0.254387 0.450723 -0.163531 0.975478 -0.147312 78.823441 0.230117 0.182920 0.955817 3.476038 0.000000 0.000000 0.000000 1.000000
0.904537 0.098784 -0.414794 0.671115 -0.170041 0.975662 -0.138452 78.749329 0.391022 0.195767 0.899321 4.756768 0.000000 0.000000 0.000000 1.000000
0.821470 0.065706 -0.566454 0.837930 -0.165225 0.978155 -0.126147 78.520332 0.545791 0.197219 0.814381 6.076042 0.000000 0.000000 0.000000 1.000000
0.729846 0.033273 -0.682802 0.918725 -0.149976 0.982275 -0.112443 78.444885 0.666957 0.184470 0.721899 7.071390 0.000000 0.000000 0.000000 1.000000
0.638168 0.005299 -0.769879 1.039666 -0.124513 0.987523 -0.096414 78.920151 0.759762 0.157388 0.630865 7.454569 0.000000 0.000000 0.000000 1.000000
0.558709 -0.023374 -0.829034 1.165135 -0.087243 0.992401 -0.086775 79.898987 0.824762 0.120809 0.552424 6.829439 0.000000 0.000000 0.000000 1.000000
0.503469 -0.062401 -0.861757 1.231797 -0.048666 0.993757 -0.100391 80.736061 0.862642 0.092482 0.497289 5.345530 0.000000 0.000000 0.000000 1.000000
0.480602 -0.111416 -0.869832 1.225887 -0.016970 0.990529 -0.136252 81.122536 0.876774 0.080244 0.474160 3.599301 0.000000 0.000000 0.000000 1.000000
0.482006 -0.151896 -0.862901 1.156234 0.003869 0.985217 -0.171266 81.114784 0.876160 0.079213 0.475468 2.196334 0.000000 0.000000 0.000000 1.000000
0.495820 -0.157837 -0.853962 0.971023 0.006471 0.983989 -0.178112 80.977501 0.868401 0.082785 0.488902 1.455352 0.000000 0.000000 0.000000 1.000000
0.509830 -0.151710 -0.846792 0.746450 0.003998 0.984735 -0.174016 80.854111 0.860266 0.085333 0.502654 0.874130 0.000000 0.000000 0.000000 1.000000
0.524800 -0.138640 -0.839859 0.506664 -0.002601 0.986381 -0.164453 80.743385 0.851221 0.088489 0.517293 0.437975 0.000000 0.000000 0.000000 1.000000
0.541208 -0.123910 -0.831710 0.275002 -0.011868 0.987859 -0.154896 80.643555 0.840805 0.093701 0.533166 0.116578 0.000000 0.000000 0.000000 1.000000
0.561314 -0.113448 -0.819790 0.095858 -0.023803 0.987937 -0.153015 80.576881 0.827261 0.105403 0.551842 -0.019197 0.000000 0.000000 0.000000 1.000000
0.584920 -0.107247 -0.803969 -0.024437 -0.038022 0.986504 -0.159260 80.554054 0.810199 0.123722 0.572948 0.031334 0.000000 0.000000 0.000000 1.000000</float_array>
        <technique_common>
          <accessor source="#mixamorig_Hips-Matrix-animation-output-transform-array" count="31" stride="16">
            <param type="float4x4"/>
          </accessor>
        </technique_common>
      </source>
      <source id="mixamorig_Hips-Interpolations">
        <Name_array id="mixamorig_Hips-Interpolations-array" count="31">
 LINEAR LINEAR LINEAR LINEAR LINEAR LINEAR LINEAR LINEAR LINEAR LINEAR LINEAR
LINEAR LINEAR LINEAR LINEAR LINEAR LINEAR LINEAR LINEAR LINEAR LINEAR LINEAR LINEAR
LINEAR LINEAR LINEAR LINEAR LINEAR LINEAR LINEAR LINEAR</Name_array>
        <technique_common>
          <accessor source="#mixamorig_Hips-Interpolations-array" count="31">
            <param type="name"/>
          </accessor>
        </technique_common>
      </source>
      <sampler id="mixamorig_Hips-Matrix-animation-transform">
        <input semantic="INPUT" source="#mixamorig_Hips-Matrix-animation-input"/>
        <input semantic="OUTPUT" source="#mixamorig_Hips-Matrix-animation-output-transform"/>
        <input semantic="INTERPOLATION" source="#mixamorig_Hips-Interpolations"/>
      </sampler>
      <channel source="#mixamorig_Hips-Matrix-animation-transform" target="mixamorig_Hips/matrix"/>
    </animation>
    <animation id="mixamorig_Spine-anim" name="mixamorig_Spine">
      <source id="mixamorig_Spine-Matrix-animation-input">
        <float_array id="mixamorig_Spine-Matrix-animation-input-array" count="31">

0.000000 0.033333 0.066667 0.100000 0.133333 0.166667 0.200000 0.233333 0.266667 0.300000 0.333333 0.366667 0.400000 0.433333 0.466667 0.500000
0.533333 0.566667 0.600000 0.633333 0.666667 0.700000 0.733333 0.766667 0.800000 0.833333 0.866667 0.900000 0.933333 0.966667 1.000000</float_array>
        <technique_common>
          <accessor source="#mixamorig_Spine-Matrix-animation-input-array" count="31">
            <param name="TIME" type="float"/>
          </accessor>
        </technique_common>
      </source>
      <source id="mixamorig_Spine-Matrix-animation-output-transform">
        <float_array id="mixamorig_Spine-Matrix-animation-output-transform-array" count="496">

0.996514 0.049259 0.067323 0.017300 -0.047744 0.998573 -0.023939 10.574800 -0.068406 0.020641 0.997444 -1.117200 0.000000 0.000000 0.000000 1.000000
0.996573 0.046984 0.068083 0.017300 -0.045316 0.998638 -0.025851 10.574800 -0.069204 0.022678 0.997345 -1.117200 0.000000 0.000000 0.000000 1.000000
0.997204 0.046286 0.058665 0.017300 -0.044492 0.998512 -0.031533 10.574800 -0.060038 0.028835 0.997780 -1.117200 0.000000 0.000000 0.000000 1.000000
0.998614 0.043993 0.028885 0.017300 -0.042768 0.998213 -0.041742 10.574800 -0.030670 0.040449 0.998711 -1.117200 0.000000 0.000000 0.000000 1.000000
0.999304 0.034007 -0.015306 0.017300 -0.034748 0.998088 -0.051111 10.574800 0.013539 0.051608 0.998576 -1.117200 0.000000 0.000000 0.000000 1.000000
0.998347 0.016216 -0.055146 0.017300 -0.019192 0.998363 -0.053886 10.574800 0.054182 0.054856 0.997023 -1.117200 0.000000 0.000000 0.000000 1.000000
0.997695 0.001957 -0.067827 0.017300 -0.005081 0.998932 -0.045922 10.574800 0.067665 0.046161 0.996640 -1.117200 0.000000 0.000000 0.000000 1.000000
0.998313 -0.002441 -0.058019 0.017300 0.000639 0.999517 -0.031061 10.574800 0.058066 0.030971 0.997832 -1.117200 0.000000 0.000000 0.000000 1.000000
0.999307 0.002708 -0.037117 0.017300 -0.003372 0.999835 -0.017839 10.574800 0.037063 0.017952 0.999152 -1.117200 0.000000 0.000000 0.000000 1.000000
0.999565 0.028943 0.005586 0.017300 -0.028846 0.999445 -0.016640 10.574800 -0.006064 0.016472 0.999846 -1.117200 0.000000 0.000000 0.000000 1.000000
0.995875 0.056547 0.070960 0.017300 -0.054455 0.998032 -0.031080 10.574800 -0.072578 0.027088 0.996995 -1.117200 0.000000 0.000000 0.000000 1.000000
0.986109 0.072193 0.149589 0.017300 -0.064775 0.996444 -0.053891 10.574800 -0.152948 0.043453 0.987279 -1.117200 0.000000 0.000000 0.000000 1.000000
0.974697 0.073228 0.211197 0.017300 -0.059170 0.995638 -0.072142 10.574800 -0.215558 0.057820 0.974778 -1.117200 0.000000 0.000000 0.000000 1.000000
0.969722 0.066145 0.235082 0.017300 -0.048783 0.995686 -0.078923 10.574800 -0.239288 0.065065 0.968766 -1.117200 0.000000 0.000000 0.000000 1.000000
0.970277 0.059419 0.234588 0.017300 -0.042839 0.996251 -0.075152 10.574800 -0.238174 0.062869 0.969185 -1.117200 0.000000 0.000000 0.000000 1.000000
0.969760 0.059373 0.236726 0.017300 -0.045231 0.996877 -0.064733 10.574800 -0.239831 0.052069 0.969417 -1.117200 0.000000 0.000000 0.000000 1.000000
0.967645 0.068102 0.242950 0.017300 -0.056600 0.996935 -0.054018 10.574800 -0.245884 0.038519 0.968534 -1.117200 0.000000 0.000000 0.000000 1.000000
0.970548 0.081648 0.226648 0.017300 -0.072495 0.996192 -0.048434 10.574800 -0.229740 0.030576 0.972772 -1.117200 0.000000 0.000000 0.000000 1.000000
0.981001 0.091681 0.170974 0.017300 -0.084908 0.995302 -0.046529 10.574800 -0.174437 0.031128 0.984176 -1.117200 0.000000 0.000000 0.000000 1.000000
0.990870 0.093079 0.097529 0.017300 -0.089213 0.995071 -0.043289 10.574800 -0.101078 0.034193 0.994291 -1.117200 0.000000 0.000000 0.000000 1.000000
0.994768 0.089606 0.049064 0.017300 -0.087856 0.995455 -0.036741 10.574800 -0.052133 0.032238 0.998120 -1.117200 0.000000 0.000000 0.000000 1.000000
0.995174 0.087774 0.043876 0.017300 -0.086588 0.995844 -0.028231 10.574800 -0.046172 0.024296 0.998638 -1.117200 0.000000 0.000000 0.000000 1.000000
0.994730 0.085270 0.056934 0.017300 -0.084302 0.996255 -0.019196 10.574800 -0.058357 0.014296 0.998193 -1.117200 0.000000 0.000000 0.000000 1.000000
0.994935 0.078023 0.063378 0.017300 -0.077541 0.996939 -0.010039 10.574800 -0.063968 0.005074 0.997939 -1.117200 0.000000 0.000000 0.000000 1.000000
0.996153 0.065804 0.057871 0.017300 -0.065756 0.997832 -0.002726 10.574800 -0.057925 -0.001090 0.998320 -1.117200 0.000000 0.000000 0.000000 1.000000
0.997550 0.052495 0.046238 0.017300 -0.052462 0.998621 -0.001939 10.574800 -0.046276 -0.000491 0.998929 -1.117200 0.000000 0.000000 0.000000 1.000000
0.998209 0.044148 0.040378 0.017300 -0.043837 0.999002 -0.008557 10.574800 -0.040716 0.006772 0.999148 -1.117200 0.000000 0.000000 0.000000 1.000000
0.998400 0.040258 0.039712 0.017300 -0.039554 0.999049 -0.018351 10.574800 -0.040413 0.016751 0.999043 -1.117200 0.000000 0.000000 0.000000 1.000000
0.998307 0.039376 0.042808 0.017300 -0.038286 0.998929 -0.025998 10.574800 -0.043786 0.024315 0.998745 -1.117200 0.000000 0.000000 0.000000 1.000000
0.997772 0.042233 0.051643 0.017300 -0.040837 0.998779 -0.027785 10.574800 -0.052754 0.025614 0.998279 -1.117200 0.000000 0.000000 0.000000 1.000000
0.996515 0.049248 0.067328 0.017300 -0.047732 0.998573 -0.023938 10.574800 -0.068410 0.020640 0.997444 -1.117200 0.000000 0.000000 0.000000 1.000000</float_array>
        <technique_common>
          <accessor source="#mixamorig_Spine-Matrix-animation-output-transform-array" count="31" stride="16">
            <param type="float4x4"/>
          </accessor>
        </technique_common>
      </source>
      <source id="mixamorig_Spine-Interpolations">
        <Name_array id="mixamorig_Spine-Interpolations-array" count="31">
 LINEAR LINEAR LINEAR LINEAR LINEAR LINEAR LINEAR LINEAR LINEAR LINEAR LINEAR
LINEAR LINEAR LINEAR LINEAR LINEAR LINEAR LINEAR LINEAR LINEAR LINEAR LINEAR LINEAR
LINEAR LINEAR LINEAR LINEAR LINEAR LINEAR LINEAR LINEAR</Name_array>
        <technique_common>
          <accessor source="#mixamorig_Spine-Interpolations-array" count="31">
            <param type="name"/>
          </accessor>
        </technique_common>
      </source>
      <sampler id="mixamorig_Spine-Matrix-animation-transform">
        <input semantic="INPUT" source="#mixamorig_Spine-Matrix-animation-input"/>
        <input semantic="OUTPUT" source="#mixamorig_Spine-Matrix-animation-output-transform"/>
        <input semantic="INTERPOLATION" source="#mixamorig_Spine-Interpolations"/>
      </sampler>
      <channel source="#mixamorig_Spine-Matrix-animation-transform" target="mixamorig_Spine/matrix"/>
    </animation>
    <animation id="mixamorig_Spine1-anim" name="mixamorig_Spine1">
      <source id="mixamorig_Spine1-Matrix-animation-input">
        <float_array id="mixamorig_Spine1-Matrix-animation-input-array" count="31">

0.000000 0.033333 0.066667 0.100000 0.133333 0.166667 0.200000 0.233333 0.266667 0.300000 0.333333 0.366667 0.400000 0.433333 0.466667 0.500000
0.533333 0.566667 0.600000 0.633333 0.666667 0.700000 0.733333 0.766667 0.800000 0.833333 0.866667 0.900000 0.933333 0.966667 1.000000</float_array>
        <technique_common>
          <accessor source="#mixamorig_Spine1-Matrix-animation-input-array" count="31">
            <param name="TIME" type="float"/>
          </accessor>
        </technique_common>
      </source>
      <source id="mixamorig_Spine1-Matrix-animation-output-transform">
        <float_array id="mixamorig_Spine1-Matrix-animation-output-transform-array" count="496">

0.998869 -0.042936 0.020428 -0.000000 0.043367 0.998836 -0.021132 12.406000 -0.019496 0.021994 0.999568 -0.000000 0.000000 0.000000 0.000000 1.000000
0.999318 -0.030564 0.020744 0.000000 0.030944 0.999354 -0.018256 12.406000 -0.020172 0.018885 0.999618 0.000000 0.000000 0.000000 0.000000 1.000000
0.999676 -0.017657 0.018317 0.000000 0.017925 0.999734 -0.014522 12.406000 -0.018056 0.014846 0.999727 0.000000 0.000000 0.000000 0.000000 1.000000
0.999930 -0.005860 0.010252 0.000000 0.005959 0.999937 -0.009560 12.406000 -0.010195 0.009621 0.999902 0.000000 0.000000 0.000000 0.000000 1.000000
0.999997 0.001669 -0.002038 0.000000 -0.001678 0.999988 -0.004512 12.406000 0.002030 0.004515 0.999988 -0.000000 0.000000 0.000000 0.000000 1.000000
0.999903 0.003325 -0.013528 -0.000000 -0.003330 0.999994 -0.000321 12.406000 0.013527 0.000366 0.999908 0.000000 0.000000 0.000000 0.000000 1.000000
0.999844 0.000067 -0.017687 0.000000 0.000013 0.999990 0.004522 12.406000 0.017687 -0.004522 0.999833 0.000000 0.000000 0.000000 0.000000 1.000000
0.999869 -0.004879 -0.015443 0.000000 0.005053 0.999924 0.011256 12.406000 0.015387 -0.011333 0.999817 0.000000 0.000000 0.000000 0.000000 1.000000
0.999923 -0.007854 -0.009570 -0.000000 0.008030 0.999797 0.018480 12.406000 0.009423 -0.018555 0.999783 -0.000000 0.000000 0.000000 0.000000 1.000000
0.999986 -0.003621 0.003910 0.000000 0.003523 0.999689 0.024699 12.406000 -0.003998 -0.024685 0.999687 0.000000 0.000000 0.000000 0.000000 1.000000
0.999691 0.005041 0.024333 0.000000 -0.005621 0.999700 0.023839 12.406000 -0.024206 -0.023969 0.999420 0.000000 0.000000 0.000000 0.000000 1.000000
0.998780 0.011767 0.047950 0.000000 -0.012530 0.999799 0.015654 12.406000 -0.047756 -0.016236 0.998727 0.000000 0.000000 0.000000 0.000000 1.000000
0.997761 0.012477 0.065713 0.000000 -0.012864 0.999902 0.005469 12.406000 -0.065638 -0.006302 0.997824 0.000000 0.000000 0.000000 0.000000 1.000000
0.997363 0.008948 0.072015 0.000000 -0.008846 0.999959 -0.001738 12.406000 -0.072028 0.001097 0.997402 -0.000000 0.000000 0.000000 0.000000 1.000000
0.997446 0.005191 0.071238 0.000000 -0.004830 0.999975 -0.005248 12.406000 -0.071264 0.004891 0.997446 0.000000 0.000000 0.000000 0.000000 1.000000
0.997445 0.002436 0.071393 -0.000000 -0.001999 0.999979 -0.006198 12.406000 -0.071407 0.006039 0.997429 -0.000000 0.000000 0.000000 0.000000 1.000000
0.997335 -0.000821 0.072949 0.000000 0.001165 0.999988 -0.004662 12.406000 -0.072944 0.004734 0.997325 0.000000 0.000000 0.000000 0.000000 1.000000
0.997647 -0.005450 0.068350 0.000000 0.005485 0.999985 -0.000328 12.406000 -0.068347 0.000703 0.997661 0.000000 0.000000 0.000000 0.000000 1.000000
0.998553 -0.010481 0.052755 0.000000 0.010221 0.999934 0.005187 12.406000 -0.052805 -0.004640 0.998594 -0.000000 0.000000 0.000000 0.000000 1.000000
0.999373 -0.015030 0.032069 0.000000 0.014765 0.999855 0.008483 12.406000 -0.032192 -0.008004 0.999450 0.000000 0.000000 0.000000 0.000000 1.000000
0.999646 -0.019592 0.017974 -0.000000 0.019463 0.999784 0.007321 12.406000 -0.018114 -0.006969 0.999812 -0.000000 0.000000 0.000000 0.000000 1.000000
0.999575 -0.024602 0.015628 -0.000000 0.024562 0.999695 0.002729 12.406000 -0.015690 -0.002344 0.999874 -0.000000 0.000000 0.000000 0.000000 1.000000
0.999422 -0.028513 0.018492 0.000000 0.028559 0.999590 -0.002234 12.406000 -0.018421 0.002761 0.999827 0.000000 0.000000 0.000000 0.000000 1.000000
0.999337 -0.030588 0.019766 -0.000000 0.030719 0.999508 -0.006350 12.406000 -0.019562 0.006953 0.999784 0.000000 0.000000 0.000000 0.000000 1.000000
0.999351 -0.031256 0.017923 0.000000 0.031435 0.999458 -0.009790 12.406000 -0.017607 0.010347 0.999791 -0.000000 0.000000 0.000000 0.000000 1.000000
0.999390 -0.031736 0.014571 -0.000000 0.031923 0.999408 -0.012837 12.406000 -0.014155 0.013294 0.999811 0.000000 0.000000 0.000000 0.000000 1.000000
0.999353 -0.033562 0.012903 0.000000 0.033764 0.999305 -0.015791 12.406000 -0.012364 0.016216 0.999792 -0.000000 0.000000 0.000000 0.000000 1.000000
0.999261 -0.036278 0.012720 0.000000 0.036509 0.999164 -0.018377 12.406000 -0.012042 0.018828 0.999750 -0.000000 0.000000 0.000000 0.000000 1.000000
0.999148 -0.038975 0.013596 0.000000 0.039246 0.999024 -0.020285 12.406000 -0.012792 0.020802 0.999702 0.000000 0.000000 0.000000 0.000000 1.000000
0.999023 -0.041173 0.016063 0.000000 0.041509 0.998913 -0.021186 12.406000 -0.015173 0.021832 0.999647 -0.000000 0.000000 0.000000 0.000000 1.000000
0.998869 -0.042936 0.020427 0.000000 0.043368 0.998835 -0.021180 12.406000 -0.019494 0.022042 0.999567 0.000000 0.000000 0.000000 0.000000 1.000000</float_array>
        <technique_common>
          <accessor source="#mixamorig_Spine1-Matrix-animation-output-transform-array" count="31" stride="16">
            <param type="float4x4"/>
          </accessor>
        </technique_common>
      </source>
      <source id="mixamorig_Spine1-Interpolations">
        <Name_array id="mixamorig_Spine1-Interpolations-array" count="31">
 LINEAR LINEAR LINEAR LINEAR LINEAR LINEAR LINEAR LINEAR LINEAR LINEAR LINEAR
LINEAR LINEAR LINEAR LINEAR LINEAR LINEAR LINEAR LINEAR LINEAR LINEAR LINEAR LINEAR
LINEAR LINEAR LINEAR LINEAR LINEAR LINEAR LINEAR LINEAR</Name_array>
        <technique_common>
          <accessor source="#mixamorig_Spine1-Interpolations-array" count="31">
            <param type="name"/>
          </accessor>
        </technique_common>
      </source>
      <sampler id="mixamorig_Spine1-Matrix-animation-transform">
        <input semantic="INPUT" source="#mixamorig_Spine1-Matrix-animation-input"/>
        <input semantic="OUTPUT" source="#mixamorig_Spine1-Matrix-animation-output-transform"/>
        <input semantic="INTERPOLATION" source="#mixamorig_Spine1-Interpolations"/>
      </sampler>
      <channel source="#mixamorig_Spine1-Matrix-animation-transform" target="mixamorig_Spine1/matrix"/>
    </animation>
    <animation id="mixamorig_Spine2-anim" name="mixamorig_Spine2">
      <source id="mixamorig_Spine2-Matrix-animation-input">
        <float_array id="mixamorig_Spine2-Matrix-animation-input-array" count="31">

0.000000 0.033333 0.066667 0.100000 0.133333 0.166667 0.200000 0.233333 0.266667 0.300000 0.333333 0.366667 0.400000 0.433333 0.466667 0.500000
0.533333 0.566667 0.600000 0.633333 0.666667 0.700000 0.733333 0.766667 0.800000 0.833333 0.866667 0.900000 0.933333 0.966667 1.000000</float_array>
        <technique_common>
          <accessor source="#mixamorig_Spine2-Matrix-animation-input-array" count="31">
            <param name="TIME" type="float"/>
          </accessor>
        </technique_common>
      </source>
      <source id="mixamorig_Spine2-Matrix-animation-output-transform">
        <float_array id="mixamorig_Spine2-Matrix-animation-output-transform-array" count="496">

0.999542 -0.019835 0.022868 0.000000 0.022207 0.993834 -0.108633 14.178300 -0.020572 0.109091 0.993819 0.000000 0.000000 0.000000 0.000000 1.000000
0.999676 -0.012154 0.022374 0.000000 0.014533 0.993888 -0.109432 14.178300 -0.020907 0.109722 0.993742 0.000000 0.000000 0.000000 0.000000 1.000000
0.999807 -0.004494 0.019145 0.000000 0.006565 0.993958 -0.109565 14.178300 -0.018537 0.109670 0.993795 0.000000 0.000000 0.000000 0.000000 1.000000
0.999944 0.001744 0.010419 0.000000 -0.000606 0.994122 -0.108268 14.178300 -0.010546 0.108256 0.994067 0.000000 0.000000 0.000000 0.000000 1.000000
0.999986 0.004777 -0.002228 0.000000 -0.004986 0.994380 -0.105756 14.178300 0.001710 0.105766 0.994390 0.000000 0.000000 0.000000 0.000000 1.000000
0.999897 0.004089 -0.013731 0.000000 -0.005476 0.994718 -0.102503 14.178300 0.013240 0.102568 0.994638 0.000000 0.000000 0.000000 0.000000 1.000000
0.999844 0.000848 -0.017653 0.000000 -0.002563 0.995245 -0.097368 14.178300 0.017487 0.097398 0.995092 0.000000 0.000000 0.000000 0.000000 1.000000
0.999882 -0.002856 -0.015095 0.000000 0.001487 0.995946 -0.089941 14.178300 0.015291 0.089908 0.995833 0.000000 0.000000 0.000000 0.000000 1.000000
0.999950 -0.004239 -0.009053 0.000000 0.003482 0.996627 -0.081990 14.178300 0.009370 0.081954 0.996592 0.000000 0.000000 0.000000 0.000000 1.000000
0.999990 0.002011 0.004092 0.000000 -0.001698 0.997175 -0.075099 14.178300 -0.004231 0.075091 0.997168 0.000000 0.000000 0.000000 0.000000 1.000000
0.999627 0.013347 0.023825 -0.000000 -0.011526 0.997117 -0.075004 14.178300 -0.024757 0.074702 0.996899 -0.000000 0.000000 0.000000 0.000000 1.000000
0.998632 0.023245 0.046842 -0.000000 -0.019348 0.996445 -0.082000 14.178300 -0.048582 0.080981 0.995531 0.000000 0.000000 0.000000 0.000000 1.000000
0.997564 0.026703 0.064446 0.000000 -0.020764 0.995623 -0.091124 14.178300 -0.066597 0.089564 0.993752 -0.000000 0.000000 0.000000 0.000000 1.000000
0.997173 0.024780 0.070941 -0.000000 -0.017782 0.995065 -0.097622 14.178300 -0.073010 0.096085 0.992692 0.000000 0.000000 0.000000 0.000000 1.000000
0.997281 0.021806 0.070388 -0.000000 -0.014650 0.994816 -0.100632 14.178300 -0.072217 0.099327 0.992431 -0.000000 0.000000 0.000000 0.000000 1.000000
0.997303 0.019781 0.070672 0.000000 -0.012570 0.994801 -0.101055 14.178300 -0.072303 0.099894 0.992368 0.000000 0.000000 0.000000 0.000000 1.000000
0.997225 0.017271 0.072414 0.000000 -0.010047 0.995040 -0.098965 14.178300 -0.073764 0.097963 0.992453 0.000000 0.000000 0.000000 0.000000 1.000000
0.997590 0.012731 0.068199 0.000000 -0.006262 0.995531 -0.094230 14.178300 -0.069094 0.093576 0.993212 0.000000 0.000000 0.000000 0.000000 1.000000
0.998566 0.006748 0.053112 0.000000 -0.002022 0.996071 -0.088537 14.178300 -0.053501 0.088302 0.994656 0.000000 0.000000 0.000000 0.000000 1.000000
0.999459 0.000853 0.032884 0.000000 0.001950 0.996369 -0.085118 14.178300 -0.032837 0.085136 0.995828 0.000000 0.000000 0.000000 0.000000 1.000000
0.999808 -0.004318 0.019128 -0.000000 0.005947 0.996279 -0.085979 14.178300 -0.018685 0.086076 0.996113 0.000000 0.000000 0.000000 0.000000 1.000000
0.999816 -0.008765 0.017043 -0.000000 0.010266 0.995886 -0.090032 14.178300 -0.016184 0.090191 0.995793 0.000000 0.000000 0.000000 0.000000 1.000000
0.999731 -0.011635 0.020079 0.000000 0.013481 0.995446 -0.094366 14.178300 -0.018890 0.094611 0.995335 0.000000 0.000000 0.000000 0.000000 1.000000
0.999688 -0.012848 0.021431 0.000000 0.014887 0.995087 -0.097879 14.178300 -0.020068 0.098167 0.994968 0.000000 0.000000 0.000000 0.000000 1.000000
0.999724 -0.012961 0.019604 -0.000000 0.014873 0.994799 -0.100761 14.178300 -0.018196 0.101025 0.994717 -0.000000 0.000000 0.000000 0.000000 1.000000
0.999782 -0.013027 0.016288 -0.000000 0.014641 0.994546 -0.103267 14.178300 -0.014854 0.103483 0.994520 -0.000000 0.000000 0.000000 0.000000 1.000000
0.999789 -0.014272 0.014763 0.000000 0.015754 0.994278 -0.105656 14.178300 -0.013170 0.105866 0.994293 0.000000 0.000000 0.000000 0.000000 1.000000
0.999758 -0.016261 0.014785 -0.000000 0.017760 0.994029 -0.107664 14.178300 -0.012946 0.107900 0.994077 0.000000 0.000000 0.000000 0.000000 1.000000
0.999710 -0.018116 0.015852 -0.000000 0.019738 0.993847 -0.108987 14.178300 -0.013780 0.109269 0.993917 0.000000 0.000000 0.000000 0.000000 1.000000
0.999644 -0.019297 0.018443 -0.000000 0.021200 0.993784 -0.109289 14.178300 -0.016220 0.109641 0.993839 0.000000 0.000000 0.000000 0.000000 1.000000
0.999542 -0.019835 0.022868 0.000000 0.022207 0.993834 -0.108633 14.178300 -0.020573 0.109091 0.993819 0.000000 0.000000 0.000000 0.000000 1.000000</float_array>
        <technique_common>
          <accessor source="#mixamorig_Spine2-Matrix-animation-output-transform-array" count="31" stride="16">
            <param type="float4x4"/>
          </accessor>
        </technique_common>
      </source>
      <source id="mixamorig_Spine2-Interpolations">
        <Name_array id="mixamorig_Spine2-Interpolations-array" count="31">
 LINEAR LINEAR LINEAR LINEAR LINEAR LINEAR LINEAR LINEAR LINEAR LINEAR LINEAR
LINEAR LINEAR LINEAR LINEAR LINEAR LINEAR LINEAR LINEAR LINEAR LINEAR LINEAR LINEAR
LINEAR LINEAR LINEAR LINEAR LINEAR LINEAR LINEAR LINEAR</Name_array>
        <technique_common>
          <accessor source="#mixamorig_Spine2-Interpolations-array" count="31">
            <param type="name"/>
          </accessor>
        </technique_common>
      </source>
      <sampler id="mixamorig_Spine2-Matrix-animation-transform">
        <input semantic="INPUT" source="#mixamorig_Spine2-Matrix-animation-input"/>
        <input semantic="OUTPUT" source="#mixamorig_Spine2-Matrix-animation-output-transform"/>
        <input semantic="INTERPOLATION" source="#mixamorig_Spine2-Interpolations"/>
      </sampler>
      <channel source="#mixamorig_Spine2-Matrix-animation-transform" target="mixamorig_Spine2/matrix"/>
    </animation>
    <animation id="mixamorig_Neck-anim" name="mixamorig_Neck">
      <source id="mixamorig_Neck-Matrix-animation-input">
        <float_array id="mixamorig_Neck-Matrix-animation-input-array" count="31">

0.000000 0.033333 0.066667 0.100000 0.133333 0.166667 0.200000 0.233333 0.266667 0.300000 0.333333 0.366667 0.400000 0.433333 0.466667 0.500000
0.533333 0.566667 0.600000 0.633333 0.666667 0.700000 0.733333 0.766667 0.800000 0.833333 0.866667 0.900000 0.933333 0.966667 1.000000</float_array>
        <technique_common>
          <accessor source="#mixamorig_Neck-Matrix-animation-input-array" count="31">
            <param name="TIME" type="float"/>
          </accessor>
        </technique_common>
      </source>
      <source id="mixamorig_Neck-Matrix-animation-output-transform">
        <float_array id="mixamorig_Neck-Matrix-animation-output-transform-array" count="496">

0.985070 0.027000 0.170026 0.024400 -0.032878 0.998952 0.031849 15.862300 -0.168988 -0.036964 0.984925 -1.675800 0.000000 0.000000 0.000000 1.000000
0.978164 0.051853 0.201261 0.024400 -0.051500 0.998649 -0.006992 15.862300 -0.201352 -0.003526 0.979513 -1.675800 0.000000 0.000000 0.000000 1.000000
0.966566 0.076705 0.244677 0.024400 -0.069323 0.996845 -0.038653 15.862300 -0.246870 0.020399 0.968834 -1.675800 0.000000 0.000000 0.000000 1.000000
0.953671 0.092471 0.286289 0.024400 -0.084696 0.995626 -0.039450 15.862300 -0.288685 0.013375 0.957331 -1.675800 0.000000 0.000000 0.000000 1.000000
0.948309 0.090257 0.304242 0.024400 -0.095710 0.995405 0.003025 15.862300 -0.302571 -0.031988 0.952590 -1.675800 0.000000 0.000000 0.000000 1.000000
0.952200 0.068566 0.297680 0.024400 -0.095229 0.992551 0.075992 15.862300 -0.290252 -0.100707 0.951636 -1.675800 0.000000 0.000000 0.000000 1.000000
0.965916 0.026074 0.257539 0.024400 -0.065785 0.986975 0.146805 15.862300 -0.250357 -0.158744 0.955051 -1.675800 0.000000 0.000000 0.000000 1.000000
0.978008 -0.024636 0.207108 0.024400 -0.017256 0.980037 0.198063 15.862300 -0.207853 -0.197281 0.958059 -1.675800 0.000000 0.000000 0.000000 1.000000
0.984565 -0.073263 0.158949 0.024400 0.036063 0.973604 0.225376 15.862300 -0.171265 -0.216165 0.961219 -1.675800 0.000000 0.000000 0.000000 1.000000
0.989497 -0.123401 0.075291 0.024400 0.107259 0.975926 0.189906 15.862300 -0.096913 -0.179836 0.978911 -1.675800 0.000000 0.000000 0.000000 1.000000
0.987837 -0.155481 -0.001832 0.024400 0.154740 0.981838 0.109769 15.862300 -0.015269 -0.108717 0.993955 -1.675800 0.000000 0.000000 0.000000 1.000000
0.985566 -0.159806 -0.055873 0.024400 0.160646 0.986952 0.010854 15.862300 0.053409 -0.019673 0.998379 -1.675800 0.000000 0.000000 0.000000 1.000000
0.985550 -0.143950 -0.089268 0.024400 0.137108 0.987435 -0.078575 15.862300 0.099457 0.065200 0.992903 -1.675800 0.000000 0.000000 0.000000 1.000000
0.985193 -0.130130 -0.111633 0.024400 0.114216 0.983722 -0.138730 15.862300 0.127868 0.123925 0.984018 -1.675800 0.000000 0.000000 0.000000 1.000000
0.983389 -0.131942 -0.124645 0.024400 0.111039 0.980540 -0.161902 15.862300 0.143581 0.145373 0.978903 -1.675800 0.000000 0.000000 0.000000 1.000000
0.983437 -0.135873 -0.119961 0.024400 0.117401 0.981762 -0.149537 15.862300 0.138091 0.132977 0.981452 -1.675800 0.000000 0.000000 0.000000 1.000000
0.989100 -0.116685 -0.089806 0.024400 0.107052 0.988641 -0.105493 15.862300 0.101096 0.094730 0.990356 -1.675800 0.000000 0.000000 0.000000 1.000000
0.996667 -0.072078 -0.038215 0.024400 0.070553 0.996711 -0.039868 15.862300 0.040963 0.037039 0.998474 -1.675800 0.000000 0.000000 0.000000 1.000000
0.999412 -0.029750 0.017031 0.024400 0.029340 0.999284 0.023887 15.862300 -0.017730 -0.023373 0.999570 -1.675800 0.000000 0.000000 0.000000 1.000000
0.998246 -0.011820 0.058008 0.024400 0.008432 0.998263 0.058307 15.862300 -0.058597 -0.057716 0.996612 -1.675800 0.000000 0.000000 0.000000 1.000000
0.996600 -0.004043 0.082288 0.024400 -0.000336 0.998587 0.053137 15.862300 -0.082387 -0.052984 0.995191 -1.675800 0.000000 0.000000 0.000000 1.000000
0.994705 0.021538 0.100492 0.024400 -0.024625 0.999259 0.029580 15.862300 -0.099780 -0.031898 0.994498 -1.675800 0.000000 0.000000 0.000000 1.000000
0.990906 0.058960 0.120949 0.024400 -0.062862 0.997609 0.028703 15.862300 -0.118967 -0.036045 0.992244 -1.675800 0.000000 0.000000 0.000000 1.000000
0.986200 0.086003 0.141469 0.024400 -0.094295 0.994134 0.052977 15.862300 -0.136083 -0.065586 0.988524 -1.675800 0.000000 0.000000 0.000000 1.000000
0.983391 0.091386 0.156815 0.024400 -0.105420 0.990905 0.083624 15.862300 -0.147747 -0.098766 0.984081 -1.675800 0.000000 0.000000 0.000000 1.000000
0.983459 0.077587 0.163671 0.024400 -0.094551 0.990632 0.098534 15.862300 -0.154493 -0.112380 0.981582 -1.675800 0.000000 0.000000 0.000000 1.000000
0.983904 0.065365 0.166311 0.024400 -0.080933 0.992772 0.088617 15.862300 -0.159317 -0.100651 0.982083 -1.675800 0.000000 0.000000 0.000000 1.000000
0.984057 0.057795 0.168203 0.024400 -0.070007 0.995253 0.067599 15.862300 -0.163498 -0.078297 0.983432 -1.675800 0.000000 0.000000 0.000000 1.000000
0.984184 0.050285 0.169861 0.024400 -0.059327 0.997056 0.048580 15.862300 -0.166918 -0.057889 0.984270 -1.675800 0.000000 0.000000 0.000000 1.000000
0.984543 0.039816 0.170560 0.024400 -0.046802 0.998214 0.037137 15.862300 -0.168777 -0.044546 0.984647 -1.675800 0.000000 0.000000 0.000000 1.000000
0.985070 0.027000 0.170026 0.024400 -0.032878 0.998952 0.031849 15.862300 -0.168988 -0.036964 0.984925 -1.675800 0.000000 0.000000 0.000000 1.000000</float_array>
        <technique_common>
          <accessor source="#mixamorig_Neck-Matrix-animation-output-transform-array" count="31" stride="16">
            <param type="float4x4"/>
          </accessor>
        </technique_common>
      </source>
      <source id="mixamorig_Neck-Interpolations">
        <Name_array id="mixamorig_Neck-Interpolations-array" count="31">
 LINEAR LINEAR LINEAR LINEAR LINEAR LINEAR LINEAR LINEAR LINEAR LINEAR LINEAR
LINEAR LINEAR LINEAR LINEAR LINEAR LINEAR LINEAR LINEAR LINEAR LINEAR LINEAR LINEAR
LINEAR LINEAR LINEAR LINEAR LINEAR LINEAR LINEAR LINEAR</Name_array>
        <technique_common>
          <accessor source="#mixamorig_Neck-Interpolations-array" count="31">
            <param type="name"/>
          </accessor>
        </technique_common>
      </source>
      <sampler id="mixamorig_Neck-Matrix-animation-transform">
        <input semantic="INPUT" source="#mixamorig_Neck-Matrix-animation-input"/>
        <input semantic="OUTPUT" source="#mixamorig_Neck-Matrix-animation-output-transform"/>
        <input semantic="INTERPOLATION" source="#mixamorig_Neck-Interpolations"/>
      </sampler>
      <channel source="#mixamorig_Neck-Matrix-animation-transform" target="mixamorig_Neck/matrix"/>
    </animation>
    <animation id="mixamorig_Head-anim" name="mixamorig_Head">
      <source id="mixamorig_Head-Matrix-animation-input">
        <float_array id="mixamorig_Head-Matrix-animation-input-array" count="31">

0.000000 0.033333 0.066667 0.100000 0.133333 0.166667 0.200000 0.233333 0.266667 0.300000 0.333333 0.366667 0.400000 0.433333 0.466667 0.500000
0.533333 0.566667 0.600000 0.633333 0.666667 0.700000 0.733333 0.766667 0.800000 0.833333 0.866667 0.900000 0.933333 0.966667 1.000000</float_array>
        <technique_common>
          <accessor source="#mixamorig_Head-Matrix-animation-input-array" count="31">
            <param name="TIME" type="float"/>
          </accessor>
        </technique_common>
      </source>
      <source id="mixamorig_Head-Matrix-animation-output-transform">
        <float_array id="mixamorig_Head-Matrix-animation-output-transform-array" count="496">

0.912383 0.079624 0.401518 -0.000000 -0.112642 0.991866 0.059267 5.564000 -0.393533 -0.099302 0.913932 0.988100 0.000000 0.000000 0.000000 1.000000
0.915243 0.076047 0.395660 0.000000 -0.093295 0.995337 0.024505 5.564000 -0.391952 -0.059341 0.918070 0.988100 0.000000 0.000000 0.000000 1.000000
0.908438 0.078350 0.410612 0.000000 -0.085558 0.996333 -0.000825 5.564000 -0.409171 -0.034381 0.911810 0.988100 0.000000 0.000000 0.000000 1.000000
0.891284 0.080623 0.446220 0.000000 -0.089089 0.996022 -0.002014 5.564000 -0.444607 -0.037959 0.894921 0.988100 0.000000 0.000000 0.000000 1.000000
0.872534 0.074549 0.482832 0.000000 -0.096744 0.995084 0.021188 5.564000 -0.478879 -0.065199 0.875457 0.988100 0.000000 0.000000 0.000000 1.000000
0.858913 0.066357 0.507805 0.000000 -0.113379 0.991603 0.062194 5.564000 -0.499414 -0.110994 0.859224 0.988100 0.000000 0.000000 0.000000 1.000000
0.872691 0.068385 0.483461 -0.000000 -0.138867 0.984017 0.111479 5.564000 -0.468110 -0.164423 0.868239 0.988100 0.000000 0.000000 0.000000 1.000000
0.903518 0.085916 0.419851 0.000000 -0.168955 0.971760 0.164735 5.564000 -0.393841 -0.219777 0.892518 0.988100 0.000000 0.000000 0.000000 1.000000
0.936990 0.103177 0.333773 0.000000 -0.181953 0.959711 0.214123 5.564000 -0.298233 -0.261362 0.918012 0.988100 0.000000 0.000000 0.000000 1.000000
0.982756 0.086498 0.163430 0.000000 -0.123102 0.965560 0.229217 5.564000 -0.137975 -0.245383 0.959557 0.988100 0.000000 0.000000 0.000000 1.000000
0.999001 0.043725 -0.009187 0.000000 -0.041258 0.981711 0.185855 5.564000 0.017146 -0.185291 0.982534 0.988100 0.000000 0.000000 0.000000 1.000000
0.991186 0.005977 -0.132340 0.000000 0.007954 0.994494 0.104489 5.564000 0.132236 -0.104621 0.985682 0.988100 0.000000 0.000000 0.000000 1.000000
0.980320 -0.004238 -0.197370 0.000000 0.011284 0.999338 0.034588 5.564000 0.197093 -0.036134 0.979719 0.988100 0.000000 0.000000 0.000000 1.000000
0.974954 0.007646 -0.222274 0.000000 -0.007086 0.999969 0.003318 5.564000 0.222292 -0.001660 0.974979 0.988100 0.000000 0.000000 0.000000 1.000000
0.976025 0.023202 -0.216418 0.000000 -0.023640 0.999720 0.000565 5.564000 0.216371 0.004564 0.976301 0.988100 0.000000 0.000000 0.000000 1.000000
0.984334 0.030026 -0.173739 -0.000000 -0.030888 0.999520 -0.002258 5.564000 0.173588 0.007589 0.984789 0.988100 0.000000 0.000000 0.000000 1.000000
0.995798 0.026077 -0.087788 0.000000 -0.027912 0.999415 -0.019741 5.564000 0.087222 0.022109 0.995944 0.988100 0.000000 0.000000 0.000000 1.000000
0.999278 0.018587 0.033149 -0.000000 -0.017317 0.999121 -0.038184 5.564000 -0.033829 0.037582 0.998721 0.988100 0.000000 0.000000 0.000000 1.000000
0.986768 0.018896 0.161032 -0.000000 -0.012861 0.999178 -0.038440 5.564000 -0.161626 0.035860 0.986200 0.988100 0.000000 0.000000 0.000000 1.000000
0.964681 0.029829 0.261725 -0.000000 -0.024919 0.999446 -0.022059 5.564000 -0.262238 0.014758 0.964890 0.988100 0.000000 0.000000 0.000000 1.000000
0.946672 0.042163 0.319429 -0.000000 -0.044268 0.999019 -0.000671 5.564000 -0.319144 -0.013505 0.947610 0.988100 0.000000 0.000000 0.000000 1.000000
0.937210 0.047607 0.345501 -0.000000 -0.058494 0.998064 0.021147 5.564000 -0.343825 -0.040029 0.938180 0.988100 0.000000 0.000000 0.000000 1.000000
0.930204 0.049226 0.363726 0.000000 -0.069079 0.996736 0.041768 5.564000 -0.360483 -0.063979 0.930569 0.988100 0.000000 0.000000 0.000000 1.000000
0.921987 0.053269 0.383539 0.000000 -0.081874 0.994916 0.058634 5.564000 -0.378466 -0.085462 0.921661 0.988100 0.000000 0.000000 0.000000 1.000000
0.913887 0.061785 0.401240 -0.000000 -0.097251 0.992892 0.068614 5.564000 -0.394149 -0.101726 0.913399 0.988100 0.000000 0.000000 0.000000 1.000000
0.909070 0.071822 0.410405 -0.000000 -0.110015 0.991449 0.070184 5.564000 -0.401855 -0.108953 0.909198 0.988100 0.000000 0.000000 0.000000 1.000000
0.907984 0.077231 0.411827 0.000000 -0.115332 0.990966 0.068442 5.564000 -0.402821 -0.109641 0.908688 0.988100 0.000000 0.000000 0.000000 1.000000
0.908468 0.078605 0.410497 0.000000 -0.115590 0.991100 0.066028 5.564000 -0.401653 -0.107434 0.909468 0.988100 0.000000 0.000000 0.000000 1.000000
0.909278 0.078827 0.408657 -0.000000 -0.114518 0.991385 0.063577 5.564000 -0.400125 -0.104608 0.910471 0.988100 0.000000 0.000000 0.000000 1.000000
0.910482 0.079211 0.405892 0.000000 -0.113578 0.991639 0.061252 5.564000 -0.397647 -0.101870 0.911866 0.988100 0.000000 0.000000 0.000000 1.000000
0.912383 0.079624 0.401518 -0.000000 -0.112642 0.991866 0.059267 5.564000 -0.393533 -0.099302 0.913932 0.988100 0.000000 0.000000 0.000000 1.000000</float_array>
        <technique_common>
