<?xml version="1.0" encoding="utf-8"?>
<COLLADA xmlns="http://www.collada.org/2005/11/COLLADASchema" version="1.4.1">
  <asset>
    <contributor>
      <author>Mixamo</author>
      <authoring_tool>COLLADA Mixamo exporter</authoring_tool>
      <comments/>
    </contributor>
    <created>2025-02-02T22:41:07Z</created>
    <modified>2025-02-02T22:41:07Z</modified>
    <revision/>
    <title/>
    <unit meter="0.010000"/>
    <up_axis>Y_UP</up_axis>
  </asset>
  <library_animations>
    <animation id="mixamorig_Hips-anim" name="mixamorig_Hips">
      <source id="mixamorig_Hips-Matrix-animation-input">
        <float_array id="mixamorig_Hips-Matrix-animation-input-array" count="34">

0.000000 0.033333 0.066667 0.100000 0.133333 0.166667 0.200000 0.233333 0.266667 0.300000 0.333333 0.366667 0.400000 0.433333 0.466667 0.500000
0.533333 0.566667 0.600000 0.633333 0.666667 0.700000 0.733333 0.766667 0.800000 0.833333 0.866667 0.900000 0.933333 0.966667 1.000000 1.033333
1.066667 1.100000</float_array>
        <technique_common>
          <accessor source="#mixamorig_Hips-Matrix-animation-input-array" count="34">
            <param name="TIME" type="float"/>
          </accessor>
        </technique_common>
      </source>
      <source id="mixamorig_Hips-Matrix-animation-output-transform">
        <float_array id="mixamorig_Hips-Matrix-animation-output-transform-array" count="544">

0.999673 -0.025529 0.001260 0.002430 0.025499 0.999470 0.020221 91.759201 -0.001775 -0.020183 0.999795 0.033495 0.000000 0.000000 0.000000 1.000000
0.999382 -0.031218 -0.016142 -0.112799 0.031502 0.999347 0.017698 92.400040 0.015579 -0.018195 0.999713 -0.255103 0.000000 0.000000 0.000000 1.000000
0.998783 -0.036134 -0.033561 -0.202184 0.036646 0.999219 0.014758 92.650490 0.033002 -0.015970 0.999328 -0.460382 0.000000 0.000000 0.000000 1.000000
0.997701 -0.040640 -0.054241 -0.252878 0.041340 0.999075 0.011862 92.533623 0.053708 -0.014077 0.998457 -0.505950 0.000000 0.000000 0.000000 1.000000
0.995861 -0.042175 -0.080510 -0.254632 0.042946 0.999046 0.007877 92.035873 0.080101 -0.011302 0.996723 -0.550959 0.000000 0.000000 0.000000 1.000000
0.993139 -0.038219 -0.110520 -0.209689 0.038944 0.999232 0.004409 91.300209 0.110267 -0.008683 0.993864 -0.431425 0.000000 0.000000 0.000000 1.000000
0.989794 -0.033501 -0.138515 -0.014954 0.033764 0.999430 -0.000448 90.401970 0.138451 -0.004233 0.990360 -0.302058 0.000000 0.000000 0.000000 1.000000
0.987504 -0.030745 -0.154569 0.400606 0.030690 0.999525 -0.002744 89.490868 0.154580 -0.002034 0.987978 0.000154 0.000000 0.000000 0.000000 1.000000
0.986608 -0.030503 -0.160229 1.042081 0.030621 0.999530 -0.001735 88.655075 0.160207 -0.003194 0.987078 0.673621 0.000000 0.000000 0.000000 1.000000
0.985976 -0.029854 -0.164197 1.778853 0.030671 0.999527 0.002440 87.981308 0.164046 -0.007442 0.986425 1.516830 0.000000 0.000000 0.000000 1.000000
0.985734 -0.026386 -0.166230 2.459559 0.028291 0.999558 0.009102 87.637833 0.165916 -0.013675 0.986045 2.233004 0.000000 0.000000 0.000000 1.000000
0.986062 -0.020757 -0.165080 3.004117 0.023712 0.999592 0.015949 87.691658 0.164682 -0.019641 0.986151 2.672279 0.000000 0.000000 0.000000 1.000000
0.986782 -0.014441 -0.161407 3.464470 0.018221 0.999593 0.021966 87.991783 0.161024 -0.024617 0.986643 2.939282 0.000000 0.000000 0.000000 1.000000
0.988172 -0.009377 -0.153063 3.847084 0.013160 0.999632 0.023720 88.563522 0.152784 -0.025454 0.987932 3.018321 0.000000 0.000000 0.000000 1.000000
0.990149 -0.006303 -0.139873 4.164362 0.009177 0.999760 0.019911 89.390541 0.139714 -0.020999 0.989969 2.925877 0.000000 0.000000 0.000000 1.000000
0.992283 -0.004593 -0.123909 4.434808 0.006208 0.999901 0.012656 90.335106 0.123839 -0.013327 0.992213 2.724252 0.000000 0.000000 0.000000 1.000000
0.994310 -0.003970 -0.106455 4.645725 0.004340 0.999985 0.003243 91.271477 0.106440 -0.003687 0.994312 2.420892 0.000000 0.000000 0.000000 1.000000
0.996237 -0.005118 -0.086515 4.755144 0.004475 0.999961 -0.007615 92.027481 0.086551 0.007199 0.996221 2.023132 0.000000 0.000000 0.000000 1.000000
0.997876 -0.007162 -0.064745 4.793592 0.006057 0.999833 -0.017238 92.461014 0.064858 0.016809 0.997753 1.660074 0.000000 0.000000 0.000000 1.000000
0.998965 -0.009863 -0.044400 4.745566 0.008808 0.999676 -0.023890 92.505028 0.044621 0.023475 0.998728 1.282473 0.000000 0.000000 0.000000 1.000000
0.999586 -0.013351 -0.025490 4.608113 0.012679 0.999572 -0.026363 92.199547 0.025831 0.026029 0.999327 0.873799 0.000000 0.000000 0.000000 1.000000
0.999836 -0.017268 -0.005488 4.389305 0.017128 0.999550 -0.024643 91.590294 0.005911 0.024545 0.999681 0.480930 0.000000 0.000000 0.000000 1.000000
0.999613 -0.021961 0.017062 4.074311 0.022306 0.999545 -0.020298 90.573814 -0.016609 0.020671 0.999648 0.222768 0.000000 0.000000 0.000000 1.000000
0.998805 -0.030677 0.038037 3.692173 0.031353 0.999359 -0.017302 89.202408 -0.037482 0.018474 0.999127 0.235782 0.000000 0.000000 0.000000 1.000000
0.997826 -0.035993 0.055203 3.289725 0.036974 0.999174 -0.016861 87.877815 -0.054551 0.018865 0.998333 0.482726 0.000000 0.000000 0.000000 1.000000
0.996900 -0.034332 0.070789 2.808084 0.035693 0.999200 -0.018045 86.838104 -0.070113 0.020515 0.997328 0.957296 0.000000 0.000000 0.000000 1.000000
0.996074 -0.026153 0.084575 2.244759 0.027672 0.999475 -0.016831 86.303192 -0.084090 0.019105 0.996275 1.295017 0.000000 0.000000 0.000000 1.000000
0.995157 -0.018821 0.096481 1.698165 0.020057 0.999729 -0.011854 86.025650 -0.096232 0.013732 0.995264 1.433319 0.000000 0.000000 0.000000 1.000000
0.994756 -0.013834 0.101336 1.240624 0.013780 0.999904 0.001237 86.194824 -0.101343 0.000166 0.994851 1.352984 0.000000 0.000000 0.000000 1.000000
0.995551 -0.011552 0.093508 0.834048 0.009961 0.999798 0.017471 86.898178 -0.093691 -0.016462 0.995465 1.211730 0.000000 0.000000 0.000000 1.000000
0.997467 -0.011463 0.070203 0.499042 0.009790 0.999661 0.024128 88.161995 -0.070455 -0.023380 0.997241 0.966646 0.000000 0.000000 0.000000 1.000000
0.998727 -0.016341 0.047725 0.281761 0.015231 0.999607 0.023535 89.495979 -0.048091 -0.022778 0.998583 0.601468 0.000000 0.000000 0.000000 1.000000
0.999427 -0.022259 0.025512 0.139438 0.021713 0.999534 0.021459 90.698990 -0.025978 -0.020893 0.999444 0.290049 0.000000 0.000000 0.000000 1.000000
0.999673 -0.025530 0.001260 0.005059 0.025499 0.999470 0.020221 91.759193 -0.001776 -0.020183 0.999795 0.033496 0.000000 0.000000 0.000000 1.000000</float_array>
        <technique_common>
          <accessor source="#mixamorig_Hips-Matrix-animation-output-transform-array" count="34" stride="16">
            <param type="float4x4"/>
          </accessor>
        </technique_common>
      </source>
      <source id="mixamorig_Hips-Interpolations">
        <Name_array id="mixamorig_Hips-Interpolations-array" count="34">
 LINEAR LINEAR LINEAR LINEAR LINEAR LINEAR LINEAR LINEAR LINEAR LINEAR LINEAR
LINEAR LINEAR LINEAR LINEAR LINEAR LINEAR LINEAR LINEAR LINEAR LINEAR LINEAR LINEAR
LINEAR LINEAR LINEAR LINEAR LINEAR LINEAR LINEAR LINEAR LINEAR LINEAR LINEAR</Name_array>
        <technique_common>
          <accessor source="#mixamorig_Hips-Interpolations-array" count="34">
            <param type="name"/>
          </accessor>
        </technique_common>
      </source>
      <sampler id="mixamorig_Hips-Matrix-animation-transform">
        <input semantic="INPUT" source="#mixamorig_Hips-Matrix-animation-input"/>
        <input semantic="OUTPUT" source="#mixamorig_Hips-Matrix-animation-output-transform"/>
        <input semantic="INTERPOLATION" source="#mixamorig_Hips-Interpolations"/>
      </sampler>
      <channel source="#mixamorig_Hips-Matrix-animation-transform" target="mixamorig_Hips/matrix"/>
    </animation>
    <animation id="mixamorig_Spine-anim" name="mixamorig_Spine">
      <source id="mixamorig_Spine-Matrix-animation-input">
        <float_array id="mixamorig_Spine-Matrix-animation-input-array" count="34">

0.000000 0.033333 0.066667 0.100000 0.133333 0.166667 0.200000 0.233333 0.266667 0.300000 0.333333 0.366667 0.400000 0.433333 0.466667 0.500000
0.533333 0.566667 0.600000 0.633333 0.666667 0.700000 0.733333 0.766667 0.800000 0.833333 0.866667 0.900000 0.933333 0.966667 1.000000 1.033333
1.066667 1.100000</float_array>
        <technique_common>
          <accessor source="#mixamorig_Spine-Matrix-animation-input-array" count="34">
            <param name="TIME" type="float"/>
          </accessor>
        </technique_common>
      </source>
      <source id="mixamorig_Spine-Matrix-animation-output-transform">
        <float_array id="mixamorig_Spine-Matrix-animation-output-transform-array" count="544">

0.987729 -0.021662 -0.154669 0.017300 -0.017293 0.969076 -0.246158 10.574800 0.155218 0.245812 0.956809 -1.117200 0.000000 0.000000 0.000000 1.000000
0.989090 -0.016750 -0.146354 0.017300 -0.018727 0.971156 -0.237708 10.574800 0.146115 0.237856 0.960247 -1.117200 0.000000 0.000000 0.000000 1.000000
0.990335 -0.012940 -0.138088 0.017300 -0.018873 0.973803 -0.226607 10.574800 0.137402 0.227023 0.964148 -1.117200 0.000000 0.000000 0.000000 1.000000
0.991466 -0.010711 -0.129927 0.017300 -0.017549 0.976583 -0.214423 10.574800 0.129181 0.214873 0.968061 -1.117200 0.000000 0.000000 0.000000 1.000000
0.992550 -0.011253 -0.121321 0.017300 -0.013811 0.978918 -0.203788 10.574800 0.121056 0.203945 0.971469 -1.117200 0.000000 0.000000 0.000000 1.000000
0.993569 -0.013949 -0.112367 0.017300 -0.008413 0.980545 -0.196113 10.574800 0.112917 0.195797 0.974122 -1.117200 0.000000 0.000000 0.000000 1.000000
0.994303 -0.017644 -0.105123 0.017300 -0.002870 0.981418 -0.191862 10.574800 0.106555 0.191070 0.975776 -1.117200 0.000000 0.000000 0.000000 1.000000
0.994519 -0.020724 -0.102484 0.017300 0.000843 0.981719 -0.190334 10.574800 0.104555 0.189204 0.976356 -1.117200 0.000000 0.000000 0.000000 1.000000
0.994348 -0.021784 -0.103915 0.017300 0.001579 0.981652 -0.190676 10.574800 0.106162 0.189434 0.976137 -1.117200 0.000000 0.000000 0.000000 1.000000
0.994133 -0.019344 -0.106417 0.017300 -0.001603 0.981133 -0.193325 10.574800 0.108149 0.192362 0.975346 -1.117200 0.000000 0.000000 0.000000 1.000000
0.993801 -0.014613 -0.110212 0.017300 -0.007639 0.980005 -0.198825 10.574800 0.110914 0.198434 0.973818 -1.117200 0.000000 0.000000 0.000000 1.000000
0.993115 -0.010378 -0.116681 0.017300 -0.014058 0.978309 -0.206672 10.574800 0.116295 0.206890 0.971428 -1.117200 0.000000 0.000000 0.000000 1.000000
0.992090 -0.007480 -0.125307 0.017300 -0.019859 0.976300 -0.215507 10.574800 0.123949 0.216291 0.968429 -1.117200 0.000000 0.000000 0.000000 1.000000
0.990569 -0.008900 -0.136724 0.017300 -0.022007 0.974597 -0.222883 10.574800 0.135235 0.223790 0.965210 -1.117200 0.000000 0.000000 0.000000 1.000000
0.988433 -0.015441 -0.150867 0.017300 -0.019589 0.973471 -0.227971 10.574800 0.150385 0.228289 0.961909 -1.117200 0.000000 0.000000 0.000000 1.000000
0.985772 -0.024896 -0.166237 0.017300 -0.014444 0.972767 -0.231333 10.574800 0.167469 0.230442 0.958567 -1.117200 0.000000 0.000000 0.000000 1.000000
0.982777 -0.035950 -0.181264 0.017300 -0.007268 0.972616 -0.232304 10.574800 0.184651 0.229621 0.955604 -1.117200 0.000000 0.000000 0.000000 1.000000
0.979674 -0.047959 -0.194777 0.017300 0.001981 0.973264 -0.229679 10.574800 0.200585 0.224625 0.953577 -1.117200 0.000000 0.000000 0.000000 1.000000
0.976610 -0.058167 -0.206999 0.017300 0.009982 0.973940 -0.226585 10.574800 0.214785 0.219219 0.951741 -1.117200 0.000000 0.000000 0.000000 1.000000
0.973860 -0.064562 -0.217781 0.017300 0.014358 0.974335 -0.224643 10.574800 0.226695 0.215645 0.949793 -1.117200 0.000000 0.000000 0.000000 1.000000
0.971524 -0.066740 -0.227348 0.017300 0.014488 0.974448 -0.224144 10.574800 0.236498 0.214468 0.947667 -1.117200 0.000000 0.000000 0.000000 1.000000
0.969525 -0.065279 -0.236134 0.017300 0.010920 0.974404 -0.224537 10.574800 0.244747 0.215116 0.945423 -1.117200 0.000000 0.000000 0.000000 1.000000
0.967674 -0.061395 -0.244618 0.017300 0.005216 0.974582 -0.223971 10.574800 0.252151 0.215455 0.943398 -1.117200 0.000000 0.000000 0.000000 1.000000
0.965475 -0.057326 -0.254110 0.017300 0.000164 0.975619 -0.219470 10.574800 0.260496 0.211851 0.941945 -1.117200 0.000000 0.000000 0.000000 1.000000
0.963508 -0.058703 -0.261163 0.017300 0.001642 0.976935 -0.213532 10.574800 0.267674 0.205311 0.941381 -1.117200 0.000000 0.000000 0.000000 1.000000
0.962150 -0.064947 -0.264670 0.017300 0.008311 0.977728 -0.209711 10.574800 0.272395 0.199573 0.941260 -1.117200 0.000000 0.000000 0.000000 1.000000
0.962164 -0.073065 -0.262493 0.017300 0.015821 0.976731 -0.213882 10.574800 0.272013 0.201636 0.940931 -1.117200 0.000000 0.000000 0.000000 1.000000
0.963410 -0.077045 -0.256722 0.017300 0.018240 0.974422 -0.223983 10.574800 0.267412 0.211105 0.940173 -1.117200 0.000000 0.000000 0.000000 1.000000
0.966768 -0.075068 -0.244384 0.017300 0.015055 0.970977 -0.238698 10.574800 0.255210 0.227086 0.939840 -1.117200 0.000000 0.000000 0.000000 1.000000
0.971752 -0.067029 -0.226286 0.017300 0.008107 0.967734 -0.251844 10.574800 0.235866 0.242895 0.940941 -1.117200 0.000000 0.000000 0.000000 1.000000
0.976879 -0.056047 -0.206317 0.017300 0.000789 0.965964 -0.258674 10.574800 0.213793 0.252530 0.943674 -1.117200 0.000000 0.000000 0.000000 1.000000
0.981197 -0.044400 -0.187834 0.017300 -0.005675 0.966124 -0.258016 10.574800 0.192927 0.254230 0.947706 -1.117200 0.000000 0.000000 0.000000 1.000000
0.984791 -0.032593 -0.170660 0.017300 -0.011728 0.967537 -0.252459 10.574800 0.173348 0.250620 0.952439 -1.117200 0.000000 0.000000 0.000000 1.000000
0.987729 -0.021662 -0.154669 0.017300 -0.017293 0.969076 -0.246158 10.574800 0.155218 0.245812 0.956809 -1.117200 0.000000 0.000000 0.000000 1.000000</float_array>
        <technique_common>
          <accessor source="#mixamorig_Spine-Matrix-animation-output-transform-array" count="34" stride="16">
            <param type="float4x4"/>
          </accessor>
        </technique_common>
      </source>
      <source id="mixamorig_Spine-Interpolations">
        <Name_array id="mixamorig_Spine-Interpolations-array" count="34">
 LINEAR LINEAR LINEAR LINEAR LINEAR LINEAR LINEAR LINEAR LINEAR LINEAR LINEAR
LINEAR LINEAR LINEAR LINEAR LINEAR LINEAR LINEAR LINEAR LINEAR LINEAR LINEAR LINEAR
LINEAR LINEAR LINEAR LINEAR LINEAR LINEAR LINEAR LINEAR LINEAR LINEAR LINEAR</Name_array>
        <technique_common>
          <accessor source="#mixamorig_Spine-Interpolations-array" count="34">
            <param type="name"/>
          </accessor>
        </technique_common>
      </source>
      <sampler id="mixamorig_Spine-Matrix-animation-transform">
        <input semantic="INPUT" source="#mixamorig_Spine-Matrix-animation-input"/>
        <input semantic="OUTPUT" source="#mixamorig_Spine-Matrix-animation-output-transform"/>
        <input semantic="INTERPOLATION" source="#mixamorig_Spine-Interpolations"/>
      </sampler>
      <channel source="#mixamorig_Spine-Matrix-animation-transform" target="mixamorig_Spine/matrix"/>
    </animation>
    <animation id="mixamorig_Spine1-anim" name="mixamorig_Spine1">
      <source id="mixamorig_Spine1-Matrix-animation-input">
        <float_array id="mixamorig_Spine1-Matrix-animation-input-array" count="34">

0.000000 0.033333 0.066667 0.100000 0.133333 0.166667 0.200000 0.233333 0.266667 0.300000 0.333333 0.366667 0.400000 0.433333 0.466667 0.500000
0.533333 0.566667 0.600000 0.633333 0.666667 0.700000 0.733333 0.766667 0.800000 0.833333 0.866667 0.900000 0.933333 0.966667 1.000000 1.033333
1.066667 1.100000</float_array>
        <technique_common>
          <accessor source="#mixamorig_Spine1-Matrix-animation-input-array" count="34">
            <param name="TIME" type="float"/>
          </accessor>
        </technique_common>
      </source>
      <source id="mixamorig_Spine1-Matrix-animation-output-transform">
        <float_array id="mixamorig_Spine1-Matrix-animation-output-transform-array" count="544">

0.999069 0.013644 -0.040924 0.000000 -0.014701 0.999563 -0.025652 12.406000 0.040556 0.026229 0.998833 -0.000000 0.000000 0.000000 0.000000 1.000000
0.999161 0.014308 -0.038378 0.000000 -0.015300 0.999553 -0.025666 12.406000 0.037994 0.026232 0.998934 0.000000 0.000000 0.000000 0.000000 1.000000
0.999244 0.015238 -0.035777 0.000000 -0.016162 0.999540 -0.025675 12.406000 0.035369 0.026234 0.999030 0.000000 0.000000 0.000000 0.000000 1.000000
0.999314 0.016421 -0.033203 -0.000000 -0.017278 0.999521 -0.025680 12.406000 0.032766 0.026236 0.999119 -0.000000 0.000000 0.000000 0.000000 1.000000
0.999379 0.017405 -0.030647 0.000000 -0.018195 0.999504 -0.025696 12.406000 0.030184 0.026238 0.999200 -0.000000 0.000000 0.000000 0.000000 1.000000
0.999445 0.017789 -0.028178 -0.000000 -0.018517 0.999496 -0.025795 12.406000 0.027705 0.026303 0.999270 0.000000 0.000000 0.000000 0.000000 1.000000
0.999501 0.017404 -0.026355 0.000000 -0.018090 0.999497 -0.026042 12.406000 0.025888 0.026506 0.999313 0.000000 0.000000 0.000000 0.000000 1.000000
0.999531 0.016283 -0.025938 -0.000000 -0.016958 0.999518 -0.026008 12.406000 0.025502 0.026436 0.999325 0.000000 0.000000 0.000000 0.000000 1.000000
0.999536 0.014633 -0.026718 0.000000 -0.015320 0.999552 -0.025698 12.406000 0.026330 0.026095 0.999313 0.000000 0.000000 0.000000 0.000000 1.000000
0.999533 0.012713 -0.027777 0.000000 -0.013423 0.999583 -0.025551 12.406000 0.027440 0.025912 0.999288 0.000000 0.000000 0.000000 0.000000 1.000000
0.999516 0.011036 -0.029102 -0.000000 -0.011792 0.999594 -0.025931 12.406000 0.028804 0.026262 0.999240 -0.000000 0.000000 0.000000 0.000000 1.000000
0.999467 0.010006 -0.031069 0.000000 -0.010842 0.999580 -0.026867 12.406000 0.030787 0.027189 0.999156 0.000000 0.000000 0.000000 0.000000 1.000000
0.999391 0.009424 -0.033586 0.000000 -0.010368 0.999553 -0.028057 12.406000 0.033307 0.028388 0.999042 0.000000 0.000000 0.000000 0.000000 1.000000
0.999276 0.009150 -0.036920 0.000000 -0.010222 0.999529 -0.028950 12.406000 0.036637 0.029306 0.998899 0.000000 0.000000 0.000000 0.000000 1.000000
0.999114 0.009086 -0.041093 -0.000000 -0.010295 0.999517 -0.029319 12.406000 0.040807 0.029716 0.998725 0.000000 0.000000 0.000000 0.000000 1.000000
0.998915 0.009063 -0.045672 0.000000 -0.010409 0.999516 -0.029332 12.406000 0.045384 0.029776 0.998526 -0.000000 0.000000 0.000000 0.000000 1.000000
0.998698 0.009068 -0.050203 0.000000 -0.010538 0.999522 -0.029079 12.406000 0.049915 0.029570 0.998316 0.000000 0.000000 0.000000 0.000000 1.000000
0.998481 0.009107 -0.054347 0.000000 -0.010668 0.999536 -0.028517 12.406000 0.054062 0.029054 0.998115 0.000000 0.000000 0.000000 0.000000 1.000000
0.998269 0.009192 -0.058087 0.000000 -0.010826 0.999553 -0.027877 12.406000 0.057805 0.028458 0.997922 -0.000000 0.000000 0.000000 0.000000 1.000000
0.998075 0.009465 -0.061297 0.000000 -0.011151 0.999567 -0.027226 12.406000 0.061013 0.027857 0.997748 0.000000 0.000000 0.000000 0.000000 1.000000
0.997899 0.010066 -0.064003 0.000000 -0.011788 0.999577 -0.026586 12.406000 0.063709 0.027284 0.997596 0.000000 0.000000 0.000000 0.000000 1.000000
0.997737 0.011009 -0.066330 0.000000 -0.012755 0.999582 -0.025950 12.406000 0.066017 0.026738 0.997460 0.000000 0.000000 0.000000 0.000000 1.000000
0.997581 0.012207 -0.068436 0.000000 -0.013957 0.999586 -0.025157 12.406000 0.068100 0.026051 0.997338 0.000000 0.000000 0.000000 0.000000 1.000000
0.997426 0.013073 -0.070508 0.000000 -0.014784 0.999607 -0.023798 12.406000 0.070169 0.024779 0.997227 -0.000000 0.000000 0.000000 0.000000 1.000000
0.997285 0.013177 -0.072446 0.000000 -0.014791 0.999653 -0.021790 12.406000 0.072134 0.022802 0.997134 0.000000 0.000000 0.000000 0.000000 1.000000
0.997185 0.012332 -0.073961 0.000000 -0.013809 0.999715 -0.019488 12.406000 0.073699 0.020455 0.997071 0.000000 0.000000 0.000000 0.000000 1.000000
0.997178 0.011048 -0.074261 -0.000000 -0.012429 0.999758 -0.018151 12.406000 0.074043 0.019022 0.997074 0.000000 0.000000 0.000000 0.000000 1.000000
0.997277 0.009949 -0.073077 -0.000000 -0.011304 0.999771 -0.018160 12.406000 0.072879 0.018936 0.997161 0.000000 0.000000 0.000000 0.000000 1.000000
0.997529 0.009519 -0.069606 0.000000 -0.010924 0.999743 -0.019841 12.406000 0.069399 0.020553 0.997377 0.000000 0.000000 0.000000 0.000000 1.000000
0.997899 0.009797 -0.064048 0.000000 -0.011241 0.999690 -0.022232 12.406000 0.063811 0.022905 0.997699 0.000000 0.000000 0.000000 0.000000 1.000000
0.998277 0.010433 -0.057745 0.000000 -0.011841 0.999640 -0.024092 12.406000 0.057472 0.024735 0.998041 0.000000 0.000000 0.000000 0.000000 1.000000
0.998593 0.011262 -0.051810 0.000000 -0.012572 0.999608 -0.025021 12.406000 0.051508 0.025637 0.998343 -0.000000 0.000000 0.000000 0.000000 1.000000
0.998856 0.012333 -0.046200 0.000000 -0.013523 0.999582 -0.025550 12.406000 0.045865 0.026146 0.998605 0.000000 0.000000 0.000000 0.000000 1.000000
0.999069 0.013643 -0.040924 -0.000000 -0.014701 0.999562 -0.025666 12.406000 0.040556 0.026244 0.998833 -0.000000 0.000000 0.000000 0.000000 1.000000</float_array>
        <technique_common>
          <accessor source="#mixamorig_Spine1-Matrix-animation-output-transform-array" count="34" stride="16">
            <param type="float4x4"/>
          </accessor>
        </technique_common>
      </source>
      <source id="mixamorig_Spine1-Interpolations">
        <Name_array id="mixamorig_Spine1-Interpolations-array" count="34">
 LINEAR LINEAR LINEAR LINEAR LINEAR LINEAR LINEAR LINEAR LINEAR LINEAR LINEAR
LINEAR LINEAR LINEAR LINEAR LINEAR LINEAR LINEAR LINEAR LINEAR LINEAR LINEAR LINEAR
LINEAR LINEAR LINEAR LINEAR LINEAR LINEAR LINEAR LINEAR LINEAR LINEAR LINEAR</Name_array>
        <technique_common>
          <accessor source="#mixamorig_Spine1-Interpolations-array" count="34">
            <param type="name"/>
          </accessor>
        </technique_common>
      </source>
      <sampler id="mixamorig_Spine1-Matrix-animation-transform">
        <input semantic="INPUT" source="#mixamorig_Spine1-Matrix-animation-input"/>
        <input semantic="OUTPUT" source="#mixamorig_Spine1-Matrix-animation-output-transform"/>
        <input semantic="INTERPOLATION" source="#mixamorig_Spine1-Interpolations"/>
      </sampler>
      <channel source="#mixamorig_Spine1-Matrix-animation-transform" target="mixamorig_Spine1/matrix"/>
    </animation>
    <animation id="mixamorig_Spine2-anim" name="mixamorig_Spine2">
      <source id="mixamorig_Spine2-Matrix-animation-input">
        <float_array id="mixamorig_Spine2-Matrix-animation-input-array" count="34">

0.000000 0.033333 0.066667 0.100000 0.133333 0.166667 0.200000 0.233333 0.266667 0.300000 0.333333 0.366667 0.400000 0.433333 0.466667 0.500000
0.533333 0.566667 0.600000 0.633333 0.666667 0.700000 0.733333 0.766667 0.800000 0.833333 0.866667 0.900000 0.933333 0.966667 1.000000 1.033333
1.066667 1.100000</float_array>
        <technique_common>
          <accessor source="#mixamorig_Spine2-Matrix-animation-input-array" count="34">
            <param name="TIME" type="float"/>
          </accessor>
        </technique_common>
      </source>
      <source id="mixamorig_Spine2-Matrix-animation-output-transform">
        <float_array id="mixamorig_Spine2-Matrix-animation-output-transform-array" count="544">

0.999121 0.006578 -0.041394 0.000000 -0.011946 0.991336 -0.130804 14.178300 0.040175 0.131184 0.990544 0.000000 0.000000 0.000000 0.000000 1.000000
0.999214 0.007593 -0.038898 0.000000 -0.012625 0.991327 -0.130813 14.178300 0.037567 0.131201 0.990644 0.000000 0.000000 0.000000 0.000000 1.000000
0.999299 0.008891 -0.036369 0.000000 -0.013581 0.991314 -0.130815 14.178300 0.034890 0.131217 0.990739 0.000000 0.000000 0.000000 0.000000 1.000000
0.999371 0.010446 -0.033891 0.000000 -0.014798 0.991297 -0.130814 14.178300 0.032229 0.131233 0.990828 0.000000 0.000000 0.000000 0.000000 1.000000
0.999437 0.011795 -0.031415 -0.000000 -0.015811 0.991279 -0.130824 14.178300 0.029598 0.131247 0.990908 0.000000 0.000000 0.000000 0.000000 1.000000
0.999502 0.012523 -0.028979 0.000000 -0.016216 0.991261 -0.130912 14.178300 0.027086 0.131316 0.990970 0.000000 0.000000 0.000000 0.000000 1.000000
0.999555 0.012386 -0.027128 -0.000000 -0.015842 0.991239 -0.131130 14.178300 0.025266 0.131502 0.990994 0.000000 0.000000 0.000000 0.000000 1.000000
0.999581 0.011322 -0.026631 -0.000000 -0.014720 0.991263 -0.131074 14.178300 0.024914 0.131411 0.991015 0.000000 0.000000 0.000000 0.000000 1.000000
0.999582 0.009565 -0.027300 0.000000 -0.013057 0.991329 -0.130749 14.178300 0.025812 0.131051 0.991040 0.000000 0.000000 0.000000 0.000000 1.000000
0.999573 0.007491 -0.028246 0.000000 -0.011120 0.991375 -0.130582 14.178300 0.027024 0.130841 0.991035 0.000000 0.000000 0.000000 0.000000 1.000000
0.999549 0.005610 -0.029486 0.000000 -0.009426 0.991345 -0.130942 14.178300 0.028496 0.131161 0.990951 0.000000 0.000000 0.000000 0.000000 1.000000
0.999497 0.004278 -0.031410 0.000000 -0.008387 0.991232 -0.131865 14.178300 0.030571 0.132063 0.990770 0.000000 0.000000 0.000000 0.000000 1.000000
0.999419 0.003315 -0.033909 0.000000 -0.007801 0.991079 -0.133048 14.178300 0.033166 0.133235 0.990529 -0.000000 0.000000 0.000000 0.000000 1.000000
0.999304 0.002571 -0.037224 -0.000000 -0.007539 0.990963 -0.133923 14.178300 0.036543 0.134111 0.990292 0.000000 0.000000 0.000000 0.000000 1.000000
0.999142 0.001937 -0.041365 -0.000000 -0.007479 0.990918 -0.134260 14.178300 0.040729 0.134455 0.990082 0.000000 0.000000 0.000000 0.000000 1.000000
0.998945 0.001304 -0.045895 -0.000000 -0.007461 0.990920 -0.134243 14.178300 0.045303 0.134444 0.989885 -0.000000 0.000000 0.000000 0.000000 1.000000
0.998730 0.000719 -0.050373 -0.000000 -0.007470 0.990959 -0.133957 14.178300 0.049821 0.134163 0.989706 0.000000 0.000000 0.000000 0.000000 1.000000
0.998516 0.000228 -0.054465 0.000000 -0.007501 0.991037 -0.133374 14.178300 0.053946 0.133584 0.989568 0.000000 0.000000 0.000000 0.000000 1.000000
0.998307 -0.000172 -0.058162 0.000000 -0.007561 0.991124 -0.132724 14.178300 0.057669 0.132940 0.989445 0.000000 0.000000 0.000000 0.000000 1.000000
0.998116 -0.000326 -0.061357 0.000000 -0.007796 0.991208 -0.132084 14.178300 0.060861 0.132313 0.989338 -0.000000 0.000000 0.000000 0.000000 1.000000
0.997944 -0.000056 -0.064091 0.000000 -0.008388 0.991284 -0.131474 14.178300 0.063540 0.131741 0.989246 0.000000 0.000000 0.000000 0.000000 1.000000
0.997787 0.000617 -0.066487 -0.000000 -0.009335 0.991353 -0.130887 14.178300 0.065831 0.131218 0.989165 -0.000000 0.000000 0.000000 0.000000 1.000000
0.997637 0.001586 -0.068690 0.000000 -0.010537 0.991438 -0.130154 14.178300 0.067895 0.130570 0.989112 0.000000 0.000000 0.000000 0.000000 1.000000
0.997485 0.002258 -0.070839 -0.000000 -0.011394 0.991601 -0.128833 14.178300 0.069953 0.129316 0.989133 0.000000 0.000000 0.000000 0.000000 1.000000
0.997344 0.002216 -0.072807 0.000000 -0.011461 0.991860 -0.126814 14.178300 0.071933 0.127312 0.989251 0.000000 0.000000 0.000000 0.000000 1.000000
0.997236 0.001284 -0.074292 0.000000 -0.010549 0.992171 -0.124443 14.178300 0.073550 0.124882 0.989442 -0.000000 0.000000 0.000000 0.000000 1.000000
0.997220 0.000009 -0.074509 -0.000000 -0.009200 0.992363 -0.123009 14.178300 0.073939 0.123353 0.989605 0.000000 0.000000 0.000000 0.000000 1.000000
0.997309 -0.000973 -0.073301 0.000000 -0.008068 0.992381 -0.122941 14.178300 0.072862 0.123201 0.989703 0.000000 0.000000 0.000000 0.000000 1.000000
0.997559 -0.001072 -0.069818 -0.000000 -0.007655 0.992177 -0.124603 14.178300 0.069406 0.124833 0.989747 0.000000 0.000000 0.000000 0.000000 1.000000
0.997932 -0.000208 -0.064273 0.000000 -0.007975 0.991866 -0.127039 14.178300 0.063777 0.127289 0.989813 -0.000000 0.000000 0.000000 0.000000 1.000000
0.998316 0.001161 -0.058005 -0.000000 -0.008647 0.991610 -0.128979 14.178300 0.057368 0.129263 0.989949 0.000000 0.000000 0.000000 0.000000 1.000000
0.998637 0.002739 -0.052120 0.000000 -0.009504 0.991471 -0.129984 14.178300 0.051319 0.130302 0.990145 0.000000 0.000000 0.000000 0.000000 1.000000
0.998904 0.004554 -0.046578 -0.000000 -0.010606 0.991389 -0.130521 14.178300 0.045583 0.130872 0.990351 0.000000 0.000000 0.000000 0.000000 1.000000
0.999121 0.006577 -0.041394 0.000000 -0.011946 0.991335 -0.130816 14.178300 0.040175 0.131195 0.990542 -0.000000 0.000000 0.000000 0.000000 1.000000</float_array>
        <technique_common>
          <accessor source="#mixamorig_Spine2-Matrix-animation-output-transform-array" count="34" stride="16">
            <param type="float4x4"/>
          </accessor>
        </technique_common>
      </source>
      <source id="mixamorig_Spine2-Interpolations">
        <Name_array id="mixamorig_Spine2-Interpolations-array" count="34">
 LINEAR LINEAR LINEAR LINEAR LINEAR LINEAR LINEAR LINEAR LINEAR LINEAR LINEAR
LINEAR LINEAR LINEAR LINEAR LINEAR LINEAR LINEAR LINEAR LINEAR LINEAR LINEAR LINEAR
LINEAR LINEAR LINEAR LINEAR LINEAR LINEAR LINEAR LINEAR LINEAR LINEAR LINEAR</Name_array>
        <technique_common>
          <accessor source="#mixamorig_Spine2-Interpolations-array" count="34">
            <param type="name"/>
          </accessor>
        </technique_common>
      </source>
      <sampler id="mixamorig_Spine2-Matrix-animation-transform">
        <input semantic="INPUT" source="#mixamorig_Spine2-Matrix-animation-input"/>
        <input semantic="OUTPUT" source="#mixamorig_Spine2-Matrix-animation-output-transform"/>
        <input semantic="INTERPOLATION" source="#mixamorig_Spine2-Interpolations"/>
      </sampler>
      <channel source="#mixamorig_Spine2-Matrix-animation-transform" target="mixamorig_Spine2/matrix"/>
    </animation>
    <animation id="mixamorig_Neck-anim" name="mixamorig_Neck">
      <source id="mixamorig_Neck-Matrix-animation-input">
        <float_array id="mixamorig_Neck-Matrix-animation-input-array" count="34">

0.000000 0.033333 0.066667 0.100000 0.133333 0.166667 0.200000 0.233333 0.266667 0.300000 0.333333 0.366667 0.400000 0.433333 0.466667 0.500000
0.533333 0.566667 0.600000 0.633333 0.666667 0.700000 0.733333 0.766667 0.800000 0.833333 0.866667 0.900000 0.933333 0.966667 1.000000 1.033333
1.066667 1.100000</float_array>
        <technique_common>
          <accessor source="#mixamorig_Neck-Matrix-animation-input-array" count="34">
            <param name="TIME" type="float"/>
          </accessor>
        </technique_common>
      </source>
      <source id="mixamorig_Neck-Matrix-animation-output-transform">
        <float_array id="mixamorig_Neck-Matrix-animation-output-transform-array" count="544">

0.997691 0.065360 0.018444 0.024400 -0.061866 0.986723 -0.150170 15.862300 -0.028014 0.148683 0.988488 -1.675800 0.000000 0.000000 0.000000 1.000000
0.997636 0.066294 0.018122 0.024400 -0.062758 0.986236 -0.152972 15.862300 -0.028014 0.151473 0.988064 -1.675800 0.000000 0.000000 0.000000 1.000000
0.997530 0.067887 0.018061 0.024400 -0.064236 0.985561 -0.156665 15.862300 -0.028436 0.155118 0.987487 -1.675800 0.000000 0.000000 0.000000 1.000000
0.997383 0.069815 0.018784 0.024400 -0.065916 0.984842 -0.160443 15.862300 -0.029700 0.158785 0.986866 -1.675800 0.000000 0.000000 0.000000 1.000000
0.997185 0.072084 0.020642 0.024400 -0.067793 0.984370 -0.162544 15.862300 -0.032036 0.160687 0.986485 -1.675800 0.000000 0.000000 0.000000 1.000000
0.996955 0.074471 0.023114 0.024400 -0.069757 0.984256 -0.162402 15.862300 -0.034844 0.160295 0.986454 -1.675800 0.000000 0.000000 0.000000 1.000000
0.996752 0.076362 0.025571 0.024400 -0.071304 0.984465 -0.160451 15.862300 -0.037426 0.158106 0.986713 -1.675800 0.000000 0.000000 0.000000 1.000000
0.996651 0.077021 0.027472 0.024400 -0.071723 0.984713 -0.158735 15.862300 -0.039278 0.156233 0.986939 -1.675800 0.000000 0.000000 0.000000 1.000000
0.996663 0.076403 0.028723 0.024400 -0.070920 0.984784 -0.158655 15.862300 -0.040407 0.156088 0.986916 -1.675800 0.000000 0.000000 0.000000 1.000000
0.996754 0.074892 0.029533 0.024400 -0.069257 0.984734 -0.159692 15.862300 -0.041042 0.157128 0.986725 -1.675800 0.000000 0.000000 0.000000 1.000000
0.996808 0.073777 0.030513 0.024400 -0.067984 0.984753 -0.160121 15.862300 -0.041861 0.157536 0.986626 -1.675800 0.000000 0.000000 0.000000 1.000000
0.996713 0.074342 0.032195 0.024400 -0.068339 0.984959 -0.158700 15.862300 -0.043508 0.155978 0.986802 -1.675800 0.000000 0.000000 0.000000 1.000000
0.996510 0.076076 0.034359 0.024400 -0.069836 0.985273 -0.156077 15.862300 -0.045727 0.153133 0.987147 -1.675800 0.000000 0.000000 0.000000 1.000000
0.996276 0.078027 0.036683 0.024400 -0.071561 0.985634 -0.152983 15.862300 -0.048093 0.149788 0.987548 -1.675800 0.000000 0.000000 0.000000 1.000000
0.996055 0.079706 0.039016 0.024400 -0.073033 0.986010 -0.149834 15.862300 -0.050413 0.146394 0.987941 -1.675800 0.000000 0.000000 0.000000 1.000000
0.995847 0.081156 0.041254 0.024400 -0.074313 0.986400 -0.146606 15.862300 -0.052590 0.142931 0.988334 -1.675800 0.000000 0.000000 0.000000 1.000000
0.995663 0.082419 0.043154 0.024400 -0.075491 0.986838 -0.143008 15.862300 -0.054372 0.139130 0.988780 -1.675800 0.000000 0.000000 0.000000 1.000000
0.995523 0.083475 0.044335 0.024400 -0.076617 0.987373 -0.138655 15.862300 -0.055349 0.134638 0.989348 -1.675800 0.000000 0.000000 0.000000 1.000000
0.995435 0.084216 0.044918 0.024400 -0.077536 0.987944 -0.133997 15.862300 -0.055661 0.129902 0.989963 -1.675800 0.000000 0.000000 0.000000 1.000000
0.995439 0.084163 0.044913 0.024400 -0.077743 0.988542 -0.129384 15.862300 -0.055288 0.125303 0.990577 -1.675800 0.000000 0.000000 0.000000 1.000000
0.995556 0.083070 0.044358 0.024400 -0.076970 0.989173 -0.124947 15.862300 -0.054257 0.120978 0.991171 -1.675800 0.000000 0.000000 0.000000 1.000000
0.995768 0.081065 0.043306 0.024400 -0.075330 0.989822 -0.120736 15.862300 -0.052653 0.116963 0.991740 -1.675800 0.000000 0.000000 0.000000 1.000000
0.996026 0.078634 0.041817 0.024400 -0.073266 0.990395 -0.117260 15.862300 -0.050636 0.113730 0.992220 -1.675800 0.000000 0.000000 0.000000 1.000000
0.996205 0.077063 0.040453 0.024400 -0.071962 0.990734 -0.115181 15.862300 -0.048955 0.111833 0.992520 -1.675800 0.000000 0.000000 0.000000 1.000000
0.996295 0.076443 0.039398 0.024400 -0.071507 0.990869 -0.114304 15.862300 -0.047776 0.111063 0.992664 -1.675800 0.000000 0.000000 0.000000 1.000000
0.996367 0.076041 0.038350 0.024400 -0.071237 0.990922 -0.114012 15.862300 -0.046671 0.110865 0.992739 -1.675800 0.000000 0.000000 0.000000 1.000000
0.996565 0.074411 0.036347 0.024400 -0.069860 0.991074 -0.113539 15.862300 -0.044471 0.110610 0.992869 -1.675800 0.000000 0.000000 0.000000 1.000000
0.996864 0.071812 0.033245 0.024400 -0.067618 0.991227 -0.113561 15.862300 -0.041108 0.110957 0.992975 -1.675800 0.000000 0.000000 0.000000 1.000000
0.997183 0.069170 0.029017 0.024400 -0.065367 0.991080 -0.116137 15.862300 -0.036792 0.113913 0.992809 -1.675800 0.000000 0.000000 0.000000 1.000000
0.997373 0.068058 0.024792 0.024400 -0.064528 0.990340 -0.122727 15.862300 -0.032905 0.120805 0.992131 -1.675800 0.000000 0.000000 0.000000 1.000000
0.997411 0.068542 0.021764 0.024400 -0.065110 0.989192 -0.131373 15.862300 -0.030534 0.129616 0.991094 -1.675800 0.000000 0.000000 0.000000 1.000000
0.997398 0.069181 0.020275 0.024400 -0.065714 0.988126 -0.138881 15.862300 -0.029642 0.137187 0.990102 -1.675800 0.000000 0.000000 0.000000 1.000000
0.997466 0.068417 0.019517 0.024400 -0.064898 0.987377 -0.144480 15.862300 -0.029156 0.142847 0.989315 -1.675800 0.000000 0.000000 0.000000 1.000000
0.997691 0.065360 0.018444 0.024400 -0.061866 0.986723 -0.150170 15.862300 -0.028014 0.148682 0.988488 -1.675800 0.000000 0.000000 0.000000 1.000000</float_array>
        <technique_common>
          <accessor source="#mixamorig_Neck-Matrix-animation-output-transform-array" count="34" stride="16">
            <param type="float4x4"/>
          </accessor>
        </technique_common>
      </source>
      <source id="mixamorig_Neck-Interpolations">
        <Name_array id="mixamorig_Neck-Interpolations-array" count="34">
 LINEAR LINEAR LINEAR LINEAR LINEAR LINEAR LINEAR LINEAR LINEAR LINEAR LINEAR
LINEAR LINEAR LINEAR LINEAR LINEAR LINEAR LINEAR LINEAR LINEAR LINEAR LINEAR LINEAR
LINEAR LINEAR LINEAR LINEAR LINEAR LINEAR LINEAR LINEAR LINEAR LINEAR LINEAR</Name_array>
        <technique_common>
          <accessor source="#mixamorig_Neck-Interpolations-array" count="34">
            <param type="name"/>
          </accessor>
        </technique_common>
      </source>
      <sampler id="mixamorig_Neck-Matrix-animation-transform">
        <input semantic="INPUT" source="#mixamorig_Neck-Matrix-animation-input"/>
        <input semantic="OUTPUT" source="#mixamorig_Neck-Matrix-animation-output-transform"/>
        <input semantic="INTERPOLATION" source="#mixamorig_Neck-Interpolations"/>
      </sampler>
      <channel source="#mixamorig_Neck-Matrix-animation-transform" target="mixamorig_Neck/matrix"/>
    </animation>
    <animation id="mixamorig_Head-anim" name="mixamorig_Head">
      <source id="mixamorig_Head-Matrix-animation-input">
        <float_array id="mixamorig_Head-Matrix-animation-input-array" count="34">

0.000000 0.033333 0.066667 0.100000 0.133333 0.166667 0.200000 0.233333 0.266667 0.300000 0.333333 0.366667 0.400000 0.433333 0.466667 0.500000
0.533333 0.566667 0.600000 0.633333 0.666667 0.700000 0.733333 0.766667 0.800000 0.833333 0.866667 0.900000 0.933333 0.966667 1.000000 1.033333
1.066667 1.100000</float_array>
        <technique_common>
          <accessor source="#mixamorig_Head-Matrix-animation-input-array" count="34">
            <param name="TIME" type="float"/>
          </accessor>
        </technique_common>
      </source>
      <source id="mixamorig_Head-Matrix-animation-output-transform">
        <float_array id="mixamorig_Head-Matrix-animation-output-transform-array" count="544">

0.979181 -0.053729 0.195749 0.000000 -0.007192 0.954544 0.297982 5.564000 -0.202862 -0.293186 0.934285 0.988100 0.000000 0.000000 0.000000 1.000000
0.978762 -0.056058 0.197185 0.000000 -0.006495 0.952922 0.303147 5.564000 -0.204896 -0.297989 0.932320 0.988100 0.000000 0.000000 0.000000 1.000000
0.978190 -0.058698 0.199246 0.000000 -0.005652 0.951363 0.308019 5.564000 -0.207635 -0.302427 0.930282 0.988100 0.000000 0.000000 0.000000 1.000000
0.977180 -0.060620 0.203579 0.000000 -0.006035 0.950102 0.311880 5.564000 -0.212327 -0.305992 0.928055 0.988100 0.000000 0.000000 0.000000 1.000000
0.975515 -0.060603 0.211420 0.000000 -0.008910 0.949608 0.313315 5.564000 -0.219754 -0.307527 0.925816 0.988100 0.000000 0.000000 0.000000 1.000000
0.973494 -0.059130 0.220938 0.000000 -0.013296 0.949738 0.312763 5.564000 -0.228327 -0.307410 0.923778 0.988100 0.000000 0.000000 0.000000 1.000000
0.971583 -0.057329 0.229653 0.000000 -0.017501 0.950172 0.311233 5.564000 -0.236053 -0.306408 0.922168 0.988100 0.000000 0.000000 0.000000 1.000000
0.970240 -0.056211 0.235532 0.000000 -0.019984 0.950778 0.309228 5.564000 -0.241321 -0.304732 0.921359 0.988100 0.000000 0.000000 0.000000 1.000000
0.969517 -0.055934 0.238555 0.000000 -0.020563 0.951587 0.306690 5.564000 -0.244161 -0.302246 0.921430 0.988100 0.000000 0.000000 0.000000 1.000000
0.969201 -0.056502 0.239700 -0.000000 -0.019663 0.952463 0.304018 5.564000 -0.245483 -0.299368 0.922018 0.988100 0.000000 0.000000 0.000000 1.000000
0.968932 -0.057846 0.240467 -0.000000 -0.018222 0.952925 0.302657 5.564000 -0.246655 -0.297636 0.922266 0.988100 0.000000 0.000000 0.000000 1.000000
0.968393 -0.059304 0.242275 0.000000 -0.017504 0.952771 0.303185 5.564000 -0.248813 -0.297843 0.921619 0.988100 0.000000 0.000000 0.000000 1.000000
0.967646 -0.060585 0.244929 0.000000 -0.017499 0.952291 0.304690 5.564000 -0.251703 -0.299118 0.920421 0.988100 0.000000 0.000000 0.000000 1.000000
0.966807 -0.061418 0.248017 0.000000 -0.017953 0.951952 0.305720 5.564000 -0.254877 -0.300024 0.919251 0.988100 0.000000 0.000000 0.000000 1.000000
