<?xml version="1.0" encoding="utf-8"?>
<COLLADA xmlns="http://www.collada.org/2005/11/COLLADASchema" version="1.4.1">
  <asset>
    <contributor>
      <author>Mixamo</author>
      <authoring_tool>COLLADA Mixamo exporter</authoring_tool>
      <comments/>
    </contributor>
    <created>2025-02-06T00:56:06Z</created>
    <modified>2025-02-06T00:56:06Z</modified>
    <revision/>
    <title/>
    <unit meter="0.010000"/>
    <up_axis>Y_UP</up_axis>
  </asset>
  <library_animations>
    <animation id="mixamorig_Hips-anim" name="mixamorig_Hips">
      <source id="mixamorig_Hips-Matrix-animation-input">
        <float_array id="mixamorig_Hips-Matrix-animation-input-array" count="35">

0.000000 0.033333 0.066667 0.100000 0.133333 0.166667 0.200000 0.233333 0.266667 0.300000 0.333333 0.366667 0.400000 0.433333 0.466667 0.500000
0.533333 0.566667 0.600000 0.633333 0.666667 0.700000 0.733333 0.766667 0.800000 0.833333 0.866667 0.900000 0.933333 0.966667 1.000000 1.033333
1.066667 1.100000 1.133333</float_array>
        <technique_common>
          <accessor source="#mixamorig_Hips-Matrix-animation-input-array" count="35">
            <param name="TIME" type="float"/>
          </accessor>
        </technique_common>
      </source>
      <source id="mixamorig_Hips-Matrix-animation-output-transform">
        <float_array id="mixamorig_Hips-Matrix-animation-output-transform-array" count="560">

0.683847 -0.264522 -0.679986 -4.171144 0.303856 0.950553 -0.064195 139.902832 0.663344 -0.162718 0.730409 -6.687541 0.000000 0.000000 0.000000 1.000000
0.713410 -0.215429 -0.666811 -5.043088 0.317602 0.947627 0.033643 138.441986 0.624640 -0.235782 0.744467 -6.781391 0.000000 0.000000 0.000000 1.000000
0.738968 -0.181484 -0.648837 -5.536472 0.303489 0.949464 0.080076 135.817123 0.601515 -0.256089 0.756702 -6.770405 0.000000 0.000000 0.000000 1.000000
0.755783 -0.178873 -0.629918 -5.462792 0.285709 0.955651 0.071428 133.029968 0.589205 -0.233957 0.773370 -6.323977 0.000000 0.000000 0.000000 1.000000
0.768491 -0.196086 -0.609074 -5.053040 0.267717 0.963098 0.027727 129.783981 0.581161 -0.184368 0.792629 -5.339718 0.000000 0.000000 0.000000 1.000000
0.778441 -0.221881 -0.587195 -4.646409 0.245239 0.968600 -0.040889 125.967484 0.577830 -0.112173 0.808412 -3.901403 0.000000 0.000000 0.000000 1.000000
0.789951 -0.238517 -0.564878 -4.452284 0.207456 0.970877 -0.119831 120.949936 0.577009 -0.022527 0.816427 -1.899029 0.000000 0.000000 0.000000 1.000000
0.816227 -0.233848 -0.528288 -4.451380 0.161150 0.970281 -0.180514 113.623955 0.554801 0.062207 0.829654 1.013582 0.000000 0.000000 0.000000 1.000000
0.858401 -0.208322 -0.468774 -4.565811 0.127977 0.971901 -0.197563 104.687935 0.496759 0.109596 0.860941 4.030756 0.000000 0.000000 0.000000 1.000000
0.895731 -0.163952 -0.413262 -4.559150 0.093516 0.978206 -0.185387 94.218475 0.434649 0.127410 0.891542 6.401346 0.000000 0.000000 0.000000 1.000000
0.926541 -0.133797 -0.351597 -4.622416 0.064108 0.977101 -0.202887 83.421356 0.370692 0.165442 0.913902 7.220021 0.000000 0.000000 0.000000 1.000000
0.943835 -0.161892 -0.288040 -4.408499 0.077886 0.956186 -0.282210 74.047470 0.321107 0.243925 0.915091 5.943789 0.000000 0.000000 0.000000 1.000000
0.930714 -0.234793 -0.280436 -3.169292 0.127205 0.926675 -0.353685 67.750694 0.342916 0.293507 0.892335 4.556110 0.000000 0.000000 0.000000 1.000000
0.907647 -0.309412 -0.283621 -1.357954 0.173053 0.891469 -0.418730 64.741714 0.382400 0.330978 0.862684 3.100280 0.000000 0.000000 0.000000 1.000000
0.888985 -0.356200 -0.287798 0.699602 0.199672 0.867084 -0.456395 62.780212 0.412113 0.348263 0.841948 1.527767 0.000000 0.000000 0.000000 1.000000
0.867848 -0.381285 -0.318530 2.591476 0.207621 0.860784 -0.464699 61.835678 0.451368 0.337155 0.826192 0.087862 0.000000 0.000000 0.000000 1.000000
0.843772 -0.402681 -0.354819 4.001989 0.210842 0.856661 -0.470826 61.762848 0.493552 0.322459 0.807729 -0.954346 0.000000 0.000000 0.000000 1.000000
0.828515 -0.402670 -0.389127 4.773860 0.202154 0.863131 -0.462751 62.493202 0.522204 0.304732 0.796518 -1.538784 0.000000 0.000000 0.000000 1.000000
0.816512 -0.384431 -0.430721 4.874112 0.183636 0.880251 -0.437533 63.997616 0.547344 0.278155 0.789332 -1.811859 0.000000 0.000000 0.000000 1.000000
0.806744 -0.361277 -0.467592 4.550285 0.159256 0.894975 -0.416721 66.004860 0.569036 0.261721 0.779552 -1.916500 0.000000 0.000000 0.000000 1.000000
0.798939 -0.331338 -0.501909 3.939822 0.127691 0.908977 -0.396808 68.265846 0.587701 0.252936 0.768525 -1.918274 0.000000 0.000000 0.000000 1.000000
0.783680 -0.303977 -0.541704 3.307356 0.102779 0.923513 -0.369539 70.557999 0.612602 0.233925 0.754982 -1.938821 0.000000 0.000000 0.000000 1.000000
0.762808 -0.282764 -0.581522 2.772629 0.083890 0.934995 -0.344597 72.647820 0.641160 0.214078 0.736943 -1.928146 0.000000 0.000000 0.000000 1.000000
0.742240 -0.260249 -0.617535 2.347914 0.064653 0.945021 -0.320554 74.280037 0.667008 0.198003 0.718259 -1.861950 0.000000 0.000000 0.000000 1.000000
0.720835 -0.237610 -0.651105 1.946669 0.050210 0.954835 -0.292864 75.603859 0.691286 0.178415 0.700209 -1.718561 0.000000 0.000000 0.000000 1.000000
0.699259 -0.214206 -0.682021 1.527029 0.039656 0.964205 -0.262175 76.747925 0.713768 0.156282 0.682724 -1.498359 0.000000 0.000000 0.000000 1.000000
0.680247 -0.188361 -0.708367 1.158555 0.031583 0.973052 -0.228413 77.721802 0.732302 0.133005 0.667864 -1.285078 0.000000 0.000000 0.000000 1.000000
0.663438 -0.164278 -0.729974 0.870464 0.029485 0.980582 -0.193879 78.534073 0.747650 0.107103 0.655400 -1.055019 0.000000 0.000000 0.000000 1.000000
0.652191 -0.149896 -0.743087 0.593195 0.031670 0.984787 -0.170856 79.177742 0.757393 0.087897 0.647016 -0.750054 0.000000 0.000000 0.000000 1.000000
0.646351 -0.143917 -0.749346 0.298593 0.034146 0.986524 -0.160016 79.670670 0.762276 0.077840 0.642554 -0.418971 0.000000 0.000000 0.000000 1.000000
0.642951 -0.141580 -0.752708 0.016132 0.036234 0.987289 -0.154753 80.038589 0.765050 0.072225 0.639908 -0.108393 0.000000 0.000000 0.000000 1.000000
0.639873 -0.137740 -0.756036 -0.203065 0.038236 0.988294 -0.147693 80.306137 0.767529 0.065597 0.637650 0.153660 0.000000 0.000000 0.000000 1.000000
0.637702 -0.133990 -0.758540 -0.364993 0.039832 0.989173 -0.141242 80.482742 0.769253 0.059856 0.636134 0.359604 0.000000 0.000000 0.000000 1.000000
0.636897 -0.131615 -0.759631 -0.471874 0.040781 0.989692 -0.137284 80.579025 0.769869 0.056457 0.635699 0.502052 0.000000 0.000000 0.000000 1.000000
0.636919 -0.127639 -0.760291 -0.491395 0.041295 0.990432 -0.131681 80.613976 0.769824 0.052474 0.636096 0.573513 0.000000 0.000000 0.000000 1.000000</float_array>
        <technique_common>
          <accessor source="#mixamorig_Hips-Matrix-animation-output-transform-array" count="35" stride="16">
            <param type="float4x4"/>
          </accessor>
        </technique_common>
      </source>
      <source id="mixamorig_Hips-Interpolations">
        <Name_array id="mixamorig_Hips-Interpolations-array" count="35">
 LINEAR LINEAR LINEAR LINEAR LINEAR LINEAR LINEAR LINEAR LINEAR LINEAR LINEAR
LINEAR LINEAR LINEAR LINEAR LINEAR LINEAR LINEAR LINEAR LINEAR LINEAR LINEAR LINEAR
LINEAR LINEAR LINEAR LINEAR LINEAR LINEAR LINEAR LINEAR LINEAR LINEAR LINEAR LINEAR</Name_array>
        <technique_common>
          <accessor source="#mixamorig_Hips-Interpolations-array" count="35">
            <param type="name"/>
          </accessor>
        </technique_common>
      </source>
      <sampler id="mixamorig_Hips-Matrix-animation-transform">
        <input semantic="INPUT" source="#mixamorig_Hips-Matrix-animation-input"/>
        <input semantic="OUTPUT" source="#mixamorig_Hips-Matrix-animation-output-transform"/>
        <input semantic="INTERPOLATION" source="#mixamorig_Hips-Interpolations"/>
      </sampler>
      <channel source="#mixamorig_Hips-Matrix-animation-transform" target="mixamorig_Hips/matrix"/>
    </animation>
    <animation id="mixamorig_Spine-anim" name="mixamorig_Spine">
      <source id="mixamorig_Spine-Matrix-animation-input">
        <float_array id="mixamorig_Spine-Matrix-animation-input-array" count="35">

0.000000 0.033333 0.066667 0.100000 0.133333 0.166667 0.200000 0.233333 0.266667 0.300000 0.333333 0.366667 0.400000 0.433333 0.466667 0.500000
0.533333 0.566667 0.600000 0.633333 0.666667 0.700000 0.733333 0.766667 0.800000 0.833333 0.866667 0.900000 0.933333 0.966667 1.000000 1.033333
1.066667 1.100000 1.133333</float_array>
        <technique_common>
          <accessor source="#mixamorig_Spine-Matrix-animation-input-array" count="35">
            <param name="TIME" type="float"/>
          </accessor>
        </technique_common>
      </source>
      <source id="mixamorig_Spine-Matrix-animation-output-transform">
        <float_array id="mixamorig_Spine-Matrix-animation-output-transform-array" count="560">

0.995807 0.085932 -0.031384 0.017300 -0.090541 0.974862 -0.203584 10.574800 0.013101 0.205571 0.978554 -1.117200 0.000000 0.000000 0.000000 1.000000
0.995593 0.086943 -0.035147 0.017300 -0.092716 0.968825 -0.229743 10.574800 0.014077 0.231990 0.972616 -1.117200 0.000000 0.000000 0.000000 1.000000
0.995912 0.081970 -0.037952 0.017300 -0.088684 0.967111 -0.238393 10.574800 0.017163 0.240784 0.970427 -1.117200 0.000000 0.000000 0.000000 1.000000
0.996477 0.074193 -0.039114 0.017300 -0.081262 0.969481 -0.231305 10.574800 0.020760 0.233669 0.972095 -1.117200 0.000000 0.000000 0.000000 1.000000
0.997091 0.065052 -0.039710 0.017300 -0.072058 0.974355 -0.213166 10.574800 0.024825 0.215408 0.976209 -1.117200 0.000000 0.000000 0.000000 1.000000
0.997603 0.054759 -0.042315 0.017300 -0.061726 0.980552 -0.186302 10.574800 0.031290 0.188468 0.981581 -1.117200 0.000000 0.000000 0.000000 1.000000
0.998048 0.043424 -0.044881 0.017300 -0.049835 0.986919 -0.153319 10.574800 0.037636 0.155257 0.987157 -1.117200 0.000000 0.000000 0.000000 1.000000
0.998583 0.032555 -0.042101 0.017300 -0.037433 0.991967 -0.120830 10.574800 0.037829 0.122235 0.991780 -1.117200 0.000000 0.000000 0.000000 1.000000
0.998963 0.025227 -0.037904 0.017300 -0.028799 0.994881 -0.096867 10.574800 0.035266 0.097858 0.994575 -1.117200 0.000000 0.000000 0.000000 1.000000
0.999232 0.019515 -0.033981 0.017300 -0.022184 0.996546 -0.080025 10.574800 0.032302 0.080717 0.996214 -1.117200 0.000000 0.000000 0.000000 1.000000
0.999339 0.016841 -0.032217 0.017300 -0.019268 0.996876 -0.076590 10.574800 0.030827 0.077160 0.996542 -1.117200 0.000000 0.000000 0.000000 1.000000
0.999330 0.021722 -0.029446 0.017300 -0.024151 0.996104 -0.084818 10.574800 0.027489 0.085472 0.995961 -1.117200 0.000000 0.000000 0.000000 1.000000
0.999193 0.033915 -0.021510 0.017300 -0.035952 0.994065 -0.102672 10.574800 0.017900 0.103362 0.994483 -1.117200 0.000000 0.000000 0.000000 1.000000
0.998732 0.047070 -0.017837 0.017300 -0.048914 0.991174 -0.123217 10.574800 0.011880 0.123933 0.992219 -1.117200 0.000000 0.000000 0.000000 1.000000
0.998384 0.055360 -0.012867 0.017300 -0.056650 0.987561 -0.146677 10.574800 0.004587 0.147169 0.989101 -1.117200 0.000000 0.000000 0.000000 1.000000
0.998099 0.061285 -0.006474 0.017300 -0.061493 0.983541 -0.169899 10.574800 -0.004045 0.169974 0.985440 -1.117200 0.000000 0.000000 0.000000 1.000000
0.997931 0.064270 -0.001642 0.017300 -0.063450 0.980442 -0.186297 10.574800 -0.010363 0.186016 0.982492 -1.117200 0.000000 0.000000 0.000000 1.000000
0.998071 0.061923 0.004416 0.017300 -0.059798 0.978051 -0.199599 10.574800 -0.016679 0.198950 0.979868 -1.117200 0.000000 0.000000 0.000000 1.000000
0.998302 0.057236 0.010835 0.017300 -0.053720 0.976493 -0.208746 10.574800 -0.022528 0.207810 0.977910 -1.117200 0.000000 0.000000 0.000000 1.000000
0.998450 0.053435 0.015537 0.017300 -0.049085 0.977215 -0.206500 10.574800 -0.026218 0.205417 0.978323 -1.117200 0.000000 0.000000 0.000000 1.000000
0.998560 0.049539 0.020577 0.017300 -0.044549 0.979522 -0.196344 10.574800 -0.029882 0.195145 0.980319 -1.117200 0.000000 0.000000 0.000000 1.000000
0.998483 0.049017 0.025083 0.017300 -0.043613 0.982116 -0.183157 10.574800 -0.033613 0.181785 0.982764 -1.117200 0.000000 0.000000 0.000000 1.000000
0.998350 0.049633 0.028874 0.017300 -0.044109 0.984838 -0.167777 10.574800 -0.036763 0.166227 0.985402 -1.117200 0.000000 0.000000 0.000000 1.000000
0.998227 0.049186 0.033512 0.017300 -0.043517 0.987293 -0.152835 10.574800 -0.040603 0.151105 0.987683 -1.117200 0.000000 0.000000 0.000000 1.000000
0.998031 0.049056 0.039073 0.017300 -0.043126 0.989164 -0.140341 10.574800 -0.045534 0.138380 0.989332 -1.117200 0.000000 0.000000 0.000000 1.000000
0.997820 0.048741 0.044489 0.017300 -0.042677 0.990813 -0.128329 10.574800 -0.050335 0.126151 0.990733 -1.117200 0.000000 0.000000 0.000000 1.000000
0.997681 0.047695 0.048565 0.017300 -0.041828 0.992440 -0.115381 10.574800 -0.053701 0.113082 0.992133 -1.117200 0.000000 0.000000 0.000000 1.000000
0.997569 0.046629 0.051782 0.017300 -0.041077 0.993776 -0.103547 10.574800 -0.056288 0.101168 0.993276 -1.117200 0.000000 0.000000 0.000000 1.000000
0.997539 0.044879 0.053868 0.017300 -0.039548 0.994571 -0.096255 10.574800 -0.057895 0.093888 0.993898 -1.117200 0.000000 0.000000 0.000000 1.000000
0.997623 0.042245 0.054432 0.017300 -0.037072 0.994998 -0.092766 10.574800 -0.058079 0.090528 0.994199 -1.117200 0.000000 0.000000 0.000000 1.000000
0.997751 0.039411 0.054225 0.017300 -0.034367 0.995259 -0.090990 10.574800 -0.057554 0.088921 0.994374 -1.117200 0.000000 0.000000 0.000000 1.000000
0.997866 0.036914 0.053851 0.017300 -0.032015 0.995503 -0.089154 10.574800 -0.056900 0.087240 0.994561 -1.117200 0.000000 0.000000 0.000000 1.000000
0.997956 0.034887 0.053533 0.017300 -0.030114 0.995708 -0.087514 10.574800 -0.056357 0.085723 0.994724 -1.117200 0.000000 0.000000 0.000000 1.000000
0.998024 0.033396 0.053230 0.017300 -0.028705 0.995831 -0.086579 10.574800 -0.055899 0.084880 0.994822 -1.117200 0.000000 0.000000 0.000000 1.000000
0.998069 0.032589 0.052879 0.017300 -0.027962 0.995904 -0.085989 10.574800 -0.055464 0.084344 0.994892 -1.117200 0.000000 0.000000 0.000000 1.000000</float_array>
        <technique_common>
          <accessor source="#mixamorig_Spine-Matrix-animation-output-transform-array" count="35" stride="16">
            <param type="float4x4"/>
          </accessor>
        </technique_common>
      </source>
      <source id="mixamorig_Spine-Interpolations">
        <Name_array id="mixamorig_Spine-Interpolations-array" count="35">
 LINEAR LINEAR LINEAR LINEAR LINEAR LINEAR LINEAR LINEAR LINEAR LINEAR LINEAR
LINEAR LINEAR LINEAR LINEAR LINEAR LINEAR LINEAR LINEAR LINEAR LINEAR LINEAR LINEAR
LINEAR LINEAR LINEAR LINEAR LINEAR LINEAR LINEAR LINEAR LINEAR LINEAR LINEAR LINEAR</Name_array>
        <technique_common>
          <accessor source="#mixamorig_Spine-Interpolations-array" count="35">
            <param type="name"/>
          </accessor>
        </technique_common>
      </source>
      <sampler id="mixamorig_Spine-Matrix-animation-transform">
        <input semantic="INPUT" source="#mixamorig_Spine-Matrix-animation-input"/>
        <input semantic="OUTPUT" source="#mixamorig_Spine-Matrix-animation-output-transform"/>
        <input semantic="INTERPOLATION" source="#mixamorig_Spine-Interpolations"/>
      </sampler>
      <channel source="#mixamorig_Spine-Matrix-animation-transform" target="mixamorig_Spine/matrix"/>
    </animation>
    <animation id="mixamorig_Spine1-anim" name="mixamorig_Spine1">
      <source id="mixamorig_Spine1-Matrix-animation-input">
        <float_array id="mixamorig_Spine1-Matrix-animation-input-array" count="35">

0.000000 0.033333 0.066667 0.100000 0.133333 0.166667 0.200000 0.233333 0.266667 0.300000 0.333333 0.366667 0.400000 0.433333 0.466667 0.500000
0.533333 0.566667 0.600000 0.633333 0.666667 0.700000 0.733333 0.766667 0.800000 0.833333 0.866667 0.900000 0.933333 0.966667 1.000000 1.033333
1.066667 1.100000 1.133333</float_array>
        <technique_common>
          <accessor source="#mixamorig_Spine1-Matrix-animation-input-array" count="35">
            <param name="TIME" type="float"/>
          </accessor>
        </technique_common>
      </source>
      <source id="mixamorig_Spine1-Matrix-animation-output-transform">
        <float_array id="mixamorig_Spine1-Matrix-animation-output-transform-array" count="560">

0.987167 0.146512 -0.063521 -0.000000 -0.159359 0.929416 -0.332853 12.406000 0.010271 0.338704 0.940837 0.000000 0.000000 0.000000 0.000000 1.000000
0.986642 0.145794 -0.072675 0.000000 -0.162576 0.909523 -0.382541 12.406000 0.010327 0.389246 0.921076 0.000000 0.000000 0.000000 0.000000 1.000000
0.987624 0.135546 -0.078901 -0.000000 -0.155889 0.903619 -0.398962 12.406000 0.017219 0.406325 0.913566 0.000000 0.000000 0.000000 0.000000 1.000000
0.989471 0.120235 -0.080566 -0.000000 -0.142188 0.911466 -0.386021 12.406000 0.027020 0.393412 0.918965 0.000000 0.000000 0.000000 0.000000 1.000000
0.991494 0.102146 -0.080661 -0.000000 -0.124218 0.927665 -0.352147 12.406000 0.038856 0.359171 0.932462 0.000000 0.000000 0.000000 0.000000 1.000000
0.992878 0.083366 -0.085107 0.000000 -0.105379 0.947794 -0.300968 12.406000 0.055573 0.307793 0.949829 0.000000 0.000000 0.000000 0.000000 1.000000
0.993686 0.066486 -0.090379 0.000000 -0.086300 0.967670 -0.236994 12.406000 0.071700 0.243297 0.967298 0.000000 0.000000 0.000000 0.000000 1.000000
0.994871 0.054660 -0.085110 0.000000 -0.068789 0.982500 -0.173096 12.406000 0.074159 0.178062 0.981221 0.000000 0.000000 0.000000 0.000000 1.000000
0.996095 0.046449 -0.075083 0.000000 -0.055664 0.990504 -0.125709 12.406000 0.068531 0.129398 0.989222 -0.000000 0.000000 0.000000 0.000000 1.000000
0.997067 0.039051 -0.065814 0.000000 -0.045054 0.994707 -0.092350 12.406000 0.061859 0.095045 0.993549 0.000000 0.000000 0.000000 0.000000 1.000000
0.997496 0.035333 -0.061261 0.000000 -0.040511 0.995518 -0.085451 12.406000 0.057967 0.087719 0.994457 0.000000 0.000000 0.000000 0.000000 1.000000
0.997736 0.038016 -0.055481 0.000000 -0.043453 0.994005 -0.100329 12.406000 0.051335 0.102513 0.993406 0.000000 0.000000 0.000000 0.000000 1.000000
0.997926 0.047983 -0.042920 0.000000 -0.053288 0.989752 -0.132481 12.406000 0.036123 0.134493 0.990256 0.000000 0.000000 0.000000 0.000000 1.000000
0.997637 0.055122 -0.041003 -0.000000 -0.061290 0.983752 -0.168746 12.406000 0.031035 0.170861 0.984806 0.000000 0.000000 0.000000 0.000000 1.000000
0.998003 0.051174 -0.037036 0.000000 -0.057851 0.975877 -0.210515 12.406000 0.025370 0.212237 0.976889 -0.000000 0.000000 0.000000 0.000000 1.000000
0.998588 0.043776 -0.030108 0.000000 -0.049963 0.966456 -0.251924 12.406000 0.018070 0.253072 0.967279 -0.000000 0.000000 0.000000 0.000000 1.000000
0.999092 0.034384 -0.025170 0.000000 -0.040075 0.958945 -0.280747 12.406000 0.014483 0.281501 0.959452 0.000000 0.000000 0.000000 0.000000 1.000000
0.999637 0.021941 -0.015615 -0.000000 -0.025662 0.951956 -0.305157 12.406000 0.008169 0.305447 0.952174 0.000000 0.000000 0.000000 0.000000 1.000000
0.999917 0.012464 -0.003369 0.000000 -0.012884 0.946293 -0.323054 12.406000 -0.000838 0.323070 0.946375 -0.000000 0.000000 0.000000 0.000000 1.000000
0.999956 0.007419 0.005817 0.000000 -0.005173 0.947625 -0.319343 12.406000 -0.007881 0.319298 0.947621 -0.000000 0.000000 0.000000 0.000000 1.000000
0.999864 0.004417 0.015907 0.000000 0.000569 0.953752 -0.300596 12.406000 -0.016499 0.300564 0.953619 0.000000 0.000000 0.000000 0.000000 1.000000
0.999639 0.009468 0.025151 0.000000 -0.002160 0.961163 -0.275972 12.406000 -0.026787 0.275818 0.960836 0.000000 0.000000 0.000000 0.000000 1.000000
0.999284 0.017738 0.033413 0.000000 -0.008933 0.968924 -0.247199 12.406000 -0.036760 0.246723 0.968388 0.000000 0.000000 0.000000 0.000000 1.000000
0.998724 0.024810 0.043988 -0.000000 -0.014567 0.975514 -0.219454 12.406000 -0.048356 0.218533 0.974631 -0.000000 0.000000 0.000000 0.000000 1.000000
0.997837 0.032877 0.056927 -0.000000 -0.021079 0.980248 -0.196648 12.406000 -0.062268 0.195023 0.978820 0.000000 0.000000 0.000000 0.000000 1.000000
0.996719 0.040751 0.069927 0.000000 -0.027965 0.984183 -0.174936 12.406000 -0.075950 0.172406 0.982094 -0.000000 0.000000 0.000000 0.000000 1.000000
0.995631 0.047220 0.080553 -0.000000 -0.034597 0.987857 -0.151464 12.406000 -0.086727 0.148016 0.985175 -0.000000 0.000000 0.000000 0.000000 1.000000
0.994532 0.053512 0.089679 0.000000 -0.041560 0.990615 -0.130211 12.406000 -0.095805 0.125772 0.987422 0.000000 0.000000 0.000000 0.000000 1.000000
0.993612 0.058308 0.096615 -0.000000 -0.046741 0.991920 -0.117943 12.406000 -0.102712 0.112674 0.988309 -0.000000 0.000000 0.000000 0.000000 1.000000
0.993076 0.061032 0.100373 -0.000000 -0.049556 0.992347 -0.113098 12.406000 -0.106507 0.107341 0.988501 0.000000 0.000000 0.000000 0.000000 1.000000
0.992780 0.062622 0.102304 -0.000000 -0.051119 0.992457 -0.111428 12.406000 -0.108510 0.105393 0.988493 0.000000 0.000000 0.000000 0.000000 1.000000
0.992584 0.063707 0.103530 -0.000000 -0.052306 0.992628 -0.109337 12.406000 -0.109732 0.103111 0.988598 -0.000000 0.000000 0.000000 0.000000 1.000000
0.992453 0.064308 0.104414 0.000000 -0.053046 0.992814 -0.107272 12.406000 -0.110563 0.100923 0.988732 0.000000 0.000000 0.000000 0.000000 1.000000
0.992412 0.064332 0.104783 -0.000000 -0.053155 0.992926 -0.106171 12.406000 -0.110872 0.099796 0.988812 0.000000 0.000000 0.000000 0.000000 1.000000
0.992485 0.063759 0.104439 0.000000 -0.052719 0.993047 -0.105255 12.406000 -0.110424 0.098958 0.988946 0.000000 0.000000 0.000000 0.000000 1.000000</float_array>
        <technique_common>
          <accessor source="#mixamorig_Spine1-Matrix-animation-output-transform-array" count="35" stride="16">
            <param type="float4x4"/>
          </accessor>
        </technique_common>
      </source>
      <source id="mixamorig_Spine1-Interpolations">
        <Name_array id="mixamorig_Spine1-Interpolations-array" count="35">
 LINEAR LINEAR LINEAR LINEAR LINEAR LINEAR LINEAR LINEAR LINEAR LINEAR LINEAR
LINEAR LINEAR LINEAR LINEAR LINEAR LINEAR LINEAR LINEAR LINEAR LINEAR LINEAR LINEAR
LINEAR LINEAR LINEAR LINEAR LINEAR LINEAR LINEAR LINEAR LINEAR LINEAR LINEAR LINEAR</Name_array>
        <technique_common>
          <accessor source="#mixamorig_Spine1-Interpolations-array" count="35">
            <param type="name"/>
          </accessor>
        </technique_common>
      </source>
      <sampler id="mixamorig_Spine1-Matrix-animation-transform">
        <input semantic="INPUT" source="#mixamorig_Spine1-Matrix-animation-input"/>
        <input semantic="OUTPUT" source="#mixamorig_Spine1-Matrix-animation-output-transform"/>
        <input semantic="INTERPOLATION" source="#mixamorig_Spine1-Interpolations"/>
      </sampler>
      <channel source="#mixamorig_Spine1-Matrix-animation-transform" target="mixamorig_Spine1/matrix"/>
    </animation>
    <animation id="mixamorig_Spine2-anim" name="mixamorig_Spine2">
      <source id="mixamorig_Spine2-Matrix-animation-input">
        <float_array id="mixamorig_Spine2-Matrix-animation-input-array" count="35">

0.000000 0.033333 0.066667 0.100000 0.133333 0.166667 0.200000 0.233333 0.266667 0.300000 0.333333 0.366667 0.400000 0.433333 0.466667 0.500000
0.533333 0.566667 0.600000 0.633333 0.666667 0.700000 0.733333 0.766667 0.800000 0.833333 0.866667 0.900000 0.933333 0.966667 1.000000 1.033333
1.066667 1.100000 1.133333</float_array>
        <technique_common>
          <accessor source="#mixamorig_Spine2-Matrix-animation-input-array" count="35">
            <param name="TIME" type="float"/>
          </accessor>
        </technique_common>
      </source>
      <source id="mixamorig_Spine2-Matrix-animation-output-transform">
        <float_array id="mixamorig_Spine2-Matrix-animation-output-transform-array" count="560">

0.987393 0.150705 -0.048406 -0.000000 -0.157927 0.958604 -0.236934 14.178300 0.010695 0.241591 0.970319 0.000000 0.000000 0.000000 0.000000 1.000000
0.986867 0.150924 -0.057584 0.000000 -0.161173 0.943854 -0.288381 14.178300 0.010827 0.293875 0.955783 0.000000 0.000000 0.000000 0.000000 1.000000
0.987834 0.141361 -0.064820 -0.000000 -0.154498 0.939634 -0.305316 14.178300 0.017748 0.311617 0.950042 -0.000000 0.000000 0.000000 0.000000 1.000000
0.989657 0.126296 -0.068035 0.000000 -0.140788 0.946108 -0.291647 14.178300 0.027535 0.298209 0.954103 0.000000 0.000000 0.000000 0.000000 1.000000
0.991652 0.108307 -0.069970 -0.000000 -0.122800 0.958763 -0.256307 14.178300 0.039325 0.262760 0.964060 0.000000 0.000000 0.000000 0.000000 1.000000
0.993008 0.090076 -0.076303 -0.000000 -0.103938 0.973573 -0.203352 14.178300 0.055970 0.209861 0.976128 -0.000000 0.000000 0.000000 0.000000 1.000000
0.993790 0.073817 -0.083266 -0.000000 -0.084837 0.986835 -0.137695 14.178300 0.072006 0.143904 0.986969 0.000000 0.000000 0.000000 0.000000 1.000000
0.994957 0.061515 -0.079227 -0.000000 -0.067306 0.995086 -0.072624 14.178300 0.074370 0.077590 0.994208 0.000000 0.000000 0.000000 0.000000 1.000000
0.996168 0.052324 -0.070088 -0.000000 -0.054168 0.998227 -0.024672 14.178300 0.068673 0.028374 0.997236 0.000000 0.000000 0.000000 0.000000 1.000000
0.997128 0.044020 -0.061620 -0.000000 -0.043551 0.999011 0.008940 14.178300 0.061952 -0.006231 0.998060 -0.000000 0.000000 0.000000 0.000000 1.000000
0.997547 0.039829 -0.057567 0.000000 -0.038974 0.999114 0.015893 14.178300 0.058149 -0.013610 0.998215 0.000000 0.000000 0.000000 0.000000 1.000000
0.997743 0.041545 -0.052751 -0.000000 -0.041548 0.999136 0.001033 14.178300 0.052748 0.001161 0.998607 0.000000 0.000000 0.000000 0.000000 1.000000
0.997905 0.049420 -0.041758 0.000000 -0.050739 0.998226 -0.031151 14.178300 0.040144 0.033204 0.998642 0.000000 0.000000 0.000000 0.000000 1.000000
0.997566 0.055321 -0.042441 0.000000 -0.058107 0.996026 -0.067501 14.178300 0.038539 0.069803 0.996816 -0.000000 0.000000 0.000000 0.000000 1.000000
0.997849 0.049891 -0.042515 -0.000000 -0.054292 0.992495 -0.109569 14.178300 0.036730 0.111641 0.993070 0.000000 0.000000 0.000000 0.000000 1.000000
0.998375 0.040788 -0.039787 0.000000 -0.046378 0.987361 -0.151550 14.178300 0.033103 0.153149 0.987648 0.000000 0.000000 0.000000 0.000000 1.000000
0.998804 0.030125 -0.038517 0.000000 -0.036621 0.982809 -0.180959 14.178300 0.032404 0.182153 0.982736 0.000000 0.000000 0.000000 0.000000 1.000000
0.999363 0.016330 -0.031729 -0.000000 -0.022530 0.978266 -0.206127 14.178300 0.027673 0.206711 0.978011 0.000000 0.000000 0.000000 0.000000 1.000000
0.999772 0.005624 -0.020598 0.000000 -0.010111 0.974367 -0.224738 14.178300 0.018806 0.224895 0.974202 0.000000 0.000000 0.000000 0.000000 1.000000
0.999933 -0.000206 -0.011553 0.000000 -0.002354 0.975256 -0.221065 14.178300 0.011313 0.221078 0.975191 0.000000 0.000000 0.000000 0.000000 1.000000
0.999991 -0.003997 -0.001077 0.000000 0.003697 0.979396 -0.201914 14.178300 0.001861 0.201908 0.979403 0.000000 0.000000 0.000000 0.000000 1.000000
0.999953 0.000394 0.009657 0.000000 0.001318 0.984274 -0.176645 14.178300 -0.009575 0.176649 0.984227 0.000000 0.000000 0.000000 0.000000 1.000000
0.999767 0.008157 0.019971 0.000000 -0.005130 0.989099 -0.147162 14.178300 -0.020954 0.147025 0.988911 0.000000 0.000000 0.000000 0.000000 1.000000
0.999361 0.014547 0.032640 0.000000 -0.010570 0.992855 -0.118862 14.178300 -0.034136 0.118441 0.992374 -0.000000 0.000000 0.000000 0.000000 1.000000
0.998616 0.021728 0.047894 0.000000 -0.017066 0.995266 -0.095676 14.178300 -0.049746 0.094726 0.994260 -0.000000 0.000000 0.000000 0.000000 1.000000
0.997583 0.028735 0.063268 0.000000 -0.024046 0.996992 -0.073680 14.178300 -0.065195 0.071980 0.995273 -0.000000 0.000000 0.000000 0.000000 1.000000
0.996495 0.034599 0.076164 -0.000000 -0.030840 0.998273 -0.049990 14.178300 -0.077762 0.047466 0.995841 0.000000 0.000000 0.000000 0.000000 1.000000
0.995341 0.040434 0.087531 0.000000 -0.038060 0.998866 -0.028620 14.178300 -0.088589 0.025155 0.995751 0.000000 0.000000 0.000000 0.000000 1.000000
0.994316 0.044985 0.096498 0.000000 -0.043604 0.998915 -0.016366 14.178300 -0.097130 0.012066 0.995199 -0.000000 0.000000 0.000000 0.000000 1.000000
0.993640 0.047762 0.101975 -0.000000 -0.046821 0.998836 -0.011606 14.178300 -0.102411 0.006757 0.994719 -0.000000 0.000000 0.000000 0.000000 1.000000
0.993199 0.049550 0.105360 0.000000 -0.048763 0.998760 -0.010036 14.178300 -0.105727 0.004830 0.994383 0.000000 0.000000 0.000000 0.000000 1.000000
0.992873 0.050843 0.107785 0.000000 -0.050269 0.998703 -0.008030 14.178300 -0.108054 0.002554 0.994142 0.000000 0.000000 0.000000 0.000000 1.000000
0.992639 0.051610 0.109565 0.000000 -0.051258 0.998667 -0.006029 14.178300 -0.109730 0.000369 0.993961 -0.000000 0.000000 0.000000 0.000000 1.000000
0.992530 0.051762 0.110474 0.000000 -0.051529 0.998659 -0.004970 14.178300 -0.110583 -0.000759 0.993867 0.000000 0.000000 0.000000 0.000000 1.000000
0.992578 0.051287 0.110263 0.000000 -0.051151 0.998683 -0.004064 14.178300 -0.110327 -0.001607 0.993894 0.000000 0.000000 0.000000 0.000000 1.000000</float_array>
        <technique_common>
          <accessor source="#mixamorig_Spine2-Matrix-animation-output-transform-array" count="35" stride="16">
            <param type="float4x4"/>
          </accessor>
        </technique_common>
      </source>
      <source id="mixamorig_Spine2-Interpolations">
        <Name_array id="mixamorig_Spine2-Interpolations-array" count="35">
 LINEAR LINEAR LINEAR LINEAR LINEAR LINEAR LINEAR LINEAR LINEAR LINEAR LINEAR
LINEAR LINEAR LINEAR LINEAR LINEAR LINEAR LINEAR LINEAR LINEAR LINEAR LINEAR LINEAR
LINEAR LINEAR LINEAR LINEAR LINEAR LINEAR LINEAR LINEAR LINEAR LINEAR LINEAR LINEAR</Name_array>
        <technique_common>
          <accessor source="#mixamorig_Spine2-Interpolations-array" count="35">
            <param type="name"/>
          </accessor>
        </technique_common>
      </source>
      <sampler id="mixamorig_Spine2-Matrix-animation-transform">
        <input semantic="INPUT" source="#mixamorig_Spine2-Matrix-animation-input"/>
        <input semantic="OUTPUT" source="#mixamorig_Spine2-Matrix-animation-output-transform"/>
        <input semantic="INTERPOLATION" source="#mixamorig_Spine2-Interpolations"/>
      </sampler>
      <channel source="#mixamorig_Spine2-Matrix-animation-transform" target="mixamorig_Spine2/matrix"/>
    </animation>
    <animation id="mixamorig_Neck-anim" name="mixamorig_Neck">
      <source id="mixamorig_Neck-Matrix-animation-input">
        <float_array id="mixamorig_Neck-Matrix-animation-input-array" count="35">

0.000000 0.033333 0.066667 0.100000 0.133333 0.166667 0.200000 0.233333 0.266667 0.300000 0.333333 0.366667 0.400000 0.433333 0.466667 0.500000
0.533333 0.566667 0.600000 0.633333 0.666667 0.700000 0.733333 0.766667 0.800000 0.833333 0.866667 0.900000 0.933333 0.966667 1.000000 1.033333
1.066667 1.100000 1.133333</float_array>
        <technique_common>
          <accessor source="#mixamorig_Neck-Matrix-animation-input-array" count="35">
            <param name="TIME" type="float"/>
          </accessor>
        </technique_common>
      </source>
      <source id="mixamorig_Neck-Matrix-animation-output-transform">
        <float_array id="mixamorig_Neck-Matrix-animation-output-transform-array" count="560">

0.937218 0.057676 0.343942 0.024400 -0.060106 0.998185 -0.003601 15.862300 -0.343526 -0.017298 0.938984 -1.675800 0.000000 0.000000 0.000000 1.000000
0.933602 0.084030 0.348319 0.024400 -0.097099 0.995070 0.020202 15.862300 -0.344904 -0.052682 0.937158 -1.675800 0.000000 0.000000 0.000000 1.000000
0.930342 0.109803 0.349866 0.024400 -0.120936 0.992609 0.010062 15.862300 -0.346175 -0.051672 0.936746 -1.675800 0.000000 0.000000 0.000000 1.000000
0.932188 0.117878 0.342244 0.024400 -0.123786 0.992298 -0.004611 15.862300 -0.340152 -0.038067 0.939600 -1.675800 0.000000 0.000000 0.000000 1.000000
0.937646 0.110307 0.329623 0.024400 -0.113112 0.993524 -0.010722 15.862300 -0.328671 -0.027231 0.944052 -1.675800 0.000000 0.000000 0.000000 1.000000
0.941954 0.101471 0.320042 0.024400 -0.103132 0.994598 -0.011801 15.862300 -0.319510 -0.021890 0.947330 -1.675800 0.000000 0.000000 0.000000 1.000000
0.945335 0.098813 0.310770 0.024400 -0.097685 0.995032 -0.019234 15.862300 -0.311127 -0.012175 0.950290 -1.675800 0.000000 0.000000 0.000000 1.000000
0.951149 0.092476 0.294557 0.024400 -0.087284 0.995709 -0.030753 15.862300 -0.296137 0.003540 0.955139 -1.675800 0.000000 0.000000 0.000000 1.000000
0.960612 0.070935 0.268686 0.024400 -0.063284 0.997308 -0.037043 15.862300 -0.270591 0.018581 0.962515 -1.675800 0.000000 0.000000 0.000000 1.000000
0.970163 0.044410 0.238351 0.024400 -0.038079 0.998791 -0.031101 15.862300 -0.239444 0.021097 0.970681 -1.675800 0.000000 0.000000 0.000000 1.000000
0.976423 0.036550 0.212751 0.024400 -0.037276 0.999305 -0.000603 15.862300 -0.212625 -0.007341 0.977106 -1.675800 0.000000 0.000000 0.000000 1.000000
0.977871 0.054822 0.201896 0.024400 -0.068186 0.995876 0.059840 15.862300 -0.197783 -0.072282 0.977577 -1.675800 0.000000 0.000000 0.000000 1.000000
0.975145 0.080603 0.206388 0.024400 -0.110541 0.984259 0.137893 15.862300 -0.192025 -0.157280 0.968705 -1.675800 0.000000 0.000000 0.000000 1.000000
0.972038 0.087851 0.217769 0.024400 -0.135297 0.967505 0.213607 15.862300 -0.191927 -0.237098 0.952338 -1.675800 0.000000 0.000000 0.000000 1.000000
0.971266 0.073636 0.226320 0.024400 -0.134624 0.954163 0.267300 15.862300 -0.196264 -0.290088 0.936659 -1.675800 0.000000 0.000000 0.000000 1.000000
0.971743 0.059002 0.228547 0.024400 -0.125412 0.949338 0.288149 15.862300 -0.199966 -0.308670 0.929912 -1.675800 0.000000 0.000000 0.000000 1.000000
0.972683 0.059453 0.224394 0.024400 -0.122883 0.951974 0.280439 15.862300 -0.196944 -0.300353 0.933275 -1.675800 0.000000 0.000000 0.000000 1.000000
0.975331 0.067843 0.210063 0.024400 -0.122248 0.958356 0.258088 15.862300 -0.183806 -0.277401 0.943008 -1.675800 0.000000 0.000000 0.000000 1.000000
0.980190 0.070454 0.185103 0.024400 -0.112300 0.967537 0.226407 15.862300 -0.163143 -0.242709 0.956283 -1.675800 0.000000 0.000000 0.000000 1.000000
0.984411 0.064998 0.163434 0.024400 -0.094535 0.979109 0.180024 15.862300 -0.148318 -0.192667 0.969990 -1.675800 0.000000 0.000000 0.000000 1.000000
0.986406 0.055548 0.154651 0.024400 -0.074534 0.989995 0.119808 15.862300 -0.146448 -0.129706 0.980678 -1.675800 0.000000 0.000000 0.000000 1.000000
0.986177 0.046373 0.159073 0.024400 -0.056223 0.996733 0.057989 15.862300 -0.155864 -0.066131 0.985562 -1.675800 0.000000 0.000000 0.000000 1.000000
0.984977 0.039184 0.168180 0.024400 -0.041007 0.999132 0.007378 15.862300 -0.167745 -0.014164 0.985729 -1.675800 0.000000 0.000000 0.000000 1.000000
0.984154 0.033642 0.174093 0.024400 -0.029803 0.999253 -0.024621 15.862300 -0.174791 0.019043 0.984421 -1.675800 0.000000 0.000000 0.000000 1.000000
0.983855 0.028133 0.176742 0.024400 -0.021781 0.999049 -0.037778 15.862300 -0.177636 0.033319 0.983532 -1.675800 0.000000 0.000000 0.000000 1.000000
0.983329 0.022409 0.180449 0.024400 -0.016064 0.999203 -0.036548 15.862300 -0.181124 0.033040 0.982905 -1.675800 0.000000 0.000000 0.000000 1.000000
0.982354 0.017743 0.186188 0.024400 -0.012909 0.999548 -0.027146 15.862300 -0.186586 0.024264 0.982139 -1.675800 0.000000 0.000000 0.000000 1.000000
0.981639 0.014696 0.190183 0.024400 -0.011702 0.999789 -0.016859 15.862300 -0.190390 0.014324 0.981604 -1.675800 0.000000 0.000000 0.000000 1.000000
0.981908 0.012718 0.188932 0.024400 -0.010557 0.999867 -0.012440 15.862300 -0.189065 0.010220 0.981911 -1.675800 0.000000 0.000000 0.000000 1.000000
0.983023 0.011263 0.183137 0.024400 -0.008533 0.999840 -0.015691 15.862300 -0.183284 0.013862 0.982962 -1.675800 0.000000 0.000000 0.000000 1.000000
0.984304 0.010104 0.176193 0.024400 -0.006180 0.999721 -0.022807 15.862300 -0.176375 0.021360 0.984091 -1.675800 0.000000 0.000000 0.000000 1.000000
0.985306 0.009060 0.170555 0.024400 -0.004109 0.999560 -0.029362 15.862300 -0.170746 0.028229 0.984911 -1.675800 0.000000 0.000000 0.000000 1.000000
0.986006 0.007905 0.166520 0.024400 -0.002232 0.999412 -0.034227 15.862300 -0.166692 0.033377 0.985444 -1.675800 0.000000 0.000000 0.000000 1.000000
0.986474 0.006453 0.163791 0.024400 -0.000256 0.999284 -0.037826 15.862300 -0.163918 0.037272 0.985770 -1.675800 0.000000 0.000000 0.000000 1.000000
0.986665 0.004575 0.162697 0.024400 0.001949 0.999201 -0.039916 15.862300 -0.162750 0.039701 0.985868 -1.675800 0.000000 0.000000 0.000000 1.000000</float_array>
        <technique_common>
          <accessor source="#mixamorig_Neck-Matrix-animation-output-transform-array" count="35" stride="16">
            <param type="float4x4"/>
          </accessor>
        </technique_common>
      </source>
      <source id="mixamorig_Neck-Interpolations">
        <Name_array id="mixamorig_Neck-Interpolations-array" count="35">
 LINEAR LINEAR LINEAR LINEAR LINEAR LINEAR LINEAR LINEAR LINEAR LINEAR LINEAR
LINEAR LINEAR LINEAR LINEAR LINEAR LINEAR LINEAR LINEAR LINEAR LINEAR LINEAR LINEAR
LINEAR LINEAR LINEAR LINEAR LINEAR LINEAR LINEAR LINEAR LINEAR LINEAR LINEAR LINEAR</Name_array>
        <technique_common>
          <accessor source="#mixamorig_Neck-Interpolations-array" count="35">
            <param type="name"/>
          </accessor>
        </technique_common>
      </source>
      <sampler id="mixamorig_Neck-Matrix-animation-transform">
        <input semantic="INPUT" source="#mixamorig_Neck-Matrix-animation-input"/>
        <input semantic="OUTPUT" source="#mixamorig_Neck-Matrix-animation-output-transform"/>
        <input semantic="INTERPOLATION" source="#mixamorig_Neck-Interpolations"/>
      </sampler>
      <channel source="#mixamorig_Neck-Matrix-animation-transform" target="mixamorig_Neck/matrix"/>
    </animation>
    <animation id="mixamorig_Head-anim" name="mixamorig_Head">
      <source id="mixamorig_Head-Matrix-animation-input">
        <float_array id="mixamorig_Head-Matrix-animation-input-array" count="35">

0.000000 0.033333 0.066667 0.100000 0.133333 0.166667 0.200000 0.233333 0.266667 0.300000 0.333333 0.366667 0.400000 0.433333 0.466667 0.500000
0.533333 0.566667 0.600000 0.633333 0.666667 0.700000 0.733333 0.766667 0.800000 0.833333 0.866667 0.900000 0.933333 0.966667 1.000000 1.033333
1.066667 1.100000 1.133333</float_array>
        <technique_common>
          <accessor source="#mixamorig_Head-Matrix-animation-input-array" count="35">
            <param name="TIME" type="float"/>
          </accessor>
        </technique_common>
      </source>
      <source id="mixamorig_Head-Matrix-animation-output-transform">
        <float_array id="mixamorig_Head-Matrix-animation-output-transform-array" count="560">

0.947061 0.107303 0.302591 0.000000 -0.172607 0.964869 0.198078 5.564000 -0.270706 -0.239821 0.932311 0.988100 0.000000 0.000000 0.000000 1.000000
0.961804 0.068118 0.265127 -0.000000 -0.110375 0.982825 0.147896 5.564000 -0.250499 -0.171510 0.952803 0.988100 0.000000 0.000000 0.000000 1.000000
0.967199 0.030061 0.252234 0.000000 -0.058136 0.992813 0.104605 5.564000 -0.247277 -0.115837 0.961996 0.988100 0.000000 0.000000 0.000000 1.000000
0.966716 0.015354 0.255389 0.000000 -0.034733 0.996832 0.071545 5.564000 -0.253482 -0.078034 0.964188 0.988100 0.000000 0.000000 0.000000 1.000000
0.963621 0.023868 0.266204 -0.000000 -0.035122 0.998676 0.037594 5.564000 -0.264954 -0.045576 0.963183 0.988100 0.000000 0.000000 0.000000 1.000000
0.958335 0.041443 0.282623 0.000000 -0.039573 0.999141 -0.012326 5.564000 -0.282891 0.000628 0.959152 0.988100 0.000000 0.000000 0.000000 1.000000
0.953211 0.053687 0.297502 0.000000 -0.026975 0.995284 -0.093178 5.564000 -0.301101 0.080793 0.950163 0.988100 0.000000 0.000000 0.000000 1.000000
0.951781 0.054647 0.301872 0.000000 0.007083 0.979830 -0.199706 5.564000 -0.306697 0.192215 0.932197 0.988100 0.000000 0.000000 0.000000 1.000000
0.955165 0.044656 0.292686 0.000000 0.049991 0.950041 -0.308096 5.564000 -0.291822 0.308914 0.905214 0.988100 0.000000 0.000000 0.000000 1.000000
