<?xml version="1.0" encoding="utf-8"?>
<COLLADA xmlns="http://www.collada.org/2005/11/COLLADASchema" version="1.4.1">
  <asset>
    <contributor>
      <author>Mixamo</author>
      <authoring_tool>COLLADA Mixamo exporter</authoring_tool>
      <comments/>
    </contributor>
    <created>2025-02-02T22:40:06Z</created>
    <modified>2025-02-02T22:40:06Z</modified>
    <revision/>
    <title/>
    <unit meter="0.010000"/>
    <up_axis>Y_UP</up_axis>
  </asset>
  <library_animations>
    <animation id="mixamorig_Hips-anim" name="mixamorig_Hips">
      <source id="mixamorig_Hips-Matrix-animation-input">
        <float_array id="mixamorig_Hips-Matrix-animation-input-array" count="77">

0.000000 0.033333 0.066667 0.100000 0.133333 0.166667 0.200000 0.233333 0.266667 0.300000 0.333333 0.366667 0.400000 0.433333 0.466667 0.500000
0.533333 0.566667 0.600000 0.633333 0.666667 0.700000 0.733333 0.766667 0.800000 0.833333 0.866667 0.900000 0.933333 0.966667 1.000000 1.033333
1.066667 1.100000 1.133333 1.166667 1.200000 1.233333 1.266667 1.300000 1.333333 1.366667 1.400000 1.433333 1.466667 1.500000 1.533333 1.566667
1.600000 1.633333 1.666667 1.700000 1.733333 1.766667 1.800000 1.833333 1.866667 1.900000 1.933333 1.966667 2.000000 2.033333 2.066667 2.100000
2.133333 2.166667 2.200000 2.233333 2.266667 2.300000 2.333333 2.366667 2.400000 2.433333 2.466667 2.500000 2.533333</float_array>
        <technique_common>
          <accessor source="#mixamorig_Hips-Matrix-animation-input-array" count="77">
            <param name="TIME" type="float"/>
          </accessor>
        </technique_common>
      </source>
      <source id="mixamorig_Hips-Matrix-animation-output-transform">
        <float_array id="mixamorig_Hips-Matrix-animation-output-transform-array" count="1232">

0.582214 0.121231 0.803946 0.062428 0.014373 0.987132 -0.159263 80.523399 -0.812909 0.104281 0.572979 -0.014143 0.000000 0.000000 0.000000 1.000000
0.581173 0.120080 0.804872 0.058851 0.014505 0.987368 -0.157781 80.559464 -0.813651 0.103372 0.572090 0.010568 0.000000 0.000000 0.000000 1.000000
0.581105 0.119059 0.805072 0.037746 0.014825 0.987528 -0.156743 80.596756 -0.813693 0.103019 0.572093 0.026924 0.000000 0.000000 0.000000 1.000000
0.579428 0.117804 0.806465 0.034670 0.015132 0.987773 -0.155161 80.645920 -0.814883 0.102108 0.570561 0.052190 0.000000 0.000000 0.000000 1.000000
0.579014 0.119155 0.806564 0.040246 0.015171 0.987517 -0.156778 80.700989 -0.815176 0.103013 0.569979 0.072001 0.000000 0.000000 0.000000 1.000000
0.579230 0.119824 0.806310 0.022601 0.015325 0.987362 -0.157738 80.751846 -0.815020 0.103723 0.570073 0.086178 0.000000 0.000000 0.000000 1.000000
0.578123 0.119958 0.807084 0.008672 0.015475 0.987344 -0.157835 80.803802 -0.815803 0.103737 0.568950 0.107585 0.000000 0.000000 0.000000 1.000000
0.577139 0.119284 0.807888 -0.008506 0.015943 0.987441 -0.157184 80.858864 -0.816491 0.103597 0.567988 0.127554 0.000000 0.000000 0.000000 1.000000
0.576896 0.119374 0.808048 -0.027802 0.016367 0.987375 -0.157551 80.910156 -0.816654 0.104116 0.567659 0.149306 0.000000 0.000000 0.000000 1.000000
0.576391 0.120103 0.808300 -0.047801 0.016431 0.987237 -0.158408 80.961555 -0.817009 0.104586 0.567062 0.171148 0.000000 0.000000 0.000000 1.000000
0.575940 0.119965 0.808642 -0.070160 0.016775 0.987231 -0.158407 81.011253 -0.817320 0.104798 0.566573 0.191563 0.000000 0.000000 0.000000 1.000000
0.575894 0.119669 0.808718 -0.092664 0.017507 0.987196 -0.158546 81.057175 -0.817337 0.105464 0.566426 0.205082 0.000000 0.000000 0.000000 1.000000
0.575638 0.119506 0.808925 -0.113205 0.017705 0.987209 -0.158444 81.102875 -0.817513 0.105528 0.566159 0.220510 0.000000 0.000000 0.000000 1.000000
0.575186 0.119742 0.809212 -0.130518 0.018255 0.987103 -0.159041 81.148407 -0.817819 0.106250 0.565582 0.227780 0.000000 0.000000 0.000000 1.000000
0.574955 0.119965 0.809343 -0.145929 0.018594 0.987021 -0.159510 81.197540 -0.817974 0.106760 0.565262 0.234985 0.000000 0.000000 0.000000 1.000000
0.574621 0.120396 0.809516 -0.158122 0.018952 0.986898 -0.160230 81.234474 -0.818200 0.107413 0.564810 0.234693 0.000000 0.000000 0.000000 1.000000
0.574324 0.117366 0.810171 -0.190114 0.019738 0.987396 -0.157031 81.260239 -0.818390 0.106178 0.564769 0.231414 0.000000 0.000000 0.000000 1.000000
0.573915 0.115873 0.810676 -0.213825 0.020165 0.987639 -0.155442 81.282639 -0.818666 0.105558 0.564485 0.223101 0.000000 0.000000 0.000000 1.000000
0.574524 0.116638 0.810135 -0.227671 0.020219 0.987470 -0.156508 81.292206 -0.818238 0.106298 0.564966 0.214671 0.000000 0.000000 0.000000 1.000000
0.575496 0.118281 0.809206 -0.237168 0.020109 0.987140 -0.158591 81.291412 -0.817557 0.107541 0.565717 0.206506 0.000000 0.000000 0.000000 1.000000
0.575973 0.119313 0.808714 -0.245563 0.019973 0.986942 -0.159833 81.284889 -0.817224 0.108212 0.566069 0.200406 0.000000 0.000000 0.000000 1.000000
0.576375 0.119178 0.808448 -0.260839 0.019783 0.986983 -0.159601 81.274109 -0.816946 0.107983 0.566515 0.196277 0.000000 0.000000 0.000000 1.000000
0.576617 0.118639 0.808355 -0.273601 0.019675 0.987097 -0.158907 81.258759 -0.816778 0.107533 0.566843 0.191322 0.000000 0.000000 0.000000 1.000000
0.577314 0.118631 0.807859 -0.288504 0.019685 0.987080 -0.159016 81.233322 -0.816285 0.107705 0.567519 0.182406 0.000000 0.000000 0.000000 1.000000
0.577564 0.119688 0.807524 -0.309039 0.019113 0.986940 -0.159950 81.200516 -0.816122 0.107815 0.567733 0.168910 0.000000 0.000000 0.000000 1.000000
0.577732 0.119513 0.807430 -0.325134 0.019059 0.986977 -0.159726 81.160812 -0.816004 0.107667 0.567930 0.148448 0.000000 0.000000 0.000000 1.000000
0.578313 0.119329 0.807041 -0.345316 0.018850 0.987026 -0.159449 81.116196 -0.815597 0.107424 0.568561 0.124477 0.000000 0.000000 0.000000 1.000000
0.579337 0.120121 0.806189 -0.371307 0.018562 0.986880 -0.160383 81.061066 -0.814877 0.107880 0.569506 0.087039 0.000000 0.000000 0.000000 1.000000
0.579515 0.120088 0.806065 -0.389710 0.017574 0.987012 -0.159680 81.000290 -0.814772 0.106702 0.569878 0.050248 0.000000 0.000000 0.000000 1.000000
0.580211 0.119785 0.805610 -0.402534 0.017267 0.987094 -0.159205 80.949051 -0.814283 0.106283 0.570655 0.005826 0.000000 0.000000 0.000000 1.000000
0.581209 0.119117 0.804989 -0.410243 0.016959 0.987241 -0.158330 80.904945 -0.813577 0.105675 0.571773 -0.028880 0.000000 0.000000 0.000000 1.000000
0.582038 0.118910 0.804420 -0.401855 0.016652 0.987300 -0.157992 80.870346 -0.812991 0.105352 0.572666 -0.058889 0.000000 0.000000 0.000000 1.000000
0.582629 0.118857 0.804000 -0.385052 0.016471 0.987319 -0.157894 80.841446 -0.812571 0.105236 0.573283 -0.087193 0.000000 0.000000 0.000000 1.000000
0.583252 0.118730 0.803568 -0.370313 0.016295 0.987351 -0.157711 80.816345 -0.812128 0.105080 0.573939 -0.108890 0.000000 0.000000 0.000000 1.000000
0.584220 0.118216 0.802939 -0.370677 0.016007 0.987464 -0.157031 80.791306 -0.811437 0.104593 0.575004 -0.113380 0.000000 0.000000 0.000000 1.000000
0.583999 0.117545 0.803199 -0.369245 0.015804 0.987626 -0.156026 80.772232 -0.811600 0.103813 0.574916 -0.102496 0.000000 0.000000 0.000000 1.000000
0.583583 0.117351 0.803529 -0.368374 0.015637 0.987696 -0.155605 80.758301 -0.811903 0.103373 0.574568 -0.086145 0.000000 0.000000 0.000000 1.000000
0.582552 0.117256 0.804291 -0.370983 0.015617 0.987742 -0.155312 80.749931 -0.812644 0.103038 0.573580 -0.062240 0.000000 0.000000 0.000000 1.000000
0.582423 0.116719 0.804462 -0.385195 0.015605 0.987850 -0.154625 80.750313 -0.812736 0.102610 0.573525 -0.042061 0.000000 0.000000 0.000000 1.000000
0.581991 0.116877 0.804752 -0.394596 0.015610 0.987829 -0.154755 80.764389 -0.813046 0.102628 0.573083 -0.020063 0.000000 0.000000 0.000000 1.000000
0.581514 0.117257 0.805042 -0.404860 0.015442 0.987789 -0.155029 80.786789 -0.813390 0.102583 0.572602 0.005690 0.000000 0.000000 0.000000 1.000000
0.580017 0.117358 0.806106 -0.411249 0.015528 0.987795 -0.154983 80.823303 -0.814456 0.102410 0.571116 0.041650 0.000000 0.000000 0.000000 1.000000
0.578191 0.117358 0.807417 -0.416281 0.015759 0.987810 -0.154863 80.868744 -0.815749 0.102264 0.569294 0.082676 0.000000 0.000000 0.000000 1.000000
0.576780 0.117562 0.808396 -0.422034 0.016192 0.987751 -0.155198 80.918396 -0.816739 0.102605 0.567811 0.128052 0.000000 0.000000 0.000000 1.000000
0.576197 0.117901 0.808763 -0.435670 0.016801 0.987623 -0.155945 80.967331 -0.817138 0.103443 0.567084 0.181840 0.000000 0.000000 0.000000 1.000000
0.574829 0.118292 0.809678 -0.439328 0.017330 0.987514 -0.156577 81.024048 -0.818090 0.104036 0.565601 0.241422 0.000000 0.000000 0.000000 1.000000
0.573266 0.118097 0.810814 -0.443146 0.017957 0.987510 -0.156529 81.084106 -0.819172 0.104293 0.563986 0.298607 0.000000 0.000000 0.000000 1.000000
0.572105 0.117149 0.811771 -0.452189 0.018804 0.987613 -0.155777 81.138344 -0.819965 0.104386 0.562815 0.359105 0.000000 0.000000 0.000000 1.000000
0.572283 0.117977 0.811525 -0.457033 0.019198 0.987399 -0.157083 81.194977 -0.819831 0.105476 0.562807 0.409171 0.000000 0.000000 0.000000 1.000000
0.571455 0.118274 0.812065 -0.463453 0.019789 0.987286 -0.157720 81.243774 -0.820395 0.106200 0.561849 0.445990 0.000000 0.000000 0.000000 1.000000
0.571252 0.118550 0.812168 -0.467978 0.020441 0.987152 -0.158470 81.289703 -0.820520 0.107128 0.561490 0.478548 0.000000 0.000000 0.000000 1.000000
0.571017 0.119075 0.812257 -0.469888 0.020997 0.986983 -0.159450 81.339439 -0.820670 0.108104 0.561084 0.505857 0.000000 0.000000 0.000000 1.000000
0.570655 0.119211 0.812491 -0.471384 0.021423 0.986909 -0.159849 81.383499 -0.820910 0.108625 0.560631 0.522641 0.000000 0.000000 0.000000 1.000000
0.570534 0.119833 0.812484 -0.473652 0.021896 0.986727 -0.160908 81.411652 -0.820982 0.109594 0.560337 0.522408 0.000000 0.000000 0.000000 1.000000
0.571102 0.120014 0.812059 -0.474988 0.022333 0.986617 -0.161519 81.428841 -0.820575 0.110379 0.560779 0.512201 0.000000 0.000000 0.000000 1.000000
0.572329 0.120455 0.811129 -0.474858 0.022474 0.986477 -0.162352 81.435707 -0.819716 0.111148 0.561882 0.489882 0.000000 0.000000 0.000000 1.000000
0.573299 0.120616 0.810419 -0.463637 0.022776 0.986377 -0.162917 81.435143 -0.819029 0.111858 0.562742 0.455800 0.000000 0.000000 0.000000 1.000000
0.574283 0.120194 0.809785 -0.449961 0.022930 0.986414 -0.162671 81.428696 -0.818336 0.111988 0.563725 0.418769 0.000000 0.000000 0.000000 1.000000
0.575235 0.120392 0.809080 -0.430437 0.022748 0.986373 -0.162947 81.412598 -0.817672 0.112138 0.564657 0.379463 0.000000 0.000000 0.000000 1.000000
0.576019 0.120656 0.808483 -0.408268 0.022451 0.986338 -0.163195 81.386307 -0.817128 0.112155 0.565441 0.335818 0.000000 0.000000 0.000000 1.000000
0.577343 0.120682 0.807534 -0.388109 0.022071 0.986349 -0.163184 81.349937 -0.816203 0.112036 0.566798 0.297046 0.000000 0.000000 0.000000 1.000000
0.578697 0.121317 0.806469 -0.371080 0.021276 0.986292 -0.163634 81.295494 -0.815265 0.111853 0.568183 0.258132 0.000000 0.000000 0.000000 1.000000
0.579729 0.121571 0.805689 -0.351885 0.020784 0.986279 -0.163776 81.232758 -0.814545 0.111691 0.569247 0.212987 0.000000 0.000000 0.000000 1.000000
0.580634 0.121735 0.805012 -0.317841 0.020231 0.986296 -0.163742 81.177483 -0.813913 0.111361 0.570214 0.175618 0.000000 0.000000 0.000000 1.000000
0.581259 0.122270 0.804480 -0.289710 0.019235 0.986306 -0.163803 81.113403 -0.813491 0.110686 0.570948 0.128906 0.000000 0.000000 0.000000 1.000000
0.582091 0.122233 0.803884 -0.258119 0.018557 0.986382 -0.163419 81.047165 -0.812912 0.110042 0.571896 0.084019 0.000000 0.000000 0.000000 1.000000
0.582613 0.121345 0.803640 -0.216245 0.018069 0.986613 -0.162073 80.986679 -0.812549 0.108947 0.572622 0.045445 0.000000 0.000000 0.000000 1.000000
0.583021 0.120752 0.803434 -0.173182 0.017670 0.986775 -0.161130 80.929787 -0.812265 0.108139 0.573177 0.003150 0.000000 0.000000 0.000000 1.000000
0.583585 0.120801 0.803016 -0.128212 0.017225 0.986809 -0.160967 80.870773 -0.811869 0.107770 0.573807 -0.028854 0.000000 0.000000 0.000000 1.000000
0.584197 0.121117 0.802524 -0.092919 0.016627 0.986809 -0.161033 80.810638 -0.811441 0.107418 0.574477 -0.057171 0.000000 0.000000 0.000000 1.000000
0.584440 0.121564 0.802279 -0.062099 0.016125 0.986779 -0.161266 80.749451 -0.811277 0.107187 0.574753 -0.083706 0.000000 0.000000 0.000000 1.000000
0.584665 0.120832 0.802226 -0.035931 0.015324 0.987025 -0.159835 80.699432 -0.811130 0.105744 0.575227 -0.092024 0.000000 0.000000 0.000000 1.000000
0.584469 0.120746 0.802382 -0.005988 0.014924 0.987099 -0.159414 80.661987 -0.811279 0.105148 0.575127 -0.092719 0.000000 0.000000 0.000000 1.000000
0.584073 0.120694 0.802678 0.013560 0.014425 0.987184 -0.158933 80.622551 -0.811573 0.104407 0.574846 -0.084849 0.000000 0.000000 0.000000 1.000000
0.583631 0.120783 0.802986 0.028317 0.014070 0.987223 -0.158722 80.584328 -0.811897 0.103933 0.574474 -0.064313 0.000000 0.000000 0.000000 1.000000
0.583388 0.120727 0.803171 0.045255 0.013858 0.987267 -0.158465 80.551201 -0.812075 0.103577 0.574287 -0.035056 0.000000 0.000000 0.000000 1.000000
0.582409 0.121206 0.803809 0.061702 0.014374 0.987132 -0.159263 80.523384 -0.812769 0.104310 0.573172 -0.010883 0.000000 0.000000 0.000000 1.000000</float_array>
        <technique_common>
          <accessor source="#mixamorig_Hips-Matrix-animation-output-transform-array" count="77" stride="16">
            <param type="float4x4"/>
          </accessor>
        </technique_common>
      </source>
      <source id="mixamorig_Hips-Interpolations">
        <Name_array id="mixamorig_Hips-Interpolations-array" count="77">
 LINEAR LINEAR LINEAR LINEAR LINEAR LINEAR LINEAR LINEAR LINEAR LINEAR LINEAR
LINEAR LINEAR LINEAR LINEAR LINEAR LINEAR LINEAR LINEAR LINEAR LINEAR LINEAR LINEAR
LINEAR LINEAR LINEAR LINEAR LINEAR LINEAR LINEAR LINEAR LINEAR LINEAR LINEAR LINEAR
LINEAR LINEAR LINEAR LINEAR LINEAR LINEAR LINEAR LINEAR LINEAR LINEAR LINEAR LINEAR
LINEAR LINEAR LINEAR LINEAR LINEAR LINEAR LINEAR LINEAR LINEAR LINEAR LINEAR LINEAR
LINEAR LINEAR LINEAR LINEAR LINEAR LINEAR LINEAR LINEAR LINEAR LINEAR LINEAR LINEAR
LINEAR LINEAR LINEAR LINEAR LINEAR LINEAR</Name_array>
        <technique_common>
          <accessor source="#mixamorig_Hips-Interpolations-array" count="77">
            <param type="name"/>
          </accessor>
        </technique_common>
      </source>
      <sampler id="mixamorig_Hips-Matrix-animation-transform">
        <input semantic="INPUT" source="#mixamorig_Hips-Matrix-animation-input"/>
        <input semantic="OUTPUT" source="#mixamorig_Hips-Matrix-animation-output-transform"/>
        <input semantic="INTERPOLATION" source="#mixamorig_Hips-Interpolations"/>
      </sampler>
      <channel source="#mixamorig_Hips-Matrix-animation-transform" target="mixamorig_Hips/matrix"/>
    </animation>
    <animation id="mixamorig_Spine-anim" name="mixamorig_Spine">
      <source id="mixamorig_Spine-Matrix-animation-input">
        <float_array id="mixamorig_Spine-Matrix-animation-input-array" count="77">

0.000000 0.033333 0.066667 0.100000 0.133333 0.166667 0.200000 0.233333 0.266667 0.300000 0.333333 0.366667 0.400000 0.433333 0.466667 0.500000
0.533333 0.566667 0.600000 0.633333 0.666667 0.700000 0.733333 0.766667 0.800000 0.833333 0.866667 0.900000 0.933333 0.966667 1.000000 1.033333
1.066667 1.100000 1.133333 1.166667 1.200000 1.233333 1.266667 1.300000 1.333333 1.366667 1.400000 1.433333 1.466667 1.500000 1.533333 1.566667
1.600000 1.633333 1.666667 1.700000 1.733333 1.766667 1.800000 1.833333 1.866667 1.900000 1.933333 1.966667 2.000000 2.033333 2.066667 2.100000
2.133333 2.166667 2.200000 2.233333 2.266667 2.300000 2.333333 2.366667 2.400000 2.433333 2.466667 2.500000 2.533333</float_array>
        <technique_common>
          <accessor source="#mixamorig_Spine-Matrix-animation-input-array" count="77">
            <param name="TIME" type="float"/>
          </accessor>
        </technique_common>
      </source>
      <source id="mixamorig_Spine-Matrix-animation-output-transform">
        <float_array id="mixamorig_Spine-Matrix-animation-output-transform-array" count="1232">

0.996659 -0.046197 -0.067359 0.017300 0.044675 0.998715 -0.023938 10.574800 0.068378 0.020848 0.997442 -1.117200 0.000000 0.000000 0.000000 1.000000
0.996617 -0.046083 -0.068046 0.017300 0.044486 0.998702 -0.024797 10.574800 0.069101 0.021686 0.997374 -1.117200 0.000000 0.000000 0.000000 1.000000
0.996646 -0.045823 -0.067794 0.017300 0.044111 0.998674 -0.026547 10.574800 0.068921 0.023468 0.997346 -1.117200 0.000000 0.000000 0.000000 1.000000
0.996613 -0.046123 -0.068086 0.017300 0.044369 0.998649 -0.027049 10.574800 0.069241 0.023937 0.997313 -1.117200 0.000000 0.000000 0.000000 1.000000
0.996596 -0.046933 -0.067770 0.017300 0.045337 0.998661 -0.024902 10.574800 0.068848 0.021745 0.997390 -1.117200 0.000000 0.000000 0.000000 1.000000
0.996641 -0.047470 -0.066729 0.017300 0.045999 0.998667 -0.023419 10.574800 0.067752 0.020271 0.997496 -1.117200 0.000000 0.000000 0.000000 1.000000
0.996638 -0.047878 -0.066482 0.017300 0.046396 0.998643 -0.023664 10.574800 0.067525 0.020500 0.997507 -1.117200 0.000000 0.000000 0.000000 1.000000
0.996646 -0.048064 -0.066230 0.017300 0.046544 0.998620 -0.024306 10.574800 0.067307 0.021142 0.997508 -1.117200 0.000000 0.000000 0.000000 1.000000
0.996688 -0.048219 -0.065485 0.017300 0.046738 0.998620 -0.023952 10.574800 0.066550 0.020812 0.997566 -1.117200 0.000000 0.000000 0.000000 1.000000
0.996675 -0.048607 -0.065397 0.017300 0.047184 0.998618 -0.023128 10.574800 0.066431 0.019966 0.997591 -1.117200 0.000000 0.000000 0.000000 1.000000
0.996679 -0.048606 -0.065330 0.017300 0.047187 0.998619 -0.023095 10.574800 0.066363 0.019935 0.997596 -1.117200 0.000000 0.000000 0.000000 1.000000
0.996736 -0.048330 -0.064660 0.017300 0.046884 0.998619 -0.023695 10.574800 0.065715 0.020586 0.997626 -1.117200 0.000000 0.000000 0.000000 1.000000
0.996750 -0.048366 -0.064423 0.017300 0.046890 0.998606 -0.024227 10.574800 0.065505 0.021128 0.997629 -1.117200 0.000000 0.000000 0.000000 1.000000
0.996762 -0.048145 -0.064398 0.017300 0.046669 0.998617 -0.024227 10.574800 0.065475 0.021143 0.997630 -1.117200 0.000000 0.000000 0.000000 1.000000
0.996799 -0.047953 -0.063976 0.017300 0.046512 0.998633 -0.023827 10.574800 0.065031 0.020776 0.997667 -1.117200 0.000000 0.000000 0.000000 1.000000
0.996802 -0.047971 -0.063907 0.017300 0.046534 0.998634 -0.023780 10.574800 0.064960 0.020730 0.997673 -1.117200 0.000000 0.000000 0.000000 1.000000
0.996831 -0.047234 -0.064007 0.017300 0.045539 0.998579 -0.027682 10.574800 0.065224 0.024679 0.997565 -1.117200 0.000000 0.000000 0.000000 1.000000
0.996855 -0.046591 -0.064100 0.017300 0.044668 0.998517 -0.031122 10.574800 0.065455 0.028161 0.997458 -1.117200 0.000000 0.000000 0.000000 1.000000
0.996868 -0.046557 -0.063922 0.017300 0.044715 0.998551 -0.029954 10.574800 0.065223 0.027002 0.997505 -1.117200 0.000000 0.000000 0.000000 1.000000
0.996902 -0.046578 -0.063380 0.017300 0.044909 0.998612 -0.027515 10.574800 0.064574 0.024583 0.997610 -1.117200 0.000000 0.000000 0.000000 1.000000
0.996889 -0.046557 -0.063595 0.017300 0.044953 0.998640 -0.026421 10.574800 0.064738 0.023480 0.997626 -1.117200 0.000000 0.000000 0.000000 1.000000
0.996881 -0.046328 -0.063896 0.017300 0.044691 0.998641 -0.026820 10.574800 0.065052 0.023881 0.997596 -1.117200 0.000000 0.000000 0.000000 1.000000
0.996935 -0.045780 -0.063441 0.017300 0.044102 0.998646 -0.027598 10.574800 0.064618 0.024716 0.997604 -1.117200 0.000000 0.000000 0.000000 1.000000
0.996960 -0.045399 -0.063320 0.017300 0.043711 0.998658 -0.027789 10.574800 0.064496 0.024937 0.997606 -1.117200 0.000000 0.000000 0.000000 1.000000
0.996946 -0.045283 -0.063621 0.017300 0.043611 0.998672 -0.027422 10.574800 0.064778 0.024564 0.997597 -1.117200 0.000000 0.000000 0.000000 1.000000
0.996968 -0.044909 -0.063553 0.017300 0.043212 0.998678 -0.027823 10.574800 0.064718 0.024992 0.997591 -1.117200 0.000000 0.000000 0.000000 1.000000
0.996999 -0.044462 -0.063371 0.017300 0.042733 0.998683 -0.028379 10.574800 0.064550 0.025586 0.997586 -1.117200 0.000000 0.000000 0.000000 1.000000
0.997007 -0.044343 -0.063335 0.017300 0.042625 0.998692 -0.028232 10.574800 0.064504 0.025447 0.997593 -1.117200 0.000000 0.000000 0.000000 1.000000
0.996982 -0.044548 -0.063573 0.017300 0.042793 0.998671 -0.028709 10.574800 0.064767 0.025902 0.997564 -1.117200 0.000000 0.000000 0.000000 1.000000
0.996978 -0.044377 -0.063764 0.017300 0.042567 0.998659 -0.029479 10.574800 0.064986 0.026676 0.997530 -1.117200 0.000000 0.000000 0.000000 1.000000
0.996992 -0.043985 -0.063814 0.017300 0.042135 0.998660 -0.030056 10.574800 0.065050 0.027277 0.997509 -1.117200 0.000000 0.000000 0.000000 1.000000
0.997002 -0.043784 -0.063791 0.017300 0.041940 0.998671 -0.029959 10.574800 0.065018 0.027194 0.997514 -1.117200 0.000000 0.000000 0.000000 1.000000
0.997010 -0.043671 -0.063751 0.017300 0.041873 0.998694 -0.029270 10.574800 0.064946 0.026513 0.997537 -1.117200 0.000000 0.000000 0.000000 1.000000
0.997030 -0.043443 -0.063599 0.017300 0.041687 0.998719 -0.028690 10.574800 0.064764 0.025954 0.997563 -1.117200 0.000000 0.000000 0.000000 1.000000
0.997077 -0.042921 -0.063212 0.017300 0.041162 0.998735 -0.028875 10.574800 0.064371 0.026189 0.997582 -1.117200 0.000000 0.000000 0.000000 1.000000
0.997108 -0.042412 -0.063069 0.017300 0.040632 0.998746 -0.029234 10.574800 0.064230 0.026587 0.997581 -1.117200 0.000000 0.000000 0.000000 1.000000
0.997096 -0.042084 -0.063471 0.017300 0.040305 0.998765 -0.029047 10.574800 0.064615 0.026404 0.997561 -1.117200 0.000000 0.000000 0.000000 1.000000
0.997079 -0.041721 -0.063971 0.017300 0.039916 0.998775 -0.029236 10.574800 0.065112 0.026597 0.997523 -1.117200 0.000000 0.000000 0.000000 1.000000
0.997087 -0.041465 -0.064021 0.017300 0.039624 0.998771 -0.029761 10.574800 0.065176 0.027138 0.997505 -1.117200 0.000000 0.000000 0.000000 1.000000
0.997089 -0.041532 -0.063942 0.017300 0.039694 0.998769 -0.029743 10.574800 0.065098 0.027118 0.997510 -1.117200 0.000000 0.000000 0.000000 1.000000
0.997072 -0.041943 -0.063942 0.017300 0.040117 0.998757 -0.029574 10.574800 0.065103 0.026923 0.997515 -1.117200 0.000000 0.000000 0.000000 1.000000
0.997003 -0.042416 -0.064699 0.017300 0.040557 0.998733 -0.029789 10.574800 0.065881 0.027076 0.997460 -1.117200 0.000000 0.000000 0.000000 1.000000
0.996915 -0.042873 -0.065747 0.017300 0.040969 0.998709 -0.030043 10.574800 0.066950 0.027257 0.997384 -1.117200 0.000000 0.000000 0.000000 1.000000
0.996881 -0.043245 -0.066013 0.017300 0.041352 0.998701 -0.029775 10.574800 0.067215 0.026952 0.997374 -1.117200 0.000000 0.000000 0.000000 1.000000
0.996904 -0.043520 -0.065486 0.017300 0.041683 0.998705 -0.029174 10.574800 0.066671 0.026354 0.997427 -1.117200 0.000000 0.000000 0.000000 1.000000
0.996866 -0.044175 -0.065625 0.017300 0.042369 0.998691 -0.028658 10.574800 0.066805 0.025788 0.997433 -1.117200 0.000000 0.000000 0.000000 1.000000
0.996812 -0.044786 -0.066026 0.017300 0.042948 0.998656 -0.028994 10.574800 0.067236 0.026066 0.997397 -1.117200 0.000000 0.000000 0.000000 1.000000
0.996795 -0.045113 -0.066070 0.017300 0.043198 0.998612 -0.030128 10.574800 0.067338 0.027177 0.997360 -1.117200 0.000000 0.000000 0.000000 1.000000
0.996796 -0.045882 -0.065513 0.017300 0.044008 0.998588 -0.029762 10.574800 0.066786 0.026783 0.997408 -1.117200 0.000000 0.000000 0.000000 1.000000
0.996758 -0.046828 -0.065430 0.017300 0.044987 0.998557 -0.029327 10.574800 0.066709 0.026289 0.997426 -1.117200 0.000000 0.000000 0.000000 1.000000
0.996712 -0.047609 -0.065562 0.017300 0.045779 0.998527 -0.029139 10.574800 0.066853 0.026042 0.997423 -1.117200 0.000000 0.000000 0.000000 1.000000
0.996675 -0.048144 -0.065737 0.017300 0.046348 0.998516 -0.028582 10.574800 0.067016 0.025440 0.997428 -1.117200 0.000000 0.000000 0.000000 1.000000
0.996602 -0.048666 -0.066456 0.017300 0.046856 0.998494 -0.028536 10.574800 0.067745 0.025325 0.997381 -1.117200 0.000000 0.000000 0.000000 1.000000
0.996546 -0.049163 -0.066923 0.017300 0.047346 0.998472 -0.028484 10.574800 0.068222 0.025217 0.997351 -1.117200 0.000000 0.000000 0.000000 1.000000
0.996525 -0.049314 -0.067123 0.017300 0.047498 0.998468 -0.028391 10.574800 0.068420 0.025104 0.997341 -1.117200 0.000000 0.000000 0.000000 1.000000
0.996500 -0.049373 -0.067455 0.017300 0.047571 0.998474 -0.028063 10.574800 0.068737 0.024756 0.997328 -1.117200 0.000000 0.000000 0.000000 1.000000
0.996472 -0.049417 -0.067839 0.017300 0.047604 0.998471 -0.028085 10.574800 0.069123 0.024756 0.997301 -1.117200 0.000000 0.000000 0.000000 1.000000
0.996453 -0.049442 -0.068099 0.017300 0.047585 0.998457 -0.028635 10.574800 0.069410 0.025293 0.997268 -1.117200 0.000000 0.000000 0.000000 1.000000
0.996433 -0.049361 -0.068452 0.017300 0.047497 0.998462 -0.028594 10.574800 0.069758 0.025241 0.997245 -1.117200 0.000000 0.000000 0.000000 1.000000
0.996455 -0.048910 -0.068455 0.017300 0.047063 0.998490 -0.028328 10.574800 0.069737 0.025005 0.997252 -1.117200 0.000000 0.000000 0.000000 1.000000
0.996485 -0.048565 -0.068252 0.017300 0.046731 0.998509 -0.028221 10.574800 0.069521 0.024933 0.997269 -1.117200 0.000000 0.000000 0.000000 1.000000
0.996510 -0.048427 -0.067994 0.017300 0.046617 0.998522 -0.027953 10.574800 0.069247 0.024686 0.997294 -1.117200 0.000000 0.000000 0.000000 1.000000
0.996563 -0.047913 -0.067569 0.017300 0.046135 0.998553 -0.027630 10.574800 0.068795 0.024417 0.997332 -1.117200 0.000000 0.000000 0.000000 1.000000
0.996578 -0.047589 -0.067588 0.017300 0.045836 0.998577 -0.027259 10.574800 0.068789 0.024067 0.997341 -1.117200 0.000000 0.000000 0.000000 1.000000
0.996547 -0.047734 -0.067944 0.017300 0.045972 0.998571 -0.027262 10.574800 0.069148 0.024044 0.997317 -1.117200 0.000000 0.000000 0.000000 1.000000
0.996571 -0.047475 -0.067774 0.017300 0.045712 0.998580 -0.027340 10.574800 0.068975 0.024148 0.997326 -1.117200 0.000000 0.000000 0.000000 1.000000
0.996584 -0.047180 -0.067788 0.017300 0.045409 0.998592 -0.027432 10.574800 0.068987 0.024260 0.997323 -1.117200 0.000000 0.000000 0.000000 1.000000
0.996563 -0.047179 -0.068085 0.017300 0.045411 0.998596 -0.027284 10.574800 0.069277 0.024099 0.997306 -1.117200 0.000000 0.000000 0.000000 1.000000
0.996560 -0.047136 -0.068167 0.017300 0.045442 0.998624 -0.026187 10.574800 0.069308 0.023000 0.997330 -1.117200 0.000000 0.000000 0.000000 1.000000
0.996548 -0.047087 -0.068376 0.017300 0.045490 0.998659 -0.024725 10.574800 0.069449 0.021529 0.997353 -1.117200 0.000000 0.000000 0.000000 1.000000
0.996522 -0.047130 -0.068720 0.017300 0.045562 0.998668 -0.024210 10.574800 0.069769 0.020995 0.997342 -1.117200 0.000000 0.000000 0.000000 1.000000
0.996528 -0.047123 -0.068643 0.017300 0.045519 0.998657 -0.024740 10.574800 0.069717 0.021530 0.997334 -1.117200 0.000000 0.000000 0.000000 1.000000
0.996559 -0.046859 -0.068371 0.017300 0.045252 0.998666 -0.024869 10.574800 0.069445 0.021690 0.997350 -1.117200 0.000000 0.000000 0.000000 1.000000
0.996563 -0.046675 -0.068443 0.017300 0.045058 0.998672 -0.024985 10.574800 0.069518 0.021815 0.997342 -1.117200 0.000000 0.000000 0.000000 1.000000
0.996586 -0.046613 -0.068149 0.017300 0.044996 0.998672 -0.025072 10.574800 0.069228 0.021919 0.997360 -1.117200 0.000000 0.000000 0.000000 1.000000
0.996616 -0.046559 -0.067737 0.017300 0.044955 0.998676 -0.025021 10.574800 0.068813 0.021892 0.997389 -1.117200 0.000000 0.000000 0.000000 1.000000
0.996659 -0.046197 -0.067359 0.017300 0.044675 0.998715 -0.023938 10.574800 0.068378 0.020848 0.997442 -1.117200 0.000000 0.000000 0.000000 1.000000</float_array>
        <technique_common>
          <accessor source="#mixamorig_Spine-Matrix-animation-output-transform-array" count="77" stride="16">
            <param type="float4x4"/>
          </accessor>
        </technique_common>
      </source>
      <source id="mixamorig_Spine-Interpolations">
        <Name_array id="mixamorig_Spine-Interpolations-array" count="77">
 LINEAR LINEAR LINEAR LINEAR LINEAR LINEAR LINEAR LINEAR LINEAR LINEAR LINEAR
LINEAR LINEAR LINEAR LINEAR LINEAR LINEAR LINEAR LINEAR LINEAR LINEAR LINEAR LINEAR
LINEAR LINEAR LINEAR LINEAR LINEAR LINEAR LINEAR LINEAR LINEAR LINEAR LINEAR LINEAR
LINEAR LINEAR LINEAR LINEAR LINEAR LINEAR LINEAR LINEAR LINEAR LINEAR LINEAR LINEAR
LINEAR LINEAR LINEAR LINEAR LINEAR LINEAR LINEAR LINEAR LINEAR LINEAR LINEAR LINEAR
LINEAR LINEAR LINEAR LINEAR LINEAR LINEAR LINEAR LINEAR LINEAR LINEAR LINEAR LINEAR
LINEAR LINEAR LINEAR LINEAR LINEAR LINEAR</Name_array>
        <technique_common>
          <accessor source="#mixamorig_Spine-Interpolations-array" count="77">
            <param type="name"/>
          </accessor>
        </technique_common>
      </source>
      <sampler id="mixamorig_Spine-Matrix-animation-transform">
        <input semantic="INPUT" source="#mixamorig_Spine-Matrix-animation-input"/>
        <input semantic="OUTPUT" source="#mixamorig_Spine-Matrix-animation-output-transform"/>
        <input semantic="INTERPOLATION" source="#mixamorig_Spine-Interpolations"/>
      </sampler>
      <channel source="#mixamorig_Spine-Matrix-animation-transform" target="mixamorig_Spine/matrix"/>
    </animation>
    <animation id="mixamorig_Spine1-anim" name="mixamorig_Spine1">
      <source id="mixamorig_Spine1-Matrix-animation-input">
        <float_array id="mixamorig_Spine1-Matrix-animation-input-array" count="77">

0.000000 0.033333 0.066667 0.100000 0.133333 0.166667 0.200000 0.233333 0.266667 0.300000 0.333333 0.366667 0.400000 0.433333 0.466667 0.500000
0.533333 0.566667 0.600000 0.633333 0.666667 0.700000 0.733333 0.766667 0.800000 0.833333 0.866667 0.900000 0.933333 0.966667 1.000000 1.033333
1.066667 1.100000 1.133333 1.166667 1.200000 1.233333 1.266667 1.300000 1.333333 1.366667 1.400000 1.433333 1.466667 1.500000 1.533333 1.566667
1.600000 1.633333 1.666667 1.700000 1.733333 1.766667 1.800000 1.833333 1.866667 1.900000 1.933333 1.966667 2.000000 2.033333 2.066667 2.100000
2.133333 2.166667 2.200000 2.233333 2.266667 2.300000 2.333333 2.366667 2.400000 2.433333 2.466667 2.500000 2.533333</float_array>
        <technique_common>
          <accessor source="#mixamorig_Spine1-Matrix-animation-input-array" count="77">
            <param name="TIME" type="float"/>
          </accessor>
        </technique_common>
      </source>
      <source id="mixamorig_Spine1-Matrix-animation-output-transform">
        <float_array id="mixamorig_Spine1-Matrix-animation-output-transform-array" count="1232">

0.998870 0.042960 -0.020322 0.000000 -0.043390 0.998833 -0.021192 12.406000 0.019388 0.022050 0.999569 0.000000 0.000000 0.000000 0.000000 1.000000
0.998871 0.042919 -0.020357 0.000000 -0.043390 0.998787 -0.023269 12.406000 0.019334 0.024126 0.999522 0.000000 0.000000 0.000000 0.000000 1.000000
0.998873 0.042873 -0.020348 0.000000 -0.043389 0.998729 -0.025649 12.406000 0.019222 0.026503 0.999464 0.000000 0.000000 0.000000 0.000000 1.000000
0.998874 0.042871 -0.020341 0.000000 -0.043436 0.998658 -0.028219 12.406000 0.019104 0.029071 0.999395 0.000000 0.000000 0.000000 0.000000 1.000000
0.998874 0.042868 -0.020334 0.000000 -0.043480 0.998584 -0.030658 12.406000 0.018991 0.031507 0.999323 0.000000 0.000000 0.000000 0.000000 1.000000
0.998874 0.042869 -0.020326 0.000000 -0.043521 0.998514 -0.032808 12.406000 0.018889 0.033655 0.999255 0.000000 0.000000 0.000000 0.000000 1.000000
0.998874 0.042877 -0.020321 -0.000000 -0.043563 0.998451 -0.034599 12.406000 0.018806 0.035445 0.999195 0.000000 0.000000 0.000000 0.000000 1.000000
0.998873 0.042887 -0.020351 -0.000000 -0.043598 0.998404 -0.035892 12.406000 0.018779 0.036739 0.999148 -0.000000 0.000000 0.000000 0.000000 1.000000
0.998872 0.042895 -0.020380 0.000000 -0.043619 0.998380 -0.036543 12.406000 0.018779 0.037391 0.999124 0.000000 0.000000 0.000000 0.000000 1.000000
0.998871 0.042912 -0.020358 0.000000 -0.043634 0.998381 -0.036500 12.406000 0.018759 0.037347 0.999126 0.000000 0.000000 0.000000 0.000000 1.000000
0.998873 0.042939 -0.020226 0.000000 -0.043646 0.998402 -0.035899 12.406000 0.018652 0.036741 0.999151 0.000000 0.000000 0.000000 0.000000 1.000000
0.998875 0.042978 -0.020020 0.000000 -0.043657 0.998439 -0.034849 12.406000 0.018491 0.035684 0.999192 0.000000 0.000000 0.000000 0.000000 1.000000
0.998876 0.043024 -0.019907 0.000000 -0.043671 0.998491 -0.033290 12.406000 0.018445 0.034122 0.999247 -0.000000 0.000000 0.000000 0.000000 1.000000
0.998875 0.043083 -0.019794 0.000000 -0.043691 0.998553 -0.031349 12.406000 0.018415 0.032178 0.999312 -0.000000 0.000000 0.000000 0.000000 1.000000
0.998875 0.043156 -0.019668 -0.000000 -0.043718 0.998620 -0.029117 12.406000 0.018384 0.029944 0.999383 0.000000 0.000000 0.000000 0.000000 1.000000
0.998873 0.043254 -0.019531 0.000000 -0.043766 0.998688 -0.026599 12.406000 0.018355 0.027424 0.999455 0.000000 0.000000 0.000000 0.000000 1.000000
0.998870 0.043374 -0.019402 -0.000000 -0.043841 0.998743 -0.024296 12.406000 0.018324 0.025120 0.999516 0.000000 0.000000 0.000000 0.000000 1.000000
0.998868 0.043500 -0.019271 0.000000 -0.043919 0.998795 -0.021923 12.406000 0.018295 0.022745 0.999574 0.000000 0.000000 0.000000 0.000000 1.000000
0.998865 0.043634 -0.019121 -0.000000 -0.043999 0.998849 -0.019085 12.406000 0.018267 0.019905 0.999635 0.000000 0.000000 0.000000 0.000000 1.000000
0.998863 0.043742 -0.018968 0.000000 -0.044050 0.998899 -0.016148 12.406000 0.018240 0.016965 0.999690 0.000000 0.000000 0.000000 0.000000 1.000000
0.998861 0.043837 -0.018826 0.000000 -0.044095 0.998936 -0.013501 12.406000 0.018215 0.014316 0.999732 0.000000 0.000000 0.000000 0.000000 1.000000
0.998860 0.043923 -0.018699 0.000000 -0.044136 0.998963 -0.011152 12.406000 0.018190 0.011965 0.999763 -0.000000 0.000000 0.000000 0.000000 1.000000
0.998859 0.043995 -0.018581 0.000000 -0.044168 0.998984 -0.008983 12.406000 0.018167 0.009794 0.999787 0.000000 0.000000 0.000000 0.000000 1.000000
0.998859 0.044045 -0.018479 -0.000000 -0.044184 0.998998 -0.007167 12.406000 0.018145 0.007975 0.999804 0.000000 0.000000 0.000000 0.000000 1.000000
0.998859 0.044063 -0.018399 0.000000 -0.044177 0.999007 -0.005806 12.406000 0.018124 0.006613 0.999814 -0.000000 0.000000 0.000000 0.000000 1.000000
0.998861 0.044045 -0.018340 0.000000 -0.044142 0.999013 -0.004911 12.406000 0.018106 0.005715 0.999820 0.000000 0.000000 0.000000 0.000000 1.000000
0.998866 0.043946 -0.018306 0.000000 -0.044035 0.999020 -0.004480 12.406000 0.018091 0.005281 0.999822 0.000000 0.000000 0.000000 0.000000 1.000000
0.998877 0.043696 -0.018294 -0.000000 -0.043786 0.999031 -0.004557 12.406000 0.018077 0.005353 0.999822 0.000000 0.000000 0.000000 0.000000 1.000000
0.998891 0.043371 -0.018310 0.000000 -0.043473 0.999041 -0.005186 12.406000 0.018067 0.005976 0.999819 0.000000 0.000000 0.000000 0.000000 1.000000
0.998904 0.043050 -0.018345 0.000000 -0.043170 0.999049 -0.006186 12.406000 0.018061 0.006972 0.999813 0.000000 0.000000 0.000000 0.000000 1.000000
0.998918 0.042704 -0.018396 0.000000 -0.042847 0.999054 -0.007492 12.406000 0.018059 0.008273 0.999803 0.000000 0.000000 0.000000 0.000000 1.000000
0.998931 0.042381 -0.018462 0.000000 -0.042553 0.999053 -0.009030 12.406000 0.018061 0.009806 0.999789 -0.000000 0.000000 0.000000 0.000000 1.000000
0.998940 0.042141 -0.018540 0.000000 -0.042345 0.999045 -0.010737 12.406000 0.018070 0.011511 0.999770 0.000000 0.000000 0.000000 0.000000 1.000000
0.998944 0.041989 -0.018631 0.000000 -0.042228 0.999029 -0.012585 12.406000 0.018084 0.013359 0.999747 0.000000 0.000000 0.000000 0.000000 1.000000
0.998945 0.041919 -0.018735 0.000000 -0.042194 0.999003 -0.014561 12.406000 0.018106 0.015336 0.999718 0.000000 0.000000 0.000000 0.000000 1.000000
0.998945 0.041882 -0.018849 0.000000 -0.042197 0.998971 -0.016622 12.406000 0.018133 0.017400 0.999684 0.000000 0.000000 0.000000 0.000000 1.000000
0.998943 0.041867 -0.018973 -0.000000 -0.042222 0.998933 -0.018699 12.406000 0.018169 0.019480 0.999645 -0.000000 0.000000 0.000000 0.000000 1.000000
0.998941 0.041858 -0.019105 0.000000 -0.042254 0.998890 -0.020799 12.406000 0.018213 0.021584 0.999601 -0.000000 0.000000 0.000000 0.000000 1.000000
0.998937 0.041885 -0.019247 0.000000 -0.042322 0.998841 -0.022918 12.406000 0.018264 0.023708 0.999552 0.000000 0.000000 0.000000 0.000000 1.000000
0.998933 0.041919 -0.019398 -0.000000 -0.042399 0.998787 -0.025024 12.406000 0.018325 0.025820 0.999499 0.000000 0.000000 0.000000 0.000000 1.000000
0.998928 0.041957 -0.019556 0.000000 -0.042478 0.998731 -0.027072 12.406000 0.018395 0.027874 0.999442 0.000000 0.000000 0.000000 0.000000 1.000000
0.998921 0.041995 -0.019845 0.000000 -0.042561 0.998672 -0.029040 12.406000 0.018599 0.029854 0.999381 -0.000000 0.000000 0.000000 0.000000 1.000000
0.998912 0.042037 -0.020179 -0.000000 -0.042648 0.998613 -0.030874 12.406000 0.018853 0.031701 0.999320 0.000000 0.000000 0.000000 0.000000 1.000000
0.998906 0.042101 -0.020347 0.000000 -0.042749 0.998557 -0.032518 12.406000 0.018949 0.033352 0.999264 0.000000 0.000000 0.000000 0.000000 1.000000
0.998902 0.042153 -0.020449 0.000000 -0.042831 0.998506 -0.033918 12.406000 0.018989 0.034757 0.999215 -0.000000 0.000000 0.000000 0.000000 1.000000
0.998899 0.042194 -0.020514 -0.000000 -0.042895 0.998465 -0.035029 12.406000 0.019005 0.035870 0.999176 0.000000 0.000000 0.000000 0.000000 1.000000
0.998896 0.042234 -0.020550 -0.000000 -0.042952 0.998435 -0.035825 12.406000 0.019005 0.036668 0.999147 0.000000 0.000000 0.000000 0.000000 1.000000
0.998895 0.042262 -0.020560 0.000000 -0.042987 0.998419 -0.036211 12.406000 0.018997 0.037055 0.999133 0.000000 0.000000 0.000000 0.000000 1.000000
0.998894 0.042294 -0.020546 0.000000 -0.043016 0.998423 -0.036080 12.406000 0.018988 0.036923 0.999138 0.000000 0.000000 0.000000 0.000000 1.000000
0.998893 0.042327 -0.020527 0.000000 -0.043041 0.998436 -0.035683 12.406000 0.018985 0.036527 0.999152 0.000000 0.000000 0.000000 0.000000 1.000000
0.998892 0.042362 -0.020507 -0.000000 -0.043061 0.998461 -0.034952 12.406000 0.018995 0.035796 0.999179 0.000000 0.000000 0.000000 0.000000 1.000000
0.998891 0.042403 -0.020486 0.000000 -0.043077 0.998503 -0.033697 12.406000 0.019026 0.034542 0.999222 0.000000 0.000000 0.000000 0.000000 1.000000
0.998889 0.042445 -0.020494 -0.000000 -0.043089 0.998557 -0.032058 12.406000 0.019103 0.032905 0.999276 0.000000 0.000000 0.000000 0.000000 1.000000
0.998887 0.042488 -0.020499 0.000000 -0.043094 0.998617 -0.030123 12.406000 0.019190 0.030973 0.999336 0.000000 0.000000 0.000000 0.000000 1.000000
0.998885 0.042530 -0.020503 0.000000 -0.043095 0.998680 -0.027959 12.406000 0.019287 0.028811 0.999399 0.000000 0.000000 0.000000 0.000000 1.000000
0.998883 0.042570 -0.020499 0.000000 -0.043089 0.998743 -0.025590 12.406000 0.019384 0.026445 0.999462 0.000000 0.000000 0.000000 0.000000 1.000000
0.998882 0.042607 -0.020478 0.000000 -0.043078 0.998804 -0.023141 12.406000 0.019468 0.023997 0.999522 0.000000 0.000000 0.000000 0.000000 1.000000
0.998881 0.042638 -0.020444 0.000000 -0.043059 0.998860 -0.020629 12.406000 0.019541 0.021486 0.999578 -0.000000 0.000000 0.000000 0.000000 1.000000
0.998882 0.042638 -0.020404 0.000000 -0.043008 0.998911 -0.018060 12.406000 0.019611 0.018917 0.999629 -0.000000 0.000000 0.000000 0.000000 1.000000
0.998883 0.042634 -0.020371 0.000000 -0.042956 0.998954 -0.015645 12.406000 0.019682 0.016502 0.999670 0.000000 0.000000 0.000000 0.000000 1.000000
0.998883 0.042633 -0.020355 0.000000 -0.042909 0.998990 -0.013312 12.406000 0.019767 0.014170 0.999704 0.000000 0.000000 0.000000 0.000000 1.000000
0.998883 0.042643 -0.020355 0.000000 -0.042875 0.999019 -0.011087 12.406000 0.019862 0.011947 0.999731 0.000000 0.000000 0.000000 0.000000 1.000000
0.998882 0.042653 -0.020366 0.000000 -0.042846 0.999040 -0.009116 12.406000 0.019957 0.009979 0.999751 0.000000 0.000000 0.000000 0.000000 1.000000
0.998882 0.042661 -0.020355 0.000000 -0.042821 0.999055 -0.007507 12.406000 0.020016 0.008370 0.999765 0.000000 0.000000 0.000000 0.000000 1.000000
