<?xml version="1.0" encoding="utf-8"?>
<COLLADA xmlns="http://www.collada.org/2005/11/COLLADASchema" version="1.4.1">
  <asset>
    <contributor>
      <author>Mixamo</author>
      <authoring_tool>COLLADA Mixamo exporter</authoring_tool>
      <comments/>
    </contributor>
    <created>2025-02-06T00:44:38Z</created>
    <modified>2025-02-06T00:44:38Z</modified>
    <revision/>
    <title/>
    <unit meter="0.010000"/>
    <up_axis>Y_UP</up_axis>
  </asset>
  <library_animations>
    <animation id="mixamorig_Hips-anim" name="mixamorig_Hips">
      <source id="mixamorig_Hips-Matrix-animation-input">
        <float_array id="mixamorig_Hips-Matrix-animation-input-array" count="24">

0.000000 0.033333 0.066667 0.100000 0.133333 0.166667 0.200000 0.233333 0.266667 0.300000 0.333333 0.366667 0.400000 0.433333 0.466667 0.500000
0.533333 0.566667 0.600000 0.633333 0.666667 0.700000 0.733333 0.766667</float_array>
        <technique_common>
          <accessor source="#mixamorig_Hips-Matrix-animation-input-array" count="24">
            <param name="TIME" type="float"/>
          </accessor>
        </technique_common>
      </source>
      <source id="mixamorig_Hips-Matrix-animation-output-transform">
        <float_array id="mixamorig_Hips-Matrix-animation-output-transform-array" count="384">

0.636919 -0.127639 -0.760291 -0.491390 0.041295 0.990432 -0.131681 80.613922 0.769824 0.052474 0.636096 0.573520 0.000000 0.000000 0.000000 1.000000
0.635524 -0.136220 -0.759969 -0.111784 0.035577 0.988434 -0.147420 80.505959 0.771261 0.066651 0.633020 0.490038 0.000000 0.000000 0.000000 1.000000
0.625713 -0.164234 -0.762568 1.079164 0.029819 0.981906 -0.187005 79.559097 0.779483 0.094272 0.619289 0.103379 0.000000 0.000000 0.000000 1.000000
0.598739 -0.211976 -0.772385 2.788607 0.013273 0.966836 -0.255053 77.383141 0.800835 0.142458 0.581695 -0.491336 0.000000 0.000000 0.000000 1.000000
0.562701 -0.269624 -0.781454 4.879326 -0.015580 0.941688 -0.336127 73.715218 0.826514 0.201314 0.525688 -1.239515 0.000000 0.000000 0.000000 1.000000
0.522714 -0.327228 -0.787205 7.078781 -0.054154 0.908789 -0.413728 68.528908 0.850786 0.258892 0.457316 -2.081902 0.000000 0.000000 0.000000 1.000000
0.494081 -0.378917 -0.782500 9.009066 -0.086495 0.874142 -0.477907 62.128403 0.865103 0.303807 0.399122 -2.855523 0.000000 0.000000 0.000000 1.000000
0.488872 -0.415430 -0.767087 10.560056 -0.081001 0.853912 -0.514074 55.345573 0.868587 0.313451 0.383804 -3.270249 0.000000 0.000000 0.000000 1.000000
0.488122 -0.435289 -0.756479 11.360778 -0.047098 0.852351 -0.520845 49.560444 0.871504 0.289864 0.395550 -3.210892 0.000000 0.000000 0.000000 1.000000
0.490636 -0.418899 -0.764068 11.307945 -0.020154 0.871174 -0.490561 45.992203 0.871131 0.256086 0.418987 -2.991120 0.000000 0.000000 0.000000 1.000000
0.510041 -0.356602 -0.782747 10.489312 -0.000196 0.909964 -0.414687 44.965717 0.860150 0.211661 0.464049 -2.768753 0.000000 0.000000 0.000000 1.000000
0.540382 -0.287714 -0.790701 8.721786 0.021182 0.944076 -0.329046 46.930244 0.841153 0.161062 0.516256 -2.670136 0.000000 0.000000 0.000000 1.000000
0.586735 -0.231350 -0.776028 6.263254 0.040791 0.965548 -0.257009 51.771458 0.808751 0.119141 0.575958 -3.011898 0.000000 0.000000 0.000000 1.000000
0.634517 -0.169848 -0.754016 3.367246 0.052947 0.982816 -0.176831 58.945438 0.771093 0.072279 0.632606 -3.403276 0.000000 0.000000 0.000000 1.000000
0.671878 -0.109195 -0.732569 -0.133333 0.079781 0.993988 -0.074990 68.545052 0.736353 -0.008060 0.676550 -3.034342 0.000000 0.000000 0.000000 1.000000
0.692693 -0.077059 -0.717104 -4.090335 0.106174 0.994338 -0.004290 80.381294 0.713375 -0.073166 0.696953 -1.906585 0.000000 0.000000 0.000000 1.000000
0.679201 -0.084786 -0.729038 -7.760092 0.120018 0.992765 -0.003644 90.793159 0.724073 -0.085022 0.684463 -1.265799 0.000000 0.000000 0.000000 1.000000
0.679291 -0.128042 -0.722612 -8.652961 0.144826 0.988686 -0.039046 102.734482 0.719437 -0.078130 0.690150 -1.315510 0.000000 0.000000 0.000000 1.000000
0.692745 -0.192350 -0.695059 -7.350119 0.179414 0.979441 -0.092233 113.836067 0.698510 -0.060809 0.713012 -2.044538 0.000000 0.000000 0.000000 1.000000
0.680898 -0.269649 -0.680931 -5.344527 0.201080 0.962854 -0.180220 123.085503 0.704233 -0.014210 0.709826 -2.943222 0.000000 0.000000 0.000000 1.000000
0.668190 -0.331708 -0.665952 -3.923824 0.237065 0.943378 -0.232031 130.425629 0.705211 -0.002833 0.708992 -4.136064 0.000000 0.000000 0.000000 1.000000
0.659203 -0.344630 -0.668342 -3.423324 0.259038 0.938468 -0.228424 135.825363 0.705939 -0.022548 0.707913 -5.386232 0.000000 0.000000 0.000000 1.000000
0.663223 -0.309523 -0.681418 -3.490936 0.273413 0.947746 -0.164386 139.111496 0.696693 -0.077284 0.713194 -6.268731 0.000000 0.000000 0.000000 1.000000
0.683847 -0.264522 -0.679986 -4.171144 0.303856 0.950553 -0.064195 139.902832 0.663344 -0.162718 0.730409 -6.687541 0.000000 0.000000 0.000000 1.000000</float_array>
        <technique_common>
          <accessor source="#mixamorig_Hips-Matrix-animation-output-transform-array" count="24" stride="16">
            <param type="float4x4"/>
          </accessor>
        </technique_common>
      </source>
      <source id="mixamorig_Hips-Interpolations">
        <Name_array id="mixamorig_Hips-Interpolations-array" count="24">
 LINEAR LINEAR LINEAR LINEAR LINEAR LINEAR LINEAR LINEAR LINEAR LINEAR LINEAR
LINEAR LINEAR LINEAR LINEAR LINEAR LINEAR LINEAR LINEAR LINEAR LINEAR LINEAR LINEAR
LINEAR</Name_array>
        <technique_common>
          <accessor source="#mixamorig_Hips-Interpolations-array" count="24">
            <param type="name"/>
          </accessor>
        </technique_common>
      </source>
      <sampler id="mixamorig_Hips-Matrix-animation-transform">
        <input semantic="INPUT" source="#mixamorig_Hips-Matrix-animation-input"/>
        <input semantic="OUTPUT" source="#mixamorig_Hips-Matrix-animation-output-transform"/>
        <input semantic="INTERPOLATION" source="#mixamorig_Hips-Interpolations"/>
      </sampler>
      <channel source="#mixamorig_Hips-Matrix-animation-transform" target="mixamorig_Hips/matrix"/>
    </animation>
    <animation id="mixamorig_Spine-anim" name="mixamorig_Spine">
      <source id="mixamorig_Spine-Matrix-animation-input">
        <float_array id="mixamorig_Spine-Matrix-animation-input-array" count="24">

0.000000 0.033333 0.066667 0.100000 0.133333 0.166667 0.200000 0.233333 0.266667 0.300000 0.333333 0.366667 0.400000 0.433333 0.466667 0.500000
0.533333 0.566667 0.600000 0.633333 0.666667 0.700000 0.733333 0.766667</float_array>
        <technique_common>
          <accessor source="#mixamorig_Spine-Matrix-animation-input-array" count="24">
            <param name="TIME" type="float"/>
          </accessor>
        </technique_common>
      </source>
      <source id="mixamorig_Spine-Matrix-animation-output-transform">
        <float_array id="mixamorig_Spine-Matrix-animation-output-transform-array" count="384">

0.998069 0.032588 0.052879 0.017300 -0.027962 0.995904 -0.085989 10.574800 -0.055465 0.084344 0.994892 -1.117200 0.000000 0.000000 0.000000 1.000000
0.998350 0.032518 0.047328 0.017300 -0.028356 0.995883 -0.086099 10.574800 -0.049933 0.084615 0.995162 -1.117200 0.000000 0.000000 0.000000 1.000000
0.998741 0.031571 0.038984 0.017300 -0.028022 0.995688 -0.088437 10.574800 -0.041608 0.087233 0.995319 -1.117200 0.000000 0.000000 0.000000 1.000000
0.999024 0.029786 0.032611 0.017300 -0.026704 0.995476 -0.091184 10.574800 -0.035180 0.090224 0.995300 -1.117200 0.000000 0.000000 0.000000 1.000000
0.999306 0.025914 0.026742 0.017300 -0.023234 0.995102 -0.096082 10.574800 -0.029100 0.095394 0.995014 -1.117200 0.000000 0.000000 0.000000 1.000000
0.999599 0.021109 0.018880 0.017300 -0.019052 0.994482 -0.103161 10.574800 -0.020954 0.102760 0.994485 -1.117200 0.000000 0.000000 0.000000 1.000000
0.999838 0.016973 0.005933 0.017300 -0.016205 0.993615 -0.111651 10.574800 -0.007790 0.111537 0.993730 -1.117200 0.000000 0.000000 0.000000 1.000000
0.999870 0.013760 -0.008460 0.017300 -0.014704 0.992173 -0.124001 10.574800 0.006687 0.124109 0.992246 -1.117200 0.000000 0.000000 0.000000 1.000000
0.999773 0.013210 -0.016695 0.017300 -0.015335 0.990819 -0.134325 10.574800 0.014767 0.134551 0.990797 -1.117200 0.000000 0.000000 0.000000 1.000000
0.999706 0.013221 -0.020345 0.017300 -0.015938 0.990056 -0.139772 10.574800 0.018295 0.140055 0.989975 -1.117200 0.000000 0.000000 0.000000 1.000000
0.999696 0.009913 -0.022586 0.017300 -0.013070 0.989458 -0.144229 10.574800 0.020918 0.144480 0.989287 -1.117200 0.000000 0.000000 0.000000 1.000000
0.999791 0.008777 -0.018478 0.017300 -0.011272 0.990154 -0.139531 10.574800 0.017072 0.139710 0.990045 -1.117200 0.000000 0.000000 0.000000 1.000000
0.999821 0.010124 -0.015998 0.017300 -0.012045 0.992092 -0.124932 10.574800 0.014606 0.125102 0.992036 -1.117200 0.000000 0.000000 0.000000 1.000000
0.999832 0.009747 -0.015550 0.017300 -0.011460 0.993393 -0.114193 10.574800 0.014334 0.114352 0.993337 -1.117200 0.000000 0.000000 0.000000 1.000000
0.999858 0.014284 -0.008959 0.017300 -0.015167 0.994063 -0.107748 10.574800 0.007367 0.107869 0.994138 -1.117200 0.000000 0.000000 0.000000 1.000000
0.999737 0.022922 -0.000569 0.017300 -0.022877 0.995499 -0.091965 10.574800 -0.001542 0.091954 0.995762 -1.117200 0.000000 0.000000 0.000000 1.000000
0.999457 0.032416 0.005927 0.017300 -0.031887 0.996725 -0.074308 10.574800 -0.008316 0.074079 0.997218 -1.117200 0.000000 0.000000 0.000000 1.000000
0.999250 0.037583 0.009356 0.017300 -0.036795 0.996617 -0.073493 10.574800 -0.012086 0.073094 0.997252 -1.117200 0.000000 0.000000 0.000000 1.000000
0.998947 0.044942 0.009174 0.017300 -0.044025 0.995556 -0.083245 10.574800 -0.012874 0.082753 0.996487 -1.117200 0.000000 0.000000 0.000000 1.000000
0.998664 0.051382 0.005451 0.017300 -0.050630 0.994163 -0.095272 10.574800 -0.010314 0.094869 0.995436 -1.117200 0.000000 0.000000 0.000000 1.000000
0.998099 0.061551 -0.003292 0.017300 -0.061532 0.991813 -0.111898 10.574800 -0.003623 0.111888 0.993714 -1.117200 0.000000 0.000000 0.000000 1.000000
0.997366 0.070797 -0.015774 0.017300 -0.072280 0.988231 -0.134816 10.574800 0.006044 0.135601 0.990745 -1.117200 0.000000 0.000000 0.000000 1.000000
0.996547 0.079018 -0.025500 0.017300 -0.082192 0.982343 -0.168067 10.574800 0.011770 0.169583 0.985446 -1.117200 0.000000 0.000000 0.000000 1.000000
0.995807 0.085932 -0.031384 0.017300 -0.090541 0.974862 -0.203584 10.574800 0.013101 0.205571 0.978554 -1.117200 0.000000 0.000000 0.000000 1.000000</float_array>
        <technique_common>
          <accessor source="#mixamorig_Spine-Matrix-animation-output-transform-array" count="24" stride="16">
            <param type="float4x4"/>
          </accessor>
        </technique_common>
      </source>
      <source id="mixamorig_Spine-Interpolations">
        <Name_array id="mixamorig_Spine-Interpolations-array" count="24">
 LINEAR LINEAR LINEAR LINEAR LINEAR LINEAR LINEAR LINEAR LINEAR LINEAR LINEAR
LINEAR LINEAR LINEAR LINEAR LINEAR LINEAR LINEAR LINEAR LINEAR LINEAR LINEAR LINEAR
LINEAR</Name_array>
        <technique_common>
          <accessor source="#mixamorig_Spine-Interpolations-array" count="24">
            <param type="name"/>
          </accessor>
        </technique_common>
      </source>
      <sampler id="mixamorig_Spine-Matrix-animation-transform">
        <input semantic="INPUT" source="#mixamorig_Spine-Matrix-animation-input"/>
        <input semantic="OUTPUT" source="#mixamorig_Spine-Matrix-animation-output-transform"/>
        <input semantic="INTERPOLATION" source="#mixamorig_Spine-Interpolations"/>
      </sampler>
      <channel source="#mixamorig_Spine-Matrix-animation-transform" target="mixamorig_Spine/matrix"/>
    </animation>
    <animation id="mixamorig_Spine1-anim" name="mixamorig_Spine1">
      <source id="mixamorig_Spine1-Matrix-animation-input">
        <float_array id="mixamorig_Spine1-Matrix-animation-input-array" count="24">

0.000000 0.033333 0.066667 0.100000 0.133333 0.166667 0.200000 0.233333 0.266667 0.300000 0.333333 0.366667 0.400000 0.433333 0.466667 0.500000
0.533333 0.566667 0.600000 0.633333 0.666667 0.700000 0.733333 0.766667</float_array>
        <technique_common>
          <accessor source="#mixamorig_Spine1-Matrix-animation-input-array" count="24">
            <param name="TIME" type="float"/>
          </accessor>
        </technique_common>
      </source>
      <source id="mixamorig_Spine1-Matrix-animation-output-transform">
        <float_array id="mixamorig_Spine1-Matrix-animation-output-transform-array" count="384">

0.992485 0.063759 0.104439 0.000000 -0.052719 0.993047 -0.105255 12.406000 -0.110424 0.098958 0.988946 0.000000 0.000000 0.000000 0.000000 1.000000
0.993586 0.063747 0.093400 0.000000 -0.053801 0.992975 -0.105385 12.406000 -0.099461 0.099684 0.990036 -0.000000 0.000000 0.000000 0.000000 1.000000
0.995111 0.062126 0.076779 0.000000 -0.053482 0.992501 -0.109914 12.406000 -0.083032 0.105271 0.990971 0.000000 0.000000 0.000000 0.000000 1.000000
0.996199 0.059133 0.063961 -0.000000 -0.051480 0.991996 -0.115303 12.406000 -0.070267 0.111572 0.991269 0.000000 0.000000 0.000000 0.000000 1.000000
0.997275 0.052418 0.051910 0.000000 -0.045586 0.991107 -0.125012 12.406000 -0.058001 0.122305 0.990796 0.000000 0.000000 0.000000 0.000000 1.000000
0.998397 0.044087 0.035499 -0.000000 -0.038750 0.989523 -0.139078 12.406000 -0.041258 0.137480 0.989645 0.000000 0.000000 0.000000 0.000000 1.000000
0.999290 0.036639 0.008765 0.000000 -0.034827 0.987158 -0.155906 12.406000 -0.014365 0.155490 0.987733 0.000000 0.000000 0.000000 0.000000 1.000000
0.999356 0.029674 -0.020171 -0.000000 -0.032831 0.983050 -0.180375 12.406000 0.014477 0.180921 0.983391 -0.000000 0.000000 0.000000 0.000000 1.000000
0.998969 0.027297 -0.036278 -0.000000 -0.034043 0.979047 -0.200768 12.406000 0.030037 0.201796 0.978967 0.000000 0.000000 0.000000 0.000000 1.000000
0.998709 0.026550 -0.043295 0.000000 -0.035135 0.976746 -0.211503 12.406000 0.036673 0.212751 0.976418 0.000000 0.000000 0.000000 0.000000 1.000000
0.998697 0.019562 -0.047130 0.000000 -0.029500 0.974950 -0.220461 12.406000 0.041636 0.221564 0.974257 0.000000 0.000000 0.000000 0.000000 1.000000
0.999134 0.016881 -0.038040 0.000000 -0.024555 0.977107 -0.211325 12.406000 0.033602 0.212076 0.976675 0.000000 0.000000 0.000000 0.000000 1.000000
0.999308 0.018914 -0.032037 -0.000000 -0.024453 0.982912 -0.182446 12.406000 0.028039 0.183104 0.982694 0.000000 0.000000 0.000000 0.000000 1.000000
0.999379 0.018112 -0.030217 -0.000000 -0.022755 0.986664 -0.161170 12.406000 0.026895 0.161757 0.986464 0.000000 0.000000 0.000000 0.000000 1.000000
0.999512 0.026526 -0.016497 0.000000 -0.028681 0.988539 -0.148217 12.406000 0.012376 0.148618 0.988817 0.000000 0.000000 0.000000 0.000000 1.000000
0.999113 0.042105 -0.000317 0.000000 -0.041855 0.992302 -0.116554 12.406000 -0.004593 0.116464 0.993184 0.000000 0.000000 0.000000 0.000000 1.000000
0.998378 0.055985 0.010367 0.000000 -0.054963 0.995188 -0.081121 12.406000 -0.014859 0.080419 0.996650 0.000000 0.000000 0.000000 0.000000 1.000000
0.997546 0.067923 0.016979 -0.000000 -0.066372 0.994630 -0.079411 12.406000 -0.022281 0.078089 0.996697 0.000000 0.000000 0.000000 0.000000 1.000000
0.996490 0.081820 0.017709 0.000000 -0.079690 0.991916 -0.098749 12.406000 -0.025646 0.096991 0.994955 0.000000 0.000000 0.000000 0.000000 1.000000
0.995661 0.092407 0.010964 0.000000 -0.090379 0.988341 -0.122529 12.406000 -0.022159 0.121006 0.992404 0.000000 0.000000 0.000000 0.000000 1.000000
0.994050 0.108763 -0.005927 0.000000 -0.108362 0.981929 -0.155157 12.406000 -0.011055 0.154876 0.987872 0.000000 0.000000 0.000000 0.000000 1.000000
0.991961 0.122927 -0.030041 0.000000 -0.126460 0.971613 -0.199940 12.406000 0.004610 0.202131 0.979348 -0.000000 0.000000 0.000000 0.000000 1.000000
0.989403 0.136269 -0.050133 0.000000 -0.144722 0.953442 -0.264581 12.406000 0.011744 0.269033 0.963059 0.000000 0.000000 0.000000 0.000000 1.000000
0.987167 0.146512 -0.063521 -0.000000 -0.159359 0.929416 -0.332853 12.406000 0.010271 0.338704 0.940837 0.000000 0.000000 0.000000 0.000000 1.000000</float_array>
        <technique_common>
          <accessor source="#mixamorig_Spine1-Matrix-animation-output-transform-array" count="24" stride="16">
            <param type="float4x4"/>
          </accessor>
        </technique_common>
      </source>
      <source id="mixamorig_Spine1-Interpolations">
        <Name_array id="mixamorig_Spine1-Interpolations-array" count="24">
 LINEAR LINEAR LINEAR LINEAR LINEAR LINEAR LINEAR LINEAR LINEAR LINEAR LINEAR
LINEAR LINEAR LINEAR LINEAR LINEAR LINEAR LINEAR LINEAR LINEAR LINEAR LINEAR LINEAR
LINEAR</Name_array>
        <technique_common>
          <accessor source="#mixamorig_Spine1-Interpolations-array" count="24">
            <param type="name"/>
          </accessor>
        </technique_common>
      </source>
      <sampler id="mixamorig_Spine1-Matrix-animation-transform">
        <input semantic="INPUT" source="#mixamorig_Spine1-Matrix-animation-input"/>
        <input semantic="OUTPUT" source="#mixamorig_Spine1-Matrix-animation-output-transform"/>
        <input semantic="INTERPOLATION" source="#mixamorig_Spine1-Interpolations"/>
      </sampler>
      <channel source="#mixamorig_Spine1-Matrix-animation-transform" target="mixamorig_Spine1/matrix"/>
    </animation>
    <animation id="mixamorig_Spine2-anim" name="mixamorig_Spine2">
      <source id="mixamorig_Spine2-Matrix-animation-input">
        <float_array id="mixamorig_Spine2-Matrix-animation-input-array" count="24">

0.000000 0.033333 0.066667 0.100000 0.133333 0.166667 0.200000 0.233333 0.266667 0.300000 0.333333 0.366667 0.400000 0.433333 0.466667 0.500000
0.533333 0.566667 0.600000 0.633333 0.666667 0.700000 0.733333 0.766667</float_array>
        <technique_common>
          <accessor source="#mixamorig_Spine2-Matrix-animation-input-array" count="24">
            <param name="TIME" type="float"/>
          </accessor>
        </technique_common>
      </source>
      <source id="mixamorig_Spine2-Matrix-animation-output-transform">
        <float_array id="mixamorig_Spine2-Matrix-animation-output-transform-array" count="384">

0.992578 0.051287 0.110263 0.000000 -0.051151 0.998683 -0.004063 14.178300 -0.110327 -0.001607 0.993894 0.000000 0.000000 0.000000 0.000000 1.000000
0.993679 0.052396 0.099280 -0.000000 -0.052237 0.998626 -0.004201 14.178300 -0.099364 -0.001012 0.995051 0.000000 0.000000 0.000000 0.000000 1.000000
0.995202 0.052472 0.082581 0.000000 -0.051925 0.998613 -0.008756 14.178300 -0.082926 0.004426 0.996546 0.000000 0.000000 0.000000 0.000000 1.000000
0.996286 0.050796 0.069524 -0.000000 -0.049928 0.998652 -0.014169 14.178300 -0.070150 0.010645 0.997480 0.000000 0.000000 0.000000 0.000000 1.000000
0.997352 0.045341 0.056853 0.000000 -0.044041 0.998743 -0.023919 14.178300 -0.057866 0.021352 0.998096 0.000000 0.000000 0.000000 0.000000 1.000000
0.998462 0.038721 0.039679 0.000000 -0.037212 0.998582 -0.038075 14.178300 -0.041097 0.036540 0.998487 0.000000 0.000000 0.000000 0.000000 1.000000
0.999345 0.034030 0.012326 -0.000000 -0.033303 0.997928 -0.055056 14.178300 -0.014174 0.054609 0.998407 -0.000000 0.000000 0.000000 0.000000 1.000000
0.999401 0.030045 -0.017169 0.000000 -0.031324 0.996317 -0.079815 14.178300 0.014707 0.080305 0.996662 -0.000000 0.000000 0.000000 0.000000 1.000000
0.999011 0.029320 -0.033433 0.000000 -0.032548 0.994404 -0.100509 14.178300 0.030299 0.101497 0.994374 0.000000 0.000000 0.000000 0.000000 1.000000
0.998751 0.029290 -0.040491 0.000000 -0.033645 0.993204 -0.111422 14.178300 0.036952 0.112645 0.992948 0.000000 0.000000 0.000000 0.000000 1.000000
0.998728 0.022728 -0.045016 -0.000000 -0.028014 0.992316 -0.120515 14.178300 0.041931 0.121623 0.991690 0.000000 0.000000 0.000000 0.000000 1.000000
0.999160 0.019137 -0.036245 0.000000 -0.023063 0.993529 -0.111208 14.178300 0.033883 0.111951 0.993136 0.000000 0.000000 0.000000 0.000000 1.000000
0.999337 0.020549 -0.030067 0.000000 -0.022952 0.996377 -0.081891 14.178300 0.028276 0.082527 0.996188 -0.000000 0.000000 0.000000 0.000000 1.000000
0.999407 0.019566 -0.028337 0.000000 -0.021248 0.997952 -0.060343 14.178300 0.027098 0.060909 0.997775 -0.000000 0.000000 0.000000 0.000000 1.000000
0.999552 0.026539 -0.013833 -0.000000 -0.027166 0.998513 -0.047266 14.178300 0.012558 0.047621 0.998787 0.000000 0.000000 0.000000 0.000000 1.000000
0.999176 0.040392 0.003848 -0.000000 -0.040329 0.999068 -0.015384 14.178300 -0.004465 0.015216 0.999874 0.000000 0.000000 0.000000 0.000000 1.000000
0.998462 0.053114 0.015888 -0.000000 -0.053430 0.998368 0.020161 14.178300 -0.014792 -0.020978 0.999671 0.000000 0.000000 0.000000 0.000000 1.000000
0.997648 0.064318 0.023680 0.000000 -0.064836 0.997658 0.021806 14.178300 -0.022222 -0.023290 0.999482 0.000000 0.000000 0.000000 0.000000 1.000000
0.996613 0.078071 0.025822 -0.000000 -0.078156 0.996939 0.002294 14.178300 -0.025564 -0.004304 0.999664 0.000000 0.000000 0.000000 0.000000 1.000000
0.995801 0.089291 0.020189 -0.000000 -0.088851 0.995808 -0.021725 14.178300 -0.022044 0.019840 0.999560 -0.000000 0.000000 0.000000 0.000000 1.000000
0.994216 0.107283 0.005049 -0.000000 -0.106848 0.992762 -0.054834 14.178300 -0.010895 0.053977 0.998483 -0.000000 0.000000 0.000000 0.000000 1.000000
0.992149 0.123829 -0.017499 0.000000 -0.124966 0.987065 -0.100430 14.178300 0.004837 0.101828 0.994790 0.000000 0.000000 0.000000 0.000000 1.000000
0.989612 0.139150 -0.036127 -0.000000 -0.143257 0.975566 -0.166579 14.178300 0.012065 0.170024 0.985366 0.000000 0.000000 0.000000 0.000000 1.000000
0.987393 0.150705 -0.048406 -0.000000 -0.157927 0.958604 -0.236934 14.178300 0.010695 0.241591 0.970319 0.000000 0.000000 0.000000 0.000000 1.000000</float_array>
        <technique_common>
          <accessor source="#mixamorig_Spine2-Matrix-animation-output-transform-array" count="24" stride="16">
            <param type="float4x4"/>
          </accessor>
        </technique_common>
      </source>
      <source id="mixamorig_Spine2-Interpolations">
        <Name_array id="mixamorig_Spine2-Interpolations-array" count="24">
 LINEAR LINEAR LINEAR LINEAR LINEAR LINEAR LINEAR LINEAR LINEAR LINEAR LINEAR
LINEAR LINEAR LINEAR LINEAR LINEAR LINEAR LINEAR LINEAR LINEAR LINEAR LINEAR LINEAR
LINEAR</Name_array>
        <technique_common>
          <accessor source="#mixamorig_Spine2-Interpolations-array" count="24">
            <param type="name"/>
          </accessor>
        </technique_common>
      </source>
      <sampler id="mixamorig_Spine2-Matrix-animation-transform">
        <input semantic="INPUT" source="#mixamorig_Spine2-Matrix-animation-input"/>
        <input semantic="OUTPUT" source="#mixamorig_Spine2-Matrix-animation-output-transform"/>
        <input semantic="INTERPOLATION" source="#mixamorig_Spine2-Interpolations"/>
      </sampler>
      <channel source="#mixamorig_Spine2-Matrix-animation-transform" target="mixamorig_Spine2/matrix"/>
    </animation>
    <animation id="mixamorig_Neck-anim" name="mixamorig_Neck">
      <source id="mixamorig_Neck-Matrix-animation-input">
        <float_array id="mixamorig_Neck-Matrix-animation-input-array" count="24">

0.000000 0.033333 0.066667 0.100000 0.133333 0.166667 0.200000 0.233333 0.266667 0.300000 0.333333 0.366667 0.400000 0.433333 0.466667 0.500000
0.533333 0.566667 0.600000 0.633333 0.666667 0.700000 0.733333 0.766667</float_array>
        <technique_common>
          <accessor source="#mixamorig_Neck-Matrix-animation-input-array" count="24">
            <param name="TIME" type="float"/>
          </accessor>
        </technique_common>
      </source>
      <source id="mixamorig_Neck-Matrix-animation-output-transform">
        <float_array id="mixamorig_Neck-Matrix-animation-output-transform-array" count="384">

0.986666 0.004571 0.162695 0.024400 0.001952 0.999201 -0.039909 15.862300 -0.162748 0.039695 0.985869 -1.675800 0.000000 0.000000 0.000000 1.000000
0.984685 0.000819 0.174341 0.024400 0.004712 0.999499 -0.031309 15.862300 -0.174279 0.031651 0.984188 -1.675800 0.000000 0.000000 0.000000 1.000000
0.980154 -0.003728 0.198204 0.024400 0.005406 0.999954 -0.007924 15.862300 -0.198165 0.008838 0.980129 -1.675800 0.000000 0.000000 0.000000 1.000000
0.972322 -0.005188 0.233586 0.024400 -0.000330 0.999722 0.023574 15.862300 -0.233643 -0.022998 0.972050 -1.675800 0.000000 0.000000 0.000000 1.000000
0.960966 -0.000233 0.276668 0.024400 -0.014031 0.998672 0.049575 15.862300 -0.276312 -0.051522 0.959686 -1.675800 0.000000 0.000000 0.000000 1.000000
0.947679 0.014920 0.318877 0.024400 -0.034753 0.997792 0.056597 15.862300 -0.317328 -0.064718 0.946105 -1.675800 0.000000 0.000000 0.000000 1.000000
0.935848 0.040426 0.350077 0.024400 -0.058264 0.997476 0.040571 15.862300 -0.347554 -0.058366 0.935842 -1.675800 0.000000 0.000000 0.000000 1.000000
0.929343 0.064369 0.363564 0.024400 -0.074757 0.997096 0.014558 15.862300 -0.361571 -0.040709 0.931455 -1.675800 0.000000 0.000000 0.000000 1.000000
0.929987 0.070718 0.360725 0.024400 -0.076228 0.997090 0.001052 15.862300 -0.359601 -0.028476 0.932672 -1.675800 0.000000 0.000000 0.000000 1.000000
0.934476 0.056463 0.351520 0.024400 -0.065240 0.997783 0.013165 15.862300 -0.349997 -0.035236 0.936088 -1.675800 0.000000 0.000000 0.000000 1.000000
0.938709 0.032407 0.343183 0.024400 -0.051554 0.997572 0.046817 15.862300 -0.340833 -0.061640 0.938101 -1.675800 0.000000 0.000000 0.000000 1.000000
0.941664 0.005309 0.336512 0.024400 -0.036288 0.995648 0.085839 15.862300 -0.334592 -0.093043 0.937759 -1.675800 0.000000 0.000000 0.000000 1.000000
0.944494 -0.024555 0.327610 0.024400 -0.012195 0.993895 0.109650 15.862300 -0.328302 -0.107559 0.938429 -1.675800 0.000000 0.000000 0.000000 1.000000
0.948453 -0.055677 0.311988 0.024400 0.025606 0.994691 0.099668 15.862300 -0.315881 -0.086542 0.944844 -1.675800 0.000000 0.000000 0.000000 1.000000
0.953246 -0.087938 0.289118 0.024400 0.077749 0.995885 0.046561 15.862300 -0.292023 -0.021906 0.956160 -1.675800 0.000000 0.000000 0.000000 1.000000
0.956951 -0.120089 0.264241 0.024400 0.133552 0.990475 -0.033520 15.862300 -0.257698 0.067366 0.963874 -1.675800 0.000000 0.000000 0.000000 1.000000
0.959262 -0.138499 0.246242 0.024400 0.168109 0.980319 -0.103507 15.862300 -0.227061 0.140686 0.963665 -1.675800 0.000000 0.000000 0.000000 1.000000
0.961380 -0.129115 0.243058 0.024400 0.168300 0.974563 -0.147991 15.862300 -0.217768 0.183182 0.958656 -1.675800 0.000000 0.000000 0.000000 1.000000
0.961689 -0.094998 0.257158 0.024400 0.145983 0.971440 -0.187067 15.862300 -0.232042 0.217441 0.948091 -1.675800 0.000000 0.000000 0.000000 1.000000
0.956992 -0.048056 0.286106 0.024400 0.115073 0.968166 -0.222290 15.862300 -0.266316 0.245653 0.932057 -1.675800 0.000000 0.000000 0.000000 1.000000
0.949034 -0.003964 0.315150 0.024400 0.078437 0.971431 -0.223986 15.862300 -0.305258 0.237290 0.922232 -1.675800 0.000000 0.000000 0.000000 1.000000
0.942492 0.025483 0.333257 0.024400 0.032702 0.985274 -0.167826 15.862300 -0.332626 0.169073 0.927779 -1.675800 0.000000 0.000000 0.000000 1.000000
0.939196 0.041532 0.340860 0.024400 -0.016396 0.996950 -0.076298 15.862300 -0.342990 0.066070 0.937013 -1.675800 0.000000 0.000000 0.000000 1.000000
0.937218 0.057676 0.343942 0.024400 -0.060106 0.998185 -0.003601 15.862300 -0.343526 -0.017298 0.938984 -1.675800 0.000000 0.000000 0.000000 1.000000</float_array>
        <technique_common>
          <accessor source="#mixamorig_Neck-Matrix-animation-output-transform-array" count="24" stride="16">
            <param type="float4x4"/>
          </accessor>
        </technique_common>
      </source>
      <source id="mixamorig_Neck-Interpolations">
        <Name_array id="mixamorig_Neck-Interpolations-array" count="24">
 LINEAR LINEAR LINEAR LINEAR LINEAR LINEAR LINEAR LINEAR LINEAR LINEAR LINEAR
LINEAR LINEAR LINEAR LINEAR LINEAR LINEAR LINEAR LINEAR LINEAR LINEAR LINEAR LINEAR
LINEAR</Name_array>
        <technique_common>
          <accessor source="#mixamorig_Neck-Interpolations-array" count="24">
            <param type="name"/>
          </accessor>
        </technique_common>
      </source>
      <sampler id="mixamorig_Neck-Matrix-animation-transform">
        <input semantic="INPUT" source="#mixamorig_Neck-Matrix-animation-input"/>
        <input semantic="OUTPUT" source="#mixamorig_Neck-Matrix-animation-output-transform"/>
        <input semantic="INTERPOLATION" source="#mixamorig_Neck-Interpolations"/>
      </sampler>
      <channel source="#mixamorig_Neck-Matrix-animation-transform" target="mixamorig_Neck/matrix"/>
    </animation>
    <animation id="mixamorig_Head-anim" name="mixamorig_Head">
      <source id="mixamorig_Head-Matrix-animation-input">
        <float_array id="mixamorig_Head-Matrix-animation-input-array" count="24">

0.000000 0.033333 0.066667 0.100000 0.133333 0.166667 0.200000 0.233333 0.266667 0.300000 0.333333 0.366667 0.400000 0.433333 0.466667 0.500000
0.533333 0.566667 0.600000 0.633333 0.666667 0.700000 0.733333 0.766667</float_array>
        <technique_common>
          <accessor source="#mixamorig_Head-Matrix-animation-input-array" count="24">
            <param name="TIME" type="float"/>
          </accessor>
        </technique_common>
      </source>
      <source id="mixamorig_Head-Matrix-animation-output-transform">
        <float_array id="mixamorig_Head-Matrix-animation-output-transform-array" count="384">

0.917660 0.056497 0.393331 -0.000000 -0.089673 0.993751 0.066471 5.564000 -0.387117 -0.096269 0.916991 0.988100 0.000000 0.000000 0.000000 1.000000
0.913594 0.059015 0.402323 -0.000000 -0.087159 0.994837 0.051993 5.564000 -0.397178 -0.082566 0.914020 0.988100 0.000000 0.000000 0.000000 1.000000
0.904355 0.077978 0.419598 0.000000 -0.106287 0.993340 0.044476 5.564000 -0.413335 -0.084820 0.906620 0.988100 0.000000 0.000000 0.000000 1.000000
0.887950 0.105867 0.447591 -0.000000 -0.145796 0.987751 0.055607 5.564000 -0.436221 -0.114633 0.892508 0.988100 0.000000 0.000000 0.000000 1.000000
0.866622 0.125812 0.482843 0.000000 -0.193175 0.976824 0.092190 5.564000 -0.460054 -0.173168 0.870841 0.988100 0.000000 0.000000 0.000000 1.000000
0.850420 0.123463 0.511412 -0.000000 -0.234685 0.959024 0.158731 5.564000 -0.470860 -0.255009 0.844548 0.988100 0.000000 0.000000 0.000000 1.000000
0.848934 0.102551 0.518453 0.000000 -0.264734 0.931560 0.249221 5.564000 -0.457413 -0.348825 0.817982 0.988100 0.000000 0.000000 0.000000 1.000000
0.861460 0.081788 0.501197 0.000000 -0.280241 0.899624 0.334874 5.564000 -0.423500 -0.428937 0.797910 0.988100 0.000000 0.000000 0.000000 1.000000
0.879001 0.072702 0.471244 0.000000 -0.279557 0.879203 0.385811 5.564000 -0.386270 -0.470869 0.793145 0.988100 0.000000 0.000000 0.000000 1.000000
0.892571 0.068910 0.445610 -0.000000 -0.266090 0.878328 0.397160 5.564000 -0.364024 -0.473066 0.802306 0.988100 0.000000 0.000000 0.000000 1.000000
0.899622 0.065440 0.431737 -0.000000 -0.246271 0.892500 0.377882 5.564000 -0.360597 -0.446275 0.819029 0.988100 0.000000 0.000000 0.000000 1.000000
0.902335 0.059720 0.426878 -0.000000 -0.218932 0.916595 0.334549 5.564000 -0.371295 -0.395332 0.840150 0.988100 0.000000 0.000000 0.000000 1.000000
0.905063 0.050598 0.422257 0.000000 -0.180115 0.945057 0.272811 5.564000 -0.385253 -0.322966 0.864449 0.988100 0.000000 0.000000 0.000000 1.000000
0.912150 0.046597 0.407198 0.000000 -0.136294 0.971460 0.194139 5.564000 -0.386530 -0.232583 0.892468 0.988100 0.000000 0.000000 0.000000 1.000000
0.922349 0.062931 0.381199 0.000000 -0.105748 0.990089 0.092418 5.564000 -0.371605 -0.125553 0.919862 0.988100 0.000000 0.000000 0.000000 1.000000
0.928016 0.105929 0.357163 0.000000 -0.105971 0.994178 -0.019514 5.564000 -0.357151 -0.019739 0.933838 0.988100 0.000000 0.000000 0.000000 1.000000
0.924006 0.162690 0.346041 0.000000 -0.140238 0.986097 -0.089145 5.564000 -0.355733 0.033842 0.933975 0.988100 0.000000 0.000000 0.000000 1.000000
0.912283 0.206335 0.353788 0.000000 -0.194869 0.978458 -0.068161 5.564000 -0.360230 -0.006760 0.932839 0.988100 0.000000 0.000000 0.000000 1.000000
0.897643 0.216130 0.384089 -0.000000 -0.246590 0.968616 0.031250 5.564000 -0.365280 -0.122764 0.922767 0.988100 0.000000 0.000000 0.000000 1.000000
0.883296 0.196000 0.425879 0.000000 -0.282361 0.947582 0.149532 5.564000 -0.374247 -0.252333 0.892338 0.988100 0.000000 0.000000 0.000000 1.000000
0.881249 0.167299 0.442053 -0.000000 -0.291671 0.928434 0.230082 5.564000 -0.371925 -0.331693 0.866978 0.988100 0.000000 0.000000 0.000000 1.000000
0.897725 0.148224 0.414872 0.000000 -0.271399 0.927860 0.255769 5.564000 -0.347032 -0.342206 0.873192 0.988100 0.000000 0.000000 0.000000 1.000000
0.923366 0.133894 0.359816 -0.000000 -0.229914 0.943422 0.238943 5.564000 -0.307466 -0.303358 0.901908 0.988100 0.000000 0.000000 0.000000 1.000000
0.947061 0.107303 0.302591 0.000000 -0.172607 0.964869 0.198078 5.564000 -0.270706 -0.239821 0.932311 0.988100 0.000000 0.000000 0.000000 1.000000</float_array>
        <technique_common>
          <accessor source="#mixamorig_Head-Matrix-animation-output-transform-array" count="24" stride="16">
            <param type="float4x4"/>
          </accessor>
        </technique_common>
      </source>
      <source id="mixamorig_Head-Interpolations">
        <Name_array id="mixamorig_Head-Interpolations-array" count="24">
 LINEAR LINEAR LINEAR LINEAR LINEAR LINEAR LINEAR LINEAR LINEAR LINEAR LINEAR
LINEAR LINEAR LINEAR LINEAR LINEAR LINEAR LINEAR LINEAR LINEAR LINEAR LINEAR LINEAR
LINEAR</Name_array>
        <technique_common>
          <accessor source="#mixamorig_Head-Interpolations-array" count="24">
            <param type="name"/>
          </accessor>
        </technique_common>
      </source>
      <sampler id="mixamorig_Head-Matrix-animation-transform">
        <input semantic="INPUT" source="#mixamorig_Head-Matrix-animation-input"/>
        <input semantic="OUTPUT" source="#mixamorig_Head-Matrix-animation-output-transform"/>
        <input semantic="INTERPOLATION" source="#mixamorig_Head-Interpolations"/>
      </sampler>
      <channel source="#mixamorig_Head-Matrix-animation-transform" target="mixamorig_Head/matrix"/>
    </animation>
    <animation id="mixamorig_LeftShoulder-anim" name="mixamorig_LeftShoulder">
      <source id="mixamorig_LeftShoulder-Matrix-animation-input">
        <float_array id="mixamorig_LeftShoulder-Matrix-animation-input-array" count="24">

0.000000 0.033333 0.066667 0.100000 0.133333 0.166667 0.200000 0.233333 0.266667 0.300000 0.333333 0.366667 0.400000 0.433333 0.466667 0.500000
0.533333 0.566667 0.600000 0.633333 0.666667 0.700000 0.733333 0.766667</float_array>
        <technique_common>
          <accessor source="#mixamorig_LeftShoulder-Matrix-animation-input-array" count="24">
            <param name="TIME" type="float"/>
          </accessor>
        </technique_common>
      </source>
      <source id="mixamorig_LeftShoulder-Matrix-animation-output-transform">
        <float_array id="mixamorig_LeftShoulder-Matrix-animation-output-transform-array" count="384">

0.284237 0.942898 -0.173643 5.935000 -0.031903 -0.171711 -0.984631 13.670200 -0.958223 0.285408 -0.018725 -1.662600 0.000000 0.000000 0.000000 1.000000
0.258650 0.949768 -0.176184 5.935000 -0.030400 -0.174297 -0.984224 13.670200 -0.965493 0.259926 -0.016209 -1.662600 0.000000 0.000000 0.000000 1.000000
0.218426 0.957520 -0.188268 5.935000 -0.028339 -0.186621 -0.982023 13.670200 -0.975442 0.219835 -0.013627 -1.662600 0.000000 0.000000 0.000000 1.000000
0.163179 0.963507 -0.212196 5.935000 -0.024582 -0.211042 -0.977168 13.670200 -0.986290 0.164670 -0.010753 -1.662600 0.000000 0.000000 0.000000 1.000000
0.096104 0.963403 -0.250239 5.935000 -0.016909 -0.249786 -0.968153 13.670200 -0.995228 0.097275 -0.007715 -1.662600 0.000000 0.000000 0.000000 1.000000
0.021468 0.950502 -0.309975 5.935000 -0.004084 -0.309960 -0.950741 13.670200 -0.999761 0.021677 -0.002772 -1.662600 0.000000 0.000000 0.000000 1.000000
-0.053309 0.927317 -0.370461 5.935000 0.021721 -0.369824 -0.928848 13.670200 -0.998342 -0.057563 -0.000427 -1.662600 0.000000 0.000000 0.000000 1.000000
-0.110215 0.896101 -0.429949 5.935000 0.052569 -0.426723 -0.902853 13.670200 -0.992517 -0.122110 -0.000076 -1.662600 0.000000 0.000000 0.000000 1.000000
-0.139287 0.875004 -0.463646 5.935000 0.078554 -0.456971 -0.886006 13.670200 -0.987131 -0.159830 -0.005085 -1.662600 0.000000 0.000000 0.000000 1.000000
-0.144542 0.874915 -0.462202 5.935000 0.091324 -0.453318 -0.886658 13.670200 -0.985275 -0.170369 -0.014378 -1.662600 0.000000 0.000000 0.000000 1.000000
-0.135849 0.891684 -0.431792 5.935000 0.090428 -0.422854 -0.901675 13.670200 -0.986594 -0.161538 -0.023189 -1.662600 0.000000 0.000000 0.000000 1.000000
-0.119057 0.913708 -0.388539 5.935000 0.079490 -0.381295 -0.921030 13.670200 -0.989700 -0.140540 -0.027235 -1.662600 0.000000 0.000000 0.000000 1.000000
-0.097904 0.936124 -0.337767 5.935000 0.060930 -0.333122 -0.940913 13.670200 -0.993329 -0.112699 -0.024424 -1.662600 0.000000 0.000000 0.000000 1.000000
-0.079554 0.961857 -0.261731 5.935000 0.036690 -0.259559 -0.965030 13.670200 -0.996155 -0.086375 -0.014642 -1.662600 0.000000 0.000000 0.000000 1.000000
-0.084118 0.986638 -0.139532 5.935000 0.014015 -0.138843 -0.990215 13.670200 -0.996357 -0.085250 -0.002148 -1.662600 0.000000 0.000000 0.000000 1.000000
-0.137349 0.990378 0.016936 5.935000 -0.012275 0.015395 -0.999806 13.670200 -0.990447 -0.137530 0.010043 -1.662600 0.000000 0.000000 0.000000 1.000000
-0.229875 0.962286 0.145476 5.935000 -0.056194 0.136105 -0.989099 13.670200 -0.971596 -0.235544 0.022787 -1.662600 0.000000 0.000000 0.000000 1.000000
-0.327813 0.928167 0.176196 5.935000 -0.100530 0.151172 -0.983382 13.670200 -0.939379 -0.340078 0.043752 -1.662600 0.000000 0.000000 0.000000 1.000000
-0.404527 0.908889 0.101386 5.935000 -0.112434 0.060594 -0.991810 13.670200 -0.907588 -0.412613 0.077678 -1.662600 0.000000 0.000000 0.000000 1.000000
-0.436226 0.899557 -0.022451 5.935000 -0.096317 -0.071485 -0.992780 13.670200 -0.894668 -0.430914 0.117826 -1.662600 0.000000 0.000000 0.000000 1.000000
-0.405080 0.906530 -0.118803 5.935000 -0.082231 -0.165539 -0.982769 13.670200 -0.910576 -0.388331 0.141601 -1.662600 0.000000 0.000000 0.000000 1.000000
-0.325885 0.931538 -0.161357 5.935000 -0.079148 -0.196957 -0.977212 13.670200 -0.942091 -0.305687 0.137915 -1.662600 0.000000 0.000000 0.000000 1.000000
-0.223542 0.958528 -0.176787 5.935000 -0.077736 -0.198332 -0.977047 13.670200 -0.971589 -0.204668 0.118848 -1.662600 0.000000 0.000000 0.000000 1.000000
-0.127533 0.972489 -0.194936 5.935000 -0.077152 -0.205672 -0.975575 13.670200 -0.988829 -0.109378 0.101260 -1.662600 0.000000 0.000000 0.000000 1.000000</float_array>
        <technique_common>
          <accessor source="#mixamorig_LeftShoulder-Matrix-animation-output-transform-array" count="24" stride="16">
            <param type="float4x4"/>
          </accessor>
        </technique_common>
      </source>
      <source id="mixamorig_LeftShoulder-Interpolations">
        <Name_array id="mixamorig_LeftShoulder-Interpolations-array" count="24">
 LINEAR LINEAR LINEAR LINEAR LINEAR LINEAR LINEAR LINEAR LINEAR LINEAR LINEAR
LINEAR LINEAR LINEAR LINEAR LINEAR LINEAR LINEAR LINEAR LINEAR LINEAR LINEAR LINEAR
LINEAR</Name_array>
        <technique_common>
          <accessor source="#mixamorig_LeftShoulder-Interpolations-array" count="24">
            <param type="name"/>
          </accessor>
        </technique_common>
      </source>
      <sampler id="mixamorig_LeftShoulder-Matrix-animation-transform">
        <input semantic="INPUT" source="#mixamorig_LeftShoulder-Matrix-animation-input"/>
        <input semantic="OUTPUT" source="#mixamorig_LeftShoulder-Matrix-animation-output-transform"/>
        <input semantic="INTERPOLATION" source="#mixamorig_LeftShoulder-Interpolations"/>
      </sampler>
