<?xml version="1.0" encoding="utf-8"?>
<COLLADA xmlns="http://www.collada.org/2005/11/COLLADASchema" version="1.4.1">
  <asset>
    <contributor>
      <author>Mixamo</author>
      <authoring_tool>COLLADA Mixamo exporter</authoring_tool>
      <comments/>
    </contributor>
    <created>2025-02-02T22:41:23Z</created>
    <modified>2025-02-02T22:41:23Z</modified>
    <revision/>
    <title/>
    <unit meter="0.010000"/>
    <up_axis>Y_UP</up_axis>
  </asset>
  <library_animations>
    <animation id="mixamorig_Hips-anim" name="mixamorig_Hips">
      <source id="mixamorig_Hips-Matrix-animation-input">
        <float_array id="mixamorig_Hips-Matrix-animation-input-array" count="34">

0.000000 0.033333 0.066667 0.100000 0.133333 0.166667 0.200000 0.233333 0.266667 0.300000 0.333333 0.366667 0.400000 0.433333 0.466667 0.500000
0.533333 0.566667 0.600000 0.633333 0.666667 0.700000 0.733333 0.766667 0.800000 0.833333 0.866667 0.900000 0.933333 0.966667 1.000000 1.033333
1.066667 1.100000</float_array>
        <technique_common>
          <accessor source="#mixamorig_Hips-Matrix-animation-input-array" count="34">
            <param name="TIME" type="float"/>
          </accessor>
        </technique_common>
      </source>
      <source id="mixamorig_Hips-Matrix-animation-output-transform">
        <float_array id="mixamorig_Hips-Matrix-animation-output-transform-array" count="544">

0.999681 0.025215 -0.001263 0.064591 -0.025184 0.999478 0.020215 91.699738 0.001772 -0.020176 0.999795 0.027471 0.000000 0.000000 0.000000 1.000000
0.999391 0.030948 0.016137 0.179821 -0.031232 0.999356 0.017692 92.346893 -0.015579 -0.018185 0.999713 -0.254649 0.000000 0.000000 0.000000 1.000000
0.998790 0.035958 0.033552 0.269419 -0.036469 0.999226 0.014753 92.605232 -0.032995 -0.015959 0.999328 -0.456436 0.000000 0.000000 0.000000 1.000000
0.997705 0.040562 0.054222 0.320507 -0.041262 0.999078 0.011858 92.496590 -0.053691 -0.014069 0.998459 -0.502508 0.000000 0.000000 0.000000 1.000000
0.995863 0.042180 0.080481 0.322707 -0.042951 0.999046 0.007875 92.005951 -0.080072 -0.011299 0.996725 -0.551231 0.000000 0.000000 0.000000 1.000000
0.993140 0.038274 0.110487 0.277952 -0.038999 0.999230 0.004407 91.274292 -0.110234 -0.008686 0.993868 -0.436841 0.000000 0.000000 0.000000 1.000000
0.989796 0.033589 0.138479 0.083282 -0.033853 0.999427 -0.000450 90.377014 -0.138414 -0.004242 0.990365 -0.312367 0.000000 0.000000 0.000000 1.000000
0.987506 0.030864 0.154528 -0.332120 -0.030810 0.999521 -0.002746 89.465836 -0.154539 -0.002050 0.987985 -0.014010 0.000000 0.000000 0.000000 1.000000
0.986612 0.030662 0.160175 -0.973387 -0.030781 0.999525 -0.001737 88.627792 -0.160152 -0.003217 0.987087 0.657442 0.000000 0.000000 0.000000 1.000000
0.985980 0.029985 0.164146 -1.710241 -0.030803 0.999523 0.002437 87.946800 -0.163995 -0.007459 0.986433 1.501676 0.000000 0.000000 0.000000 1.000000
0.985739 0.026478 0.166184 -2.390674 -0.028383 0.999556 0.009099 87.592575 -0.165869 -0.013686 0.986053 2.218333 0.000000 0.000000 0.000000 1.000000
0.986068 0.020829 0.165032 -2.934758 -0.023783 0.999590 0.015945 87.636833 -0.164633 -0.019648 0.986159 2.656848 0.000000 0.000000 0.000000 1.000000
0.986789 0.014495 0.161361 -3.394659 -0.018274 0.999592 0.021961 87.931862 -0.160977 -0.024620 0.986651 2.923101 0.000000 0.000000 0.000000 1.000000
0.988178 0.009406 0.153022 -3.776966 -0.013187 0.999632 0.023714 88.502960 -0.152743 -0.025452 0.987938 3.003054 0.000000 0.000000 0.000000 1.000000
0.990154 0.006288 0.139842 -4.094234 -0.009161 0.999760 0.019904 89.334930 -0.139683 -0.020989 0.989974 2.913135 0.000000 0.000000 0.000000 1.000000
0.992286 0.004543 0.123889 -4.364775 -0.006157 0.999901 0.012648 90.285774 -0.123820 -0.013313 0.992215 2.713414 0.000000 0.000000 0.000000 1.000000
0.994311 0.003883 0.106447 -4.575959 -0.004252 0.999986 0.003236 91.228584 -0.106433 -0.003670 0.994313 2.411626 0.000000 0.000000 0.000000 1.000000
0.996238 0.005006 0.086520 -4.685671 -0.004363 0.999961 -0.007621 91.991531 -0.086555 0.007215 0.996221 2.015027 0.000000 0.000000 0.000000 1.000000
0.997876 0.007040 0.064761 -4.724337 -0.005934 0.999834 -0.017244 92.430855 -0.064871 0.016823 0.997752 1.652871 0.000000 0.000000 0.000000 1.000000
0.998965 0.009730 0.044422 -4.676648 -0.008674 0.999677 -0.023895 92.480110 -0.044641 0.023485 0.998727 1.275704 0.000000 0.000000 0.000000 1.000000
0.999587 0.013213 0.025515 -4.539433 -0.012540 0.999574 -0.026367 92.177742 -0.025853 0.026036 0.999327 0.867263 0.000000 0.000000 0.000000 1.000000
0.999838 0.017124 0.005514 -4.320860 -0.016983 0.999552 -0.024646 91.570320 -0.005934 0.024548 0.999681 0.474138 0.000000 0.000000 0.000000 1.000000
0.999617 0.021794 -0.017032 -4.006231 -0.022138 0.999549 -0.020301 90.554192 0.016582 0.020670 0.999649 0.214642 0.000000 0.000000 0.000000 1.000000
0.998807 0.030719 -0.037972 -3.623001 -0.031394 0.999357 -0.017297 89.185112 0.037416 0.018468 0.999129 0.230608 0.000000 0.000000 0.000000 1.000000
0.997827 0.036070 -0.055146 -3.220340 -0.037050 0.999171 -0.016855 87.857658 0.054493 0.018861 0.998336 0.477882 0.000000 0.000000 0.000000 1.000000
0.996903 0.034335 -0.070749 -2.739271 -0.035694 0.999200 -0.018040 86.814873 0.070073 0.020510 0.997331 0.951158 0.000000 0.000000 0.000000 1.000000
0.996080 0.025967 -0.084560 -2.177550 -0.027485 0.999480 -0.016833 86.276054 0.084079 0.019092 0.996276 1.282706 0.000000 0.000000 0.000000 1.000000
0.995160 0.018635 -0.096480 -1.631280 -0.019870 0.999732 -0.011857 85.987717 0.096233 0.013717 0.995264 1.421227 0.000000 0.000000 0.000000 1.000000
0.994758 0.013620 -0.101341 -1.174767 -0.013565 0.999907 0.001232 86.146454 0.101349 0.000149 0.994851 1.337646 0.000000 0.000000 0.000000 1.000000
0.995555 0.011301 -0.093500 -0.769590 -0.009709 0.999800 0.017465 86.840157 0.093678 -0.016479 0.995466 1.192183 0.000000 0.000000 0.000000 1.000000
0.997471 0.011186 -0.070188 -0.434855 -0.009513 0.999664 0.024121 88.099823 0.070434 -0.023393 0.997242 0.946847 0.000000 0.000000 0.000000 1.000000
0.998732 0.016041 -0.047715 -0.216794 -0.014931 0.999612 0.023528 89.432373 0.048074 -0.022786 0.998584 0.584626 0.000000 0.000000 0.000000 1.000000
0.999434 0.021945 -0.025508 -0.073407 -0.021400 0.999541 0.021452 90.636063 0.025967 -0.020894 0.999444 0.278390 0.000000 0.000000 0.000000 1.000000
0.999681 0.025216 -0.001263 0.061965 -0.025185 0.999478 0.020215 91.699722 0.001772 -0.020176 0.999795 0.027475 0.000000 0.000000 0.000000 1.000000</float_array>
        <technique_common>
          <accessor source="#mixamorig_Hips-Matrix-animation-output-transform-array" count="34" stride="16">
            <param type="float4x4"/>
          </accessor>
        </technique_common>
      </source>
      <source id="mixamorig_Hips-Interpolations">
        <Name_array id="mixamorig_Hips-Interpolations-array" count="34">
 LINEAR LINEAR LINEAR LINEAR LINEAR LINEAR LINEAR LINEAR LINEAR LINEAR LINEAR
LINEAR LINEAR LINEAR LINEAR LINEAR LINEAR LINEAR LINEAR LINEAR LINEAR LINEAR LINEAR
LINEAR LINEAR LINEAR LINEAR LINEAR LINEAR LINEAR LINEAR LINEAR LINEAR LINEAR</Name_array>
        <technique_common>
          <accessor source="#mixamorig_Hips-Interpolations-array" count="34">
            <param type="name"/>
          </accessor>
        </technique_common>
      </source>
      <sampler id="mixamorig_Hips-Matrix-animation-transform">
        <input semantic="INPUT" source="#mixamorig_Hips-Matrix-animation-input"/>
        <input semantic="OUTPUT" source="#mixamorig_Hips-Matrix-animation-output-transform"/>
        <input semantic="INTERPOLATION" source="#mixamorig_Hips-Interpolations"/>
      </sampler>
      <channel source="#mixamorig_Hips-Matrix-animation-transform" target="mixamorig_Hips/matrix"/>
    </animation>
    <animation id="mixamorig_Spine-anim" name="mixamorig_Spine">
      <source id="mixamorig_Spine-Matrix-animation-input">
        <float_array id="mixamorig_Spine-Matrix-animation-input-array" count="34">

0.000000 0.033333 0.066667 0.100000 0.133333 0.166667 0.200000 0.233333 0.266667 0.300000 0.333333 0.366667 0.400000 0.433333 0.466667 0.500000
0.533333 0.566667 0.600000 0.633333 0.666667 0.700000 0.733333 0.766667 0.800000 0.833333 0.866667 0.900000 0.933333 0.966667 1.000000 1.033333
1.066667 1.100000</float_array>
        <technique_common>
          <accessor source="#mixamorig_Spine-Matrix-animation-input-array" count="34">
            <param name="TIME" type="float"/>
          </accessor>
        </technique_common>
      </source>
      <source id="mixamorig_Spine-Matrix-animation-output-transform">
        <float_array id="mixamorig_Spine-Matrix-animation-output-transform-array" count="544">

0.987672 0.024995 0.154526 0.017300 0.013994 0.969118 -0.246201 10.574800 -0.155908 0.245328 0.956821 -1.117200 0.000000 0.000000 0.000000 1.000000
0.989048 0.020045 0.146226 0.017300 0.015466 0.971205 -0.237744 10.574800 -0.146781 0.237402 0.960258 -1.117200 0.000000 0.000000 0.000000 1.000000
0.990302 0.016150 0.137988 0.017300 0.015696 0.973855 -0.226628 10.574800 -0.138040 0.226596 0.964157 -1.117200 0.000000 0.000000 0.000000 1.000000
0.991436 0.013829 0.129860 0.017300 0.014464 0.976632 -0.214430 10.574800 -0.129791 0.214472 0.968068 -1.117200 0.000000 0.000000 0.000000 1.000000
0.992515 0.014296 0.121281 0.017300 0.010801 0.978956 -0.203785 10.574800 -0.121642 0.203570 0.971474 -1.117200 0.000000 0.000000 0.000000 1.000000
0.993525 0.016946 0.112341 0.017300 0.005449 0.980568 -0.196104 10.574800 -0.113481 0.195446 0.974127 -1.117200 0.000000 0.000000 0.000000 1.000000
0.994247 0.020611 0.105107 0.017300 -0.000063 0.981424 -0.191849 10.574800 -0.107109 0.190739 0.975780 -1.117200 0.000000 0.000000 0.000000 1.000000
0.994454 0.023661 0.102478 0.017300 -0.003746 0.981715 -0.190319 10.574800 -0.105108 0.188879 0.976359 -1.117200 0.000000 0.000000 0.000000 1.000000
0.994278 0.024684 0.103930 0.017300 -0.004441 0.981647 -0.190656 10.574800 -0.106729 0.189103 0.976140 -1.117200 0.000000 0.000000 0.000000 1.000000
0.994071 0.022271 0.106423 0.017300 -0.001286 0.981137 -0.193307 10.574800 -0.108721 0.192025 0.975349 -1.117200 0.000000 0.000000 0.000000 1.000000
0.993753 0.017578 0.110207 0.017300 0.004713 0.980027 -0.198811 10.574800 -0.111500 0.198088 0.973822 -1.117200 0.000000 0.000000 0.000000 1.000000
0.993080 0.013362 0.116675 0.017300 0.011116 0.978350 -0.206659 10.574800 -0.116910 0.206526 0.971431 -1.117200 0.000000 0.000000 0.000000 1.000000
0.992064 0.010477 0.125294 0.017300 0.016905 0.976358 -0.215496 10.574800 -0.124590 0.215904 0.968433 -1.117200 0.000000 0.000000 0.000000 1.000000
0.990541 0.011918 0.136701 0.017300 0.019031 0.974662 -0.222874 10.574800 -0.135894 0.223367 0.965215 -1.117200 0.000000 0.000000 0.000000 1.000000
0.988387 0.018492 0.150826 0.017300 0.016573 0.973528 -0.227967 10.574800 -0.151049 0.227819 0.961916 -1.117200 0.000000 0.000000 0.000000 1.000000
0.985699 0.027971 0.166176 0.017300 0.011395 0.972807 -0.231335 10.574800 -0.168128 0.229920 0.958577 -1.117200 0.000000 0.000000 0.000000 1.000000
0.982674 0.039049 0.181182 0.017300 0.004184 0.972632 -0.232314 10.574800 -0.185295 0.229047 0.955617 -1.117200 0.000000 0.000000 0.000000 1.000000
0.979537 0.051070 0.194679 0.017300 -0.005091 0.973249 -0.229695 10.574800 -0.201202 0.224004 0.953593 -1.117200 0.000000 0.000000 0.000000 1.000000
0.976444 0.061276 0.206889 0.017300 -0.013103 0.973899 -0.226605 10.574800 -0.215374 0.218556 0.951760 -1.117200 0.000000 0.000000 0.000000 1.000000
0.973675 0.067671 0.217662 0.017300 -0.017490 0.974279 -0.224667 10.574800 -0.227267 0.214946 0.949815 -1.117200 0.000000 0.000000 0.000000 1.000000
0.971334 0.069846 0.227225 0.017300 -0.017625 0.974390 -0.224171 10.574800 -0.237063 0.213741 0.947690 -1.117200 0.000000 0.000000 0.000000 1.000000
0.969342 0.068385 0.236010 0.017300 -0.014062 0.974357 -0.224569 10.574800 -0.245315 0.214365 0.945446 -1.117200 0.000000 0.000000 0.000000 1.000000
0.967504 0.064517 0.244485 0.017300 -0.008381 0.974551 -0.224010 10.574800 -0.252715 0.214682 0.943423 -1.117200 0.000000 0.000000 0.000000 1.000000
0.965329 0.060229 0.253991 0.017300 -0.003127 0.975615 -0.219466 10.574800 -0.261016 0.211063 0.941978 -1.117200 0.000000 0.000000 0.000000 1.000000
0.963357 0.061568 0.261059 0.017300 -0.004574 0.976928 -0.213520 10.574800 -0.268182 0.204502 0.941412 -1.117200 0.000000 0.000000 0.000000 1.000000
0.961975 0.067885 0.264566 0.017300 -0.011318 0.977697 -0.209715 10.574800 -0.272902 0.198746 0.941289 -1.117200 0.000000 0.000000 0.000000 1.000000
0.961954 0.076193 0.262373 0.017300 -0.019009 0.976665 -0.213928 10.574800 -0.272550 0.200801 0.940954 -1.117200 0.000000 0.000000 0.000000 1.000000
0.963183 0.080178 0.256612 0.017300 -0.021422 0.974348 -0.224027 10.574800 -0.267992 0.210281 0.940193 -1.117200 0.000000 0.000000 0.000000 1.000000
0.966546 0.078240 0.244271 0.017300 -0.018256 0.970911 -0.238745 10.574800 -0.255845 0.226298 0.939858 -1.117200 0.000000 0.000000 0.000000 1.000000
0.971557 0.070249 0.226147 0.017300 -0.011336 0.967688 -0.251895 10.574800 -0.236535 0.242166 0.940960 -1.117200 0.000000 0.000000 0.000000 1.000000
0.976719 0.059305 0.206164 0.017300 -0.004039 0.965943 -0.258725 10.574800 -0.214486 0.251868 0.943694 -1.117200 0.000000 0.000000 0.000000 1.000000
0.981072 0.047694 0.187679 0.017300 0.002401 0.966124 -0.258066 10.574800 -0.193629 0.253632 0.947723 -1.117200 0.000000 0.000000 0.000000 1.000000
0.984702 0.035913 0.170508 0.017300 0.008436 0.967559 -0.252506 10.574800 -0.174045 0.250081 0.952454 -1.117200 0.000000 0.000000 0.000000 1.000000
0.987672 0.024994 0.154526 0.017300 0.013995 0.969118 -0.246201 10.574800 -0.155908 0.245328 0.956821 -1.117200 0.000000 0.000000 0.000000 1.000000</float_array>
        <technique_common>
          <accessor source="#mixamorig_Spine-Matrix-animation-output-transform-array" count="34" stride="16">
            <param type="float4x4"/>
          </accessor>
        </technique_common>
      </source>
      <source id="mixamorig_Spine-Interpolations">
        <Name_array id="mixamorig_Spine-Interpolations-array" count="34">
 LINEAR LINEAR LINEAR LINEAR LINEAR LINEAR LINEAR LINEAR LINEAR LINEAR LINEAR
LINEAR LINEAR LINEAR LINEAR LINEAR LINEAR LINEAR LINEAR LINEAR LINEAR LINEAR LINEAR
LINEAR LINEAR LINEAR LINEAR LINEAR LINEAR LINEAR LINEAR LINEAR LINEAR LINEAR</Name_array>
        <technique_common>
          <accessor source="#mixamorig_Spine-Interpolations-array" count="34">
            <param type="name"/>
          </accessor>
        </technique_common>
      </source>
      <sampler id="mixamorig_Spine-Matrix-animation-transform">
        <input semantic="INPUT" source="#mixamorig_Spine-Matrix-animation-input"/>
        <input semantic="OUTPUT" source="#mixamorig_Spine-Matrix-animation-output-transform"/>
        <input semantic="INTERPOLATION" source="#mixamorig_Spine-Interpolations"/>
      </sampler>
      <channel source="#mixamorig_Spine-Matrix-animation-transform" target="mixamorig_Spine/matrix"/>
    </animation>
    <animation id="mixamorig_Spine1-anim" name="mixamorig_Spine1">
      <source id="mixamorig_Spine1-Matrix-animation-input">
        <float_array id="mixamorig_Spine1-Matrix-animation-input-array" count="34">

0.000000 0.033333 0.066667 0.100000 0.133333 0.166667 0.200000 0.233333 0.266667 0.300000 0.333333 0.366667 0.400000 0.433333 0.466667 0.500000
0.533333 0.566667 0.600000 0.633333 0.666667 0.700000 0.733333 0.766667 0.800000 0.833333 0.866667 0.900000 0.933333 0.966667 1.000000 1.033333
1.066667 1.100000</float_array>
        <technique_common>
          <accessor source="#mixamorig_Spine1-Matrix-animation-input-array" count="34">
            <param name="TIME" type="float"/>
          </accessor>
        </technique_common>
      </source>
      <source id="mixamorig_Spine1-Matrix-animation-output-transform">
        <float_array id="mixamorig_Spine1-Matrix-animation-output-transform-array" count="544">

0.999066 -0.013644 0.041002 0.000000 0.014698 0.999566 -0.025527 12.406000 -0.040636 0.026106 0.998833 0.000000 0.000000 0.000000 0.000000 1.000000
0.999158 -0.014308 0.038457 0.000000 0.015297 0.999557 -0.025549 12.406000 -0.038074 0.026116 0.998934 0.000000 0.000000 0.000000 0.000000 1.000000
0.999241 -0.015237 0.035856 0.000000 0.016159 0.999543 -0.025566 12.406000 -0.035450 0.026126 0.999030 0.000000 0.000000 0.000000 0.000000 1.000000
0.999311 -0.016420 0.033282 -0.000000 0.017275 0.999524 -0.025579 12.406000 -0.032846 0.026137 0.999119 0.000000 0.000000 0.000000 0.000000 1.000000
0.999376 -0.017404 0.030726 0.000000 0.018193 0.999507 -0.025604 12.406000 -0.030265 0.026147 0.999200 -0.000000 0.000000 0.000000 0.000000 1.000000
0.999442 -0.017787 0.028257 0.000000 0.018515 0.999498 -0.025710 12.406000 -0.027786 0.026219 0.999270 0.000000 0.000000 0.000000 0.000000 1.000000
0.999499 -0.017402 0.026434 -0.000000 0.018089 0.999499 -0.025963 12.406000 -0.025969 0.026428 0.999313 0.000000 0.000000 0.000000 0.000000 1.000000
0.999529 -0.016281 0.026017 0.000000 0.016956 0.999520 -0.025929 12.406000 -0.025583 0.026358 0.999325 0.000000 0.000000 0.000000 0.000000 1.000000
0.999534 -0.014631 0.026797 -0.000000 0.015318 0.999554 -0.025617 12.406000 -0.026410 0.026016 0.999313 -0.000000 0.000000 0.000000 0.000000 1.000000
0.999531 -0.012711 0.027855 0.000000 0.013421 0.999586 -0.025466 12.406000 -0.027520 0.025828 0.999288 0.000000 0.000000 0.000000 0.000000 1.000000
0.999513 -0.011034 0.029182 0.000000 0.011790 0.999596 -0.025843 12.406000 -0.028885 0.026174 0.999240 -0.000000 0.000000 0.000000 0.000000 1.000000
0.999465 -0.010005 0.031152 0.000000 0.010840 0.999583 -0.026772 12.406000 -0.030871 0.027095 0.999156 0.000000 0.000000 0.000000 0.000000 1.000000
0.999389 -0.009422 0.033672 0.000000 0.010366 0.999555 -0.027954 12.406000 -0.033394 0.028286 0.999042 0.000000 0.000000 0.000000 0.000000 1.000000
0.999273 -0.009149 0.037008 0.000000 0.010219 0.999532 -0.028837 12.406000 -0.036727 0.029195 0.998899 0.000000 0.000000 0.000000 0.000000 1.000000
0.999110 -0.009085 0.041182 0.000000 0.010292 0.999521 -0.029193 12.406000 -0.040897 0.029591 0.998725 0.000000 0.000000 0.000000 0.000000 1.000000
0.998911 -0.009063 0.045761 0.000000 0.010406 0.999520 -0.029193 12.406000 -0.045475 0.029638 0.998526 0.000000 0.000000 0.000000 0.000000 1.000000
0.998693 -0.009069 0.050292 0.000000 0.010533 0.999526 -0.028926 12.406000 -0.050005 0.029417 0.998316 0.000000 0.000000 0.000000 0.000000 1.000000
0.998476 -0.009108 0.054434 0.000000 0.010663 0.999541 -0.028351 12.406000 -0.054151 0.028889 0.998115 0.000000 0.000000 0.000000 0.000000 1.000000
0.998264 -0.009194 0.058172 0.000000 0.010820 0.999558 -0.027700 12.406000 -0.057892 0.028281 0.997922 0.000000 0.000000 0.000000 0.000000 1.000000
0.998070 -0.009468 0.061380 0.000000 0.011145 0.999572 -0.027039 12.406000 -0.061098 0.027671 0.997748 -0.000000 0.000000 0.000000 0.000000 1.000000
0.997894 -0.010069 0.064084 0.000000 0.011781 0.999582 -0.026390 12.406000 -0.063792 0.027090 0.997595 0.000000 0.000000 0.000000 0.000000 1.000000
0.997732 -0.011013 0.066410 -0.000000 0.012747 0.999587 -0.025748 12.406000 -0.066099 0.026536 0.997460 0.000000 0.000000 0.000000 0.000000 1.000000
0.997576 -0.012211 0.068513 -0.000000 0.013949 0.999591 -0.024948 12.406000 -0.068180 0.025843 0.997338 -0.000000 0.000000 0.000000 0.000000 1.000000
0.997420 -0.013078 0.070580 0.000000 0.014776 0.999613 -0.023583 12.406000 -0.070245 0.024565 0.997227 0.000000 0.000000 0.000000 0.000000 1.000000
0.997280 -0.013183 0.072513 -0.000000 0.014782 0.999658 -0.021569 12.406000 -0.072204 0.022582 0.997134 -0.000000 0.000000 0.000000 0.000000 1.000000
0.997180 -0.012338 0.074020 0.000000 0.013800 0.999719 -0.019262 12.406000 -0.073762 0.020230 0.997071 0.000000 0.000000 0.000000 0.000000 1.000000
0.997173 -0.011055 0.074317 0.000000 0.012420 0.999762 -0.017924 12.406000 -0.074101 0.018796 0.997074 0.000000 0.000000 0.000000 0.000000 1.000000
0.997273 -0.009955 0.073132 0.000000 0.011295 0.999775 -0.017936 12.406000 -0.072937 0.018713 0.997161 0.000000 0.000000 0.000000 0.000000 1.000000
0.997525 -0.009524 0.069666 0.000000 0.010916 0.999748 -0.019629 12.406000 -0.069462 0.020341 0.997377 0.000000 0.000000 0.000000 0.000000 1.000000
0.997894 -0.009801 0.064116 0.000000 0.011234 0.999694 -0.022037 12.406000 -0.063880 0.022710 0.997699 0.000000 0.000000 0.000000 0.000000 1.000000
0.998273 -0.010436 0.057818 -0.000000 0.011835 0.999644 -0.023916 12.406000 -0.057548 0.024559 0.998041 -0.000000 0.000000 0.000000 0.000000 1.000000
0.998589 -0.011264 0.051886 0.000000 0.012567 0.999612 -0.024863 12.406000 -0.051586 0.025480 0.998343 0.000000 0.000000 0.000000 0.000000 1.000000
0.998852 -0.012333 0.046278 0.000000 0.013519 0.999586 -0.025409 12.406000 -0.045945 0.026006 0.998605 0.000000 0.000000 0.000000 0.000000 1.000000
0.999066 -0.013642 0.041003 0.000000 0.014698 0.999566 -0.025542 12.406000 -0.040636 0.026121 0.998833 0.000000 0.000000 0.000000 0.000000 1.000000</float_array>
        <technique_common>
          <accessor source="#mixamorig_Spine1-Matrix-animation-output-transform-array" count="34" stride="16">
            <param type="float4x4"/>
          </accessor>
        </technique_common>
      </source>
      <source id="mixamorig_Spine1-Interpolations">
        <Name_array id="mixamorig_Spine1-Interpolations-array" count="34">
 LINEAR LINEAR LINEAR LINEAR LINEAR LINEAR LINEAR LINEAR LINEAR LINEAR LINEAR
LINEAR LINEAR LINEAR LINEAR LINEAR LINEAR LINEAR LINEAR LINEAR LINEAR LINEAR LINEAR
LINEAR LINEAR LINEAR LINEAR LINEAR LINEAR LINEAR LINEAR LINEAR LINEAR LINEAR</Name_array>
        <technique_common>
          <accessor source="#mixamorig_Spine1-Interpolations-array" count="34">
            <param type="name"/>
          </accessor>
        </technique_common>
      </source>
      <sampler id="mixamorig_Spine1-Matrix-animation-transform">
        <input semantic="INPUT" source="#mixamorig_Spine1-Matrix-animation-input"/>
        <input semantic="OUTPUT" source="#mixamorig_Spine1-Matrix-animation-output-transform"/>
        <input semantic="INTERPOLATION" source="#mixamorig_Spine1-Interpolations"/>
      </sampler>
      <channel source="#mixamorig_Spine1-Matrix-animation-transform" target="mixamorig_Spine1/matrix"/>
    </animation>
    <animation id="mixamorig_Spine2-anim" name="mixamorig_Spine2">
      <source id="mixamorig_Spine2-Matrix-animation-input">
        <float_array id="mixamorig_Spine2-Matrix-animation-input-array" count="34">

0.000000 0.033333 0.066667 0.100000 0.133333 0.166667 0.200000 0.233333 0.266667 0.300000 0.333333 0.366667 0.400000 0.433333 0.466667 0.500000
0.533333 0.566667 0.600000 0.633333 0.666667 0.700000 0.733333 0.766667 0.800000 0.833333 0.866667 0.900000 0.933333 0.966667 1.000000 1.033333
1.066667 1.100000</float_array>
        <technique_common>
          <accessor source="#mixamorig_Spine2-Matrix-animation-input-array" count="34">
            <param name="TIME" type="float"/>
          </accessor>
        </technique_common>
      </source>
      <source id="mixamorig_Spine2-Matrix-animation-output-transform">
        <float_array id="mixamorig_Spine2-Matrix-animation-output-transform-array" count="544">

0.999077 -0.009607 0.041864 0.000000 0.015008 0.991311 -0.130676 14.178300 -0.040245 0.131184 0.990541 0.000000 0.000000 0.000000 0.000000 1.000000
0.999168 -0.010622 0.039368 0.000000 0.015687 0.991299 -0.130693 14.178300 -0.037637 0.131201 0.990641 0.000000 0.000000 0.000000 0.000000 1.000000
0.999250 -0.011920 0.036839 0.000000 0.016644 0.991282 -0.130703 14.178300 -0.034959 0.131218 0.990737 0.000000 0.000000 0.000000 0.000000 1.000000
0.999319 -0.013475 0.034361 0.000000 0.017860 0.991260 -0.130709 14.178300 -0.032299 0.131234 0.990825 -0.000000 0.000000 0.000000 0.000000 1.000000
0.999382 -0.014824 0.031885 -0.000000 0.018874 0.991239 -0.130728 14.178300 -0.029668 0.131249 0.990905 0.000000 0.000000 0.000000 0.000000 1.000000
0.999445 -0.015552 0.029449 0.000000 0.019279 0.991218 -0.130822 14.178300 -0.027156 0.131317 0.990968 -0.000000 0.000000 0.000000 0.000000 1.000000
0.999500 -0.015415 0.027599 -0.000000 0.018906 0.991196 -0.131046 14.178300 -0.025336 0.131502 0.990992 -0.000000 0.000000 0.000000 0.000000 1.000000
0.999530 -0.014350 0.027102 0.000000 0.017783 0.991224 -0.130992 14.178300 -0.024984 0.131412 0.991013 0.000000 0.000000 0.000000 0.000000 1.000000
0.999535 -0.012594 0.027770 -0.000000 0.016120 0.991296 -0.130665 14.178300 -0.025882 0.131052 0.991038 0.000000 0.000000 0.000000 0.000000 1.000000
0.999532 -0.010520 0.028715 -0.000000 0.014183 0.991347 -0.130495 14.178300 -0.027094 0.130841 0.991033 0.000000 0.000000 0.000000 0.000000 1.000000
0.999514 -0.008639 0.029956 -0.000000 0.012490 0.991323 -0.130851 14.178300 -0.028566 0.131162 0.990949 0.000000 0.000000 0.000000 0.000000 1.000000
0.999465 -0.007307 0.031883 0.000000 0.011450 0.991214 -0.131768 14.178300 -0.030640 0.132063 0.990768 0.000000 0.000000 0.000000 0.000000 1.000000
0.999389 -0.006343 0.034386 0.000000 0.010864 0.991064 -0.132943 14.178300 -0.033235 0.133235 0.990527 0.000000 0.000000 0.000000 0.000000 1.000000
0.999273 -0.005599 0.037704 0.000000 0.010601 0.990951 -0.133808 14.178300 -0.036613 0.134111 0.990290 0.000000 0.000000 0.000000 0.000000 1.000000
0.999112 -0.004964 0.041846 0.000000 0.010541 0.990907 -0.134133 14.178300 -0.040799 0.134455 0.990079 0.000000 0.000000 0.000000 0.000000 1.000000
0.998915 -0.004332 0.046375 0.000000 0.010523 0.990912 -0.134102 14.178300 -0.045373 0.134445 0.989882 0.000000 0.000000 0.000000 0.000000 1.000000
0.998699 -0.003747 0.050852 0.000000 0.010531 0.990952 -0.133801 14.178300 -0.049890 0.134163 0.989703 0.000000 0.000000 0.000000 0.000000 1.000000
0.998484 -0.003256 0.054942 0.000000 0.010561 0.991032 -0.133206 14.178300 -0.054016 0.133584 0.989564 0.000000 0.000000 0.000000 0.000000 1.000000
0.998275 -0.002856 0.058637 0.000000 0.010621 0.991120 -0.132545 14.178300 -0.057738 0.132940 0.989441 0.000000 0.000000 0.000000 0.000000 1.000000
0.998083 -0.002703 0.061831 -0.000000 0.010855 0.991204 -0.131895 14.178300 -0.060931 0.132313 0.989333 0.000000 0.000000 0.000000 0.000000 1.000000
0.997909 -0.002973 0.064563 -0.000000 0.011447 0.991280 -0.131276 14.178300 -0.063610 0.131741 0.989241 0.000000 0.000000 0.000000 0.000000 1.000000
0.997749 -0.003647 0.066957 0.000000 0.012393 0.991347 -0.130682 14.178300 -0.065901 0.131218 0.989161 -0.000000 0.000000 0.000000 0.000000 1.000000
0.997595 -0.004615 0.069157 -0.000000 0.013595 0.991428 -0.129942 14.178300 -0.067965 0.130570 0.989107 0.000000 0.000000 0.000000 0.000000 1.000000
0.997441 -0.005288 0.071302 0.000000 0.014451 0.991589 -0.128615 14.178300 -0.070023 0.129316 0.989128 0.000000 0.000000 0.000000 0.000000 1.000000
0.997299 -0.005247 0.073264 0.000000 0.014518 0.991849 -0.126590 14.178300 -0.072003 0.127312 0.989246 0.000000 0.000000 0.000000 0.000000 1.000000
0.997194 -0.004317 0.074742 0.000000 0.013605 0.992162 -0.124214 14.178300 -0.073620 0.124882 0.989436 0.000000 0.000000 0.000000 0.000000 1.000000
0.997182 -0.003042 0.074955 0.000000 0.012256 0.992358 -0.122780 14.178300 -0.074008 0.123353 0.989599 0.000000 0.000000 0.000000 0.000000 1.000000
0.997275 -0.002060 0.073746 0.000000 0.011124 0.992380 -0.122715 14.178300 -0.072931 0.123201 0.989698 -0.000000 0.000000 0.000000 0.000000 1.000000
0.997526 -0.001960 0.070269 0.000000 0.010712 0.992176 -0.124388 14.178300 -0.069475 0.124833 0.989742 0.000000 0.000000 0.000000 0.000000 1.000000
0.997899 -0.002823 0.064731 -0.000000 0.011034 0.991862 -0.126841 14.178300 -0.063846 0.127289 0.989809 0.000000 0.000000 0.000000 0.000000 1.000000
0.998280 -0.004191 0.058469 0.000000 0.011707 0.991601 -0.128800 14.178300 -0.057438 0.129263 0.989945 0.000000 0.000000 0.000000 0.000000 1.000000
0.998600 -0.005769 0.052587 0.000000 0.012564 0.991458 -0.129823 14.178300 -0.051389 0.130302 0.990142 -0.000000 0.000000 0.000000 0.000000 1.000000
0.998864 -0.007583 0.047047 0.000000 0.013667 0.991370 -0.130377 14.178300 -0.045652 0.130872 0.990348 -0.000000 0.000000 0.000000 0.000000 1.000000
0.999077 -0.009606 0.041864 0.000000 0.015008 0.991310 -0.130688 14.178300 -0.040245 0.131196 0.990539 0.000000 0.000000 0.000000 0.000000 1.000000</float_array>
        <technique_common>
          <accessor source="#mixamorig_Spine2-Matrix-animation-output-transform-array" count="34" stride="16">
            <param type="float4x4"/>
          </accessor>
        </technique_common>
      </source>
      <source id="mixamorig_Spine2-Interpolations">
        <Name_array id="mixamorig_Spine2-Interpolations-array" count="34">
 LINEAR LINEAR LINEAR LINEAR LINEAR LINEAR LINEAR LINEAR LINEAR LINEAR LINEAR
LINEAR LINEAR LINEAR LINEAR LINEAR LINEAR LINEAR LINEAR LINEAR LINEAR LINEAR LINEAR
LINEAR LINEAR LINEAR LINEAR LINEAR LINEAR LINEAR LINEAR LINEAR LINEAR LINEAR</Name_array>
        <technique_common>
          <accessor source="#mixamorig_Spine2-Interpolations-array" count="34">
            <param type="name"/>
          </accessor>
        </technique_common>
      </source>
      <sampler id="mixamorig_Spine2-Matrix-animation-transform">
        <input semantic="INPUT" source="#mixamorig_Spine2-Matrix-animation-input"/>
        <input semantic="OUTPUT" source="#mixamorig_Spine2-Matrix-animation-output-transform"/>
        <input semantic="INTERPOLATION" source="#mixamorig_Spine2-Interpolations"/>
      </sampler>
      <channel source="#mixamorig_Spine2-Matrix-animation-transform" target="mixamorig_Spine2/matrix"/>
    </animation>
    <animation id="mixamorig_Neck-anim" name="mixamorig_Neck">
      <source id="mixamorig_Neck-Matrix-animation-input">
        <float_array id="mixamorig_Neck-Matrix-animation-input-array" count="34">

0.000000 0.033333 0.066667 0.100000 0.133333 0.166667 0.200000 0.233333 0.266667 0.300000 0.333333 0.366667 0.400000 0.433333 0.466667 0.500000
0.533333 0.566667 0.600000 0.633333 0.666667 0.700000 0.733333 0.766667 0.800000 0.833333 0.866667 0.900000 0.933333 0.966667 1.000000 1.033333
1.066667 1.100000</float_array>
        <technique_common>
          <accessor source="#mixamorig_Neck-Matrix-animation-input-array" count="34">
            <param name="TIME" type="float"/>
          </accessor>
        </technique_common>
      </source>
      <source id="mixamorig_Neck-Matrix-animation-output-transform">
        <float_array id="mixamorig_Neck-Matrix-animation-output-transform-array" count="544">

0.997691 -0.065360 -0.018444 0.024400 0.061866 0.986723 -0.150170 15.862300 0.028014 0.148683 0.988488 -1.675800 0.000000 0.000000 0.000000 1.000000
0.997636 -0.066294 -0.018122 0.024400 0.062758 0.986236 -0.152972 15.862300 0.028014 0.151473 0.988064 -1.675800 0.000000 0.000000 0.000000 1.000000
0.997530 -0.067887 -0.018061 0.024400 0.064236 0.985561 -0.156665 15.862300 0.028436 0.155117 0.987487 -1.675800 0.000000 0.000000 0.000000 1.000000
0.997383 -0.069815 -0.018784 0.024400 0.065916 0.984842 -0.160443 15.862300 0.029700 0.158785 0.986866 -1.675800 0.000000 0.000000 0.000000 1.000000
0.997185 -0.072084 -0.020642 0.024400 0.067793 0.984370 -0.162544 15.862300 0.032036 0.160688 0.986485 -1.675800 0.000000 0.000000 0.000000 1.000000
0.996955 -0.074471 -0.023114 0.024400 0.069757 0.984256 -0.162402 15.862300 0.034844 0.160295 0.986454 -1.675800 0.000000 0.000000 0.000000 1.000000
0.996752 -0.076362 -0.025571 0.024400 0.071304 0.984465 -0.160451 15.862300 0.037426 0.158106 0.986713 -1.675800 0.000000 0.000000 0.000000 1.000000
0.996651 -0.077021 -0.027472 0.024400 0.071723 0.984713 -0.158735 15.862300 0.039278 0.156233 0.986939 -1.675800 0.000000 0.000000 0.000000 1.000000
0.996663 -0.076403 -0.028723 0.024400 0.070920 0.984784 -0.158655 15.862300 0.040407 0.156088 0.986916 -1.675800 0.000000 0.000000 0.000000 1.000000
0.996754 -0.074892 -0.029533 0.024400 0.069257 0.984735 -0.159691 15.862300 0.041042 0.157127 0.986725 -1.675800 0.000000 0.000000 0.000000 1.000000
0.996808 -0.073778 -0.030513 0.024400 0.067984 0.984753 -0.160121 15.862300 0.041861 0.157536 0.986626 -1.675800 0.000000 0.000000 0.000000 1.000000
0.996713 -0.074342 -0.032195 0.024400 0.068339 0.984959 -0.158700 15.862300 0.043509 0.155978 0.986802 -1.675800 0.000000 0.000000 0.000000 1.000000
0.996510 -0.076076 -0.034359 0.024400 0.069837 0.985273 -0.156077 15.862300 0.045727 0.153133 0.987147 -1.675800 0.000000 0.000000 0.000000 1.000000
0.996276 -0.078027 -0.036683 0.024400 0.071561 0.985634 -0.152983 15.862300 0.048093 0.149788 0.987548 -1.675800 0.000000 0.000000 0.000000 1.000000
0.996055 -0.079706 -0.039016 0.024400 0.073033 0.986010 -0.149834 15.862300 0.050413 0.146394 0.987941 -1.675800 0.000000 0.000000 0.000000 1.000000
0.995847 -0.081156 -0.041254 0.024400 0.074313 0.986400 -0.146606 15.862300 0.052591 0.142931 0.988334 -1.675800 0.000000 0.000000 0.000000 1.000000
0.995663 -0.082420 -0.043154 0.024400 0.075491 0.986838 -0.143008 15.862300 0.054372 0.139130 0.988780 -1.675800 0.000000 0.000000 0.000000 1.000000
0.995523 -0.083475 -0.044335 0.024400 0.076617 0.987373 -0.138656 15.862300 0.055349 0.134638 0.989348 -1.675800 0.000000 0.000000 0.000000 1.000000
0.995435 -0.084216 -0.044918 0.024400 0.077536 0.987944 -0.133997 15.862300 0.055661 0.129902 0.989963 -1.675800 0.000000 0.000000 0.000000 1.000000
0.995439 -0.084164 -0.044913 0.024400 0.077743 0.988542 -0.129385 15.862300 0.055288 0.125303 0.990577 -1.675800 0.000000 0.000000 0.000000 1.000000
0.995556 -0.083070 -0.044358 0.024400 0.076970 0.989173 -0.124947 15.862300 0.054257 0.120978 0.991171 -1.675800 0.000000 0.000000 0.000000 1.000000
0.995768 -0.081065 -0.043306 0.024400 0.075330 0.989822 -0.120736 15.862300 0.052653 0.116963 0.991740 -1.675800 0.000000 0.000000 0.000000 1.000000
0.996026 -0.078634 -0.041817 0.024400 0.073266 0.990395 -0.117260 15.862300 0.050636 0.113730 0.992220 -1.675800 0.000000 0.000000 0.000000 1.000000
0.996205 -0.077063 -0.040454 0.024400 0.071962 0.990734 -0.115181 15.862300 0.048955 0.111833 0.992520 -1.675800 0.000000 0.000000 0.000000 1.000000
0.996295 -0.076443 -0.039398 0.024400 0.071507 0.990869 -0.114303 15.862300 0.047776 0.111063 0.992664 -1.675800 0.000000 0.000000 0.000000 1.000000
0.996367 -0.076041 -0.038350 0.024400 0.071237 0.990922 -0.114012 15.862300 0.046671 0.110865 0.992739 -1.675800 0.000000 0.000000 0.000000 1.000000
0.996565 -0.074411 -0.036347 0.024400 0.069860 0.991074 -0.113539 15.862300 0.044471 0.110610 0.992869 -1.675800 0.000000 0.000000 0.000000 1.000000
0.996864 -0.071812 -0.033245 0.024400 0.067618 0.991227 -0.113562 15.862300 0.041108 0.110958 0.992975 -1.675800 0.000000 0.000000 0.000000 1.000000
0.997183 -0.069170 -0.029017 0.024400 0.065367 0.991080 -0.116137 15.862300 0.036792 0.113913 0.992809 -1.675800 0.000000 0.000000 0.000000 1.000000
0.997373 -0.068058 -0.024792 0.024400 0.064528 0.990341 -0.122727 15.862300 0.032905 0.120805 0.992131 -1.675800 0.000000 0.000000 0.000000 1.000000
0.997411 -0.068542 -0.021764 0.024400 0.065110 0.989192 -0.131373 15.862300 0.030534 0.129616 0.991094 -1.675800 0.000000 0.000000 0.000000 1.000000
0.997398 -0.069181 -0.020275 0.024400 0.065715 0.988126 -0.138881 15.862300 0.029642 0.137187 0.990102 -1.675800 0.000000 0.000000 0.000000 1.000000
0.997466 -0.068417 -0.019517 0.024400 0.064898 0.987377 -0.144480 15.862300 0.029156 0.142847 0.989315 -1.675800 0.000000 0.000000 0.000000 1.000000
0.997691 -0.065360 -0.018444 0.024400 0.061866 0.986723 -0.150170 15.862300 0.028014 0.148682 0.988488 -1.675800 0.000000 0.000000 0.000000 1.000000</float_array>
        <technique_common>
          <accessor source="#mixamorig_Neck-Matrix-animation-output-transform-array" count="34" stride="16">
            <param type="float4x4"/>
          </accessor>
        </technique_common>
      </source>
      <source id="mixamorig_Neck-Interpolations">
        <Name_array id="mixamorig_Neck-Interpolations-array" count="34">
 LINEAR LINEAR LINEAR LINEAR LINEAR LINEAR LINEAR LINEAR LINEAR LINEAR LINEAR
LINEAR LINEAR LINEAR LINEAR LINEAR LINEAR LINEAR LINEAR LINEAR LINEAR LINEAR LINEAR
LINEAR LINEAR LINEAR LINEAR LINEAR LINEAR LINEAR LINEAR LINEAR LINEAR LINEAR</Name_array>
        <technique_common>
          <accessor source="#mixamorig_Neck-Interpolations-array" count="34">
            <param type="name"/>
          </accessor>
        </technique_common>
      </source>
      <sampler id="mixamorig_Neck-Matrix-animation-transform">
        <input semantic="INPUT" source="#mixamorig_Neck-Matrix-animation-input"/>
        <input semantic="OUTPUT" source="#mixamorig_Neck-Matrix-animation-output-transform"/>
        <input semantic="INTERPOLATION" source="#mixamorig_Neck-Interpolations"/>
      </sampler>
      <channel source="#mixamorig_Neck-Matrix-animation-transform" target="mixamorig_Neck/matrix"/>
    </animation>
    <animation id="mixamorig_Head-anim" name="mixamorig_Head">
      <source id="mixamorig_Head-Matrix-animation-input">
        <float_array id="mixamorig_Head-Matrix-animation-input-array" count="34">

0.000000 0.033333 0.066667 0.100000 0.133333 0.166667 0.200000 0.233333 0.266667 0.300000 0.333333 0.366667 0.400000 0.433333 0.466667 0.500000
0.533333 0.566667 0.600000 0.633333 0.666667 0.700000 0.733333 0.766667 0.800000 0.833333 0.866667 0.900000 0.933333 0.966667 1.000000 1.033333
1.066667 1.100000</float_array>
        <technique_common>
          <accessor source="#mixamorig_Head-Matrix-animation-input-array" count="34">
            <param name="TIME" type="float"/>
          </accessor>
        </technique_common>
      </source>
      <source id="mixamorig_Head-Matrix-animation-output-transform">
        <float_array id="mixamorig_Head-Matrix-animation-output-transform-array" count="544">

0.979181 0.053730 -0.195749 0.000000 0.007192 0.954544 0.297982 5.564000 0.202862 -0.293186 0.934285 0.988100 0.000000 0.000000 0.000000 1.000000
0.978762 0.056058 -0.197185 -0.000000 0.006495 0.952922 0.303147 5.564000 0.204896 -0.297989 0.932320 0.988100 0.000000 0.000000 0.000000 1.000000
0.978190 0.058698 -0.199246 0.000000 0.005652 0.951363 0.308019 5.564000 0.207635 -0.302428 0.930282 0.988100 0.000000 0.000000 0.000000 1.000000
0.977180 0.060620 -0.203579 0.000000 0.006035 0.950102 0.311880 5.564000 0.212327 -0.305992 0.928055 0.988100 0.000000 0.000000 0.000000 1.000000
0.975515 0.060603 -0.211420 0.000000 0.008910 0.949608 0.313315 5.564000 0.219754 -0.307527 0.925816 0.988100 0.000000 0.000000 0.000000 1.000000
0.973494 0.059130 -0.220938 0.000000 0.013296 0.949738 0.312763 5.564000 0.228327 -0.307410 0.923778 0.988100 0.000000 0.000000 0.000000 1.000000
0.971583 0.057329 -0.229653 -0.000000 0.017501 0.950172 0.311233 5.564000 0.236053 -0.306408 0.922168 0.988100 0.000000 0.000000 0.000000 1.000000
0.970240 0.056211 -0.235532 -0.000000 0.019984 0.950778 0.309228 5.564000 0.241321 -0.304732 0.921359 0.988100 0.000000 0.000000 0.000000 1.000000
0.969517 0.055935 -0.238555 -0.000000 0.020563 0.951587 0.306690 5.564000 0.244161 -0.302246 0.921430 0.988100 0.000000 0.000000 0.000000 1.000000
0.969201 0.056502 -0.239700 -0.000000 0.019663 0.952463 0.304018 5.564000 0.245483 -0.299368 0.922018 0.988100 0.000000 0.000000 0.000000 1.000000
0.968932 0.057846 -0.240467 0.000000 0.018222 0.952925 0.302657 5.564000 0.246655 -0.297636 0.922266 0.988100 0.000000 0.000000 0.000000 1.000000
0.968393 0.059305 -0.242275 0.000000 0.017504 0.952771 0.303185 5.564000 0.248813 -0.297843 0.921619 0.988100 0.000000 0.000000 0.000000 1.000000
0.967646 0.060585 -0.244929 0.000000 0.017499 0.952291 0.304690 5.564000 0.251703 -0.299118 0.920421 0.988100 0.000000 0.000000 0.000000 1.000000
0.966807 0.061418 -0.248017 0.000000 0.017953 0.951952 0.305719 5.564000 0.254877 -0.300024 0.919251 0.988100 0.000000 0.000000 0.000000 1.000000
0.965920 0.061750 -0.251367 0.000000 0.018681 0.951964 0.305639 5.564000 0.258165 -0.299918 0.918368 0.988100 0.000000 0.000000 0.000000 1.000000
