<?xml version="1.0" encoding="utf-8"?>
<COLLADA xmlns="http://www.collada.org/2005/11/COLLADASchema" version="1.4.1">
  <asset>
    <contributor>
      <author>Mixamo</author>
      <authoring_tool>COLLADA Mixamo exporter</authoring_tool>
      <comments/>
    </contributor>
    <created>2025-01-12T17:10:07Z</created>
    <modified>2025-01-12T17:10:07Z</modified>
    <revision/>
    <title/>
    <unit meter="0.010000"/>
    <up_axis>Y_UP</up_axis>
  </asset>
  <library_animations>
    <animation id="mixamorig_Hips-anim" name="mixamorig_Hips">
      <source id="mixamorig_Hips-Matrix-animation-input">
        <float_array id="mixamorig_Hips-Matrix-animation-input-array" count="24">

0.000000 0.033333 0.066667 0.100000 0.133333 0.166667 0.200000 0.233333 0.266667 0.300000 0.333333 0.366667 0.400000 0.433333 0.466667 0.500000
0.533333 0.566667 0.600000 0.633333 0.666667 0.700000 0.733333 0.766667</float_array>
        <technique_common>
          <accessor source="#mixamorig_Hips-Matrix-animation-input-array" count="24">
            <param name="TIME" type="float"/>
          </accessor>
        </technique_common>
      </source>
      <source id="mixamorig_Hips-Matrix-animation-output-transform">
        <float_array id="mixamorig_Hips-Matrix-animation-output-transform-array" count="384">

0.994396 0.080052 0.069048 -0.645511 -0.008349 0.710572 -0.703575 75.002441 -0.105386 0.699056 0.707259 1.215426 0.000000 0.000000 0.000000 1.000000
0.992337 -0.036398 0.118079 -1.801337 0.104482 0.757334 -0.644615 81.116035 -0.065962 0.652012 0.755334 1.229410 0.000000 0.000000 0.000000 1.000000
0.978358 -0.139960 0.152401 -3.012986 0.204016 0.775402 -0.597603 88.576805 -0.034531 0.615762 0.787175 0.783590 0.000000 0.000000 0.000000 1.000000
0.967654 -0.206905 0.144346 -3.948469 0.252275 0.789785 -0.559104 96.619362 0.001679 0.577434 0.816436 0.132759 0.000000 0.000000 0.000000 1.000000
0.970583 -0.226316 0.082161 -4.260668 0.235627 0.822702 -0.517341 103.999771 0.049488 0.521482 0.851826 -0.663114 0.000000 0.000000 0.000000 1.000000
0.978451 -0.205672 -0.018229 -3.781619 0.174326 0.870178 -0.460869 109.331734 0.110650 0.447760 0.887281 -1.821996 0.000000 0.000000 0.000000 1.000000
0.978438 -0.167985 -0.120165 -2.604754 0.105971 0.907691 -0.406038 111.882210 0.177281 0.384549 0.905921 -3.341218 0.000000 0.000000 0.000000 1.000000
0.970997 -0.137474 -0.195617 -1.109577 0.051530 0.919266 -0.390249 112.194199 0.233474 0.368851 0.899688 -4.872027 0.000000 0.000000 0.000000 1.000000
0.960374 -0.129108 -0.247009 0.374045 0.012412 0.905172 -0.424863 111.027885 0.278439 0.404962 0.870906 -5.827311 0.000000 0.000000 0.000000 1.000000
0.947316 -0.125456 -0.294707 1.628019 -0.030682 0.880324 -0.473379 108.704361 0.318826 0.457482 0.830096 -5.702018 0.000000 0.000000 0.000000 1.000000
0.933317 -0.088168 -0.348059 2.531980 -0.098171 0.869783 -0.483570 105.027390 0.345371 0.485494 0.803128 -4.478300 0.000000 0.000000 0.000000 1.000000
0.920350 -0.004371 -0.391071 3.094304 -0.180047 0.882939 -0.433592 100.085663 0.347187 0.469467 0.811826 -2.570993 0.000000 0.000000 0.000000 1.000000
0.920054 0.083829 -0.382718 3.259756 -0.230523 0.905686 -0.355799 94.675247 0.316796 0.415579 0.852604 -1.322364 0.000000 0.000000 0.000000 1.000000
0.945597 0.108817 -0.306602 2.723010 -0.204914 0.931190 -0.301489 90.028564 0.252698 0.347914 0.902829 -1.299527 0.000000 0.000000 0.000000 1.000000
0.975511 0.072945 -0.207501 1.594814 -0.129378 0.953235 -0.273137 85.659912 0.177873 0.293294 0.939329 -1.352369 0.000000 0.000000 0.000000 1.000000
0.993671 0.018938 -0.110723 0.229552 -0.046944 0.965495 -0.256155 82.512314 0.102052 0.259731 0.960273 -0.970584 0.000000 0.000000 0.000000 1.000000
0.999477 -0.001257 -0.032312 -0.982664 -0.007031 0.966891 -0.255092 80.687408 0.031563 0.255185 0.966377 0.367538 0.000000 0.000000 0.000000 1.000000
0.999236 0.025645 0.029496 -1.911279 -0.016105 0.957759 -0.287121 79.689629 -0.035613 0.286427 0.957440 2.572245 0.000000 0.000000 0.000000 1.000000
0.994419 0.072399 0.076743 -2.469031 -0.040856 0.934894 -0.352568 78.743263 -0.097272 0.347465 0.932634 4.633805 0.000000 0.000000 0.000000 1.000000
0.989302 0.107226 0.098916 -2.546407 -0.054669 0.901137 -0.430074 77.417183 -0.135252 0.420065 0.897359 5.530581 0.000000 0.000000 0.000000 1.000000
0.989481 0.114763 0.088069 -2.241260 -0.055606 0.863762 -0.500823 76.004822 -0.133546 0.490658 0.861058 4.834811 0.000000 0.000000 0.000000 1.000000
0.992969 0.101907 0.060230 -1.776517 -0.050190 0.823248 -0.565459 75.126419 -0.107209 0.558460 0.822574 3.454973 0.000000 0.000000 0.000000 1.000000
0.995248 0.085641 0.046346 -1.228477 -0.037153 0.773902 -0.632214 74.917870 -0.090011 0.627488 0.773406 2.204105 0.000000 0.000000 0.000000 1.000000
0.994396 0.080052 0.069048 -0.645513 -0.008349 0.710572 -0.703575 75.002426 -0.105386 0.699056 0.707259 1.215428 0.000000 0.000000 0.000000 1.000000</float_array>
        <technique_common>
          <accessor source="#mixamorig_Hips-Matrix-animation-output-transform-array" count="24" stride="16">
            <param type="float4x4"/>
          </accessor>
        </technique_common>
      </source>
      <source id="mixamorig_Hips-Interpolations">
        <Name_array id="mixamorig_Hips-Interpolations-array" count="24">
 LINEAR LINEAR LINEAR LINEAR LINEAR LINEAR LINEAR LINEAR LINEAR LINEAR LINEAR
LINEAR LINEAR LINEAR LINEAR LINEAR LINEAR LINEAR LINEAR LINEAR LINEAR LINEAR LINEAR
LINEAR</Name_array>
        <technique_common>
          <accessor source="#mixamorig_Hips-Interpolations-array" count="24">
            <param type="name"/>
          </accessor>
        </technique_common>
      </source>
      <sampler id="mixamorig_Hips-Matrix-animation-transform">
        <input semantic="INPUT" source="#mixamorig_Hips-Matrix-animation-input"/>
        <input semantic="OUTPUT" source="#mixamorig_Hips-Matrix-animation-output-transform"/>
        <input semantic="INTERPOLATION" source="#mixamorig_Hips-Interpolations"/>
      </sampler>
      <channel source="#mixamorig_Hips-Matrix-animation-transform" target="mixamorig_Hips/matrix"/>
    </animation>
    <animation id="mixamorig_Spine-anim" name="mixamorig_Spine">
      <source id="mixamorig_Spine-Matrix-animation-input">
        <float_array id="mixamorig_Spine-Matrix-animation-input-array" count="24">

0.000000 0.033333 0.066667 0.100000 0.133333 0.166667 0.200000 0.233333 0.266667 0.300000 0.333333 0.366667 0.400000 0.433333 0.466667 0.500000
0.533333 0.566667 0.600000 0.633333 0.666667 0.700000 0.733333 0.766667</float_array>
        <technique_common>
          <accessor source="#mixamorig_Spine-Matrix-animation-input-array" count="24">
            <param name="TIME" type="float"/>
          </accessor>
        </technique_common>
      </source>
      <source id="mixamorig_Spine-Matrix-animation-output-transform">
        <float_array id="mixamorig_Spine-Matrix-animation-output-transform-array" count="384">

0.999848 -0.017420 0.000415 0.000000 0.016884 0.962601 -0.270397 10.969700 0.004311 0.270363 0.962749 -0.921700 0.000000 0.000000 0.000000 1.000000
0.987423 0.127077 0.094055 -0.000000 -0.111401 0.981389 -0.156416 10.969700 -0.112181 0.143971 0.983203 -0.921700 0.000000 0.000000 0.000000 1.000000
0.959761 0.239485 0.146648 0.000000 -0.231000 0.970238 -0.072640 10.969700 -0.159679 0.035841 0.986518 -0.921700 0.000000 0.000000 0.000000 1.000000
0.943750 0.293114 0.153038 0.000000 -0.293029 0.955811 -0.023627 10.969700 -0.153201 -0.022546 0.987938 -0.921700 0.000000 0.000000 0.000000 1.000000
0.950187 0.283735 0.128990 -0.000000 -0.283588 0.958740 -0.019896 10.969700 -0.129313 -0.017675 0.991446 -0.921700 0.000000 0.000000 0.000000 1.000000
0.966570 0.235506 0.101390 0.000000 -0.229733 0.971051 -0.065442 10.969700 -0.113867 0.039962 0.992692 -0.921700 0.000000 0.000000 0.000000 1.000000
0.979230 0.182562 0.088207 0.000000 -0.169825 0.976173 -0.135073 10.969700 -0.110765 0.117288 0.986902 -0.921700 0.000000 0.000000 0.000000 1.000000
0.985637 0.142329 0.090896 -0.000000 -0.123152 0.974063 -0.189830 10.969700 -0.115556 0.175909 0.977600 -0.921700 0.000000 0.000000 0.000000 1.000000
0.987571 0.114669 0.107490 -0.000000 -0.090180 0.973530 -0.210018 10.969700 -0.128727 0.197714 0.971771 -0.921700 0.000000 0.000000 0.000000 1.000000
0.986356 0.079474 0.144175 0.000000 -0.049106 0.977924 -0.203107 10.969700 -0.157134 0.193255 0.968484 -0.921700 0.000000 0.000000 0.000000 1.000000
0.979034 0.013786 0.203229 0.000000 0.024584 0.982417 -0.185076 10.969700 -0.202207 0.186192 0.961480 -0.921700 0.000000 0.000000 0.000000 1.000000
0.960857 -0.077346 0.266030 0.000000 0.124079 0.978691 -0.163608 10.969700 -0.247707 0.190212 0.949979 -0.921700 0.000000 0.000000 0.000000 1.000000
0.945622 -0.153274 0.286891 0.000000 0.202961 0.967286 -0.152199 10.969700 -0.254178 0.202150 0.945795 -0.921700 0.000000 0.000000 0.000000 1.000000
0.956905 -0.163533 0.239977 0.000000 0.207686 0.962968 -0.171928 10.969700 -0.202975 0.214359 0.955433 -0.921700 0.000000 0.000000 0.000000 1.000000
0.979701 -0.116119 0.163407 0.000000 0.149668 0.965983 -0.210896 10.969700 -0.133359 0.231072 0.963754 -0.921700 0.000000 0.000000 0.000000 1.000000
0.995957 -0.049463 0.074985 -0.000000 0.066164 0.968534 -0.239925 10.969700 -0.060758 0.243917 0.967891 -0.921700 0.000000 0.000000 0.000000 1.000000
0.999919 -0.007441 -0.010325 0.000000 0.004805 0.971950 -0.235137 10.969700 0.011785 0.235069 0.971907 -0.921700 0.000000 0.000000 0.000000 1.000000
0.996230 -0.006483 -0.086506 0.000000 -0.010555 0.980735 -0.195055 10.969700 0.086104 0.195233 0.976970 -0.921700 0.000000 0.000000 0.000000 1.000000
0.989203 -0.031485 -0.143130 0.000000 0.010163 0.989036 -0.147326 10.969700 0.146199 0.144281 0.978677 -0.921700 0.000000 0.000000 0.000000 1.000000
0.985349 -0.056831 -0.160803 -0.000000 0.035972 0.990891 -0.129776 10.969700 0.166714 0.122090 0.978417 -0.921700 0.000000 0.000000 0.000000 1.000000
0.989438 -0.061722 -0.131158 0.000000 0.040849 0.986872 -0.156255 10.969700 0.139081 0.149247 0.978970 -0.921700 0.000000 0.000000 0.000000 1.000000
0.996210 -0.045646 -0.074046 0.000000 0.029290 0.977569 -0.208570 10.969700 0.081905 0.205611 0.975200 -0.921700 0.000000 0.000000 0.000000 1.000000
0.999418 -0.025109 -0.023105 -0.000000 0.018406 0.966871 -0.254599 10.969700 0.028732 0.254026 0.966771 -0.921700 0.000000 0.000000 0.000000 1.000000
0.999848 -0.017420 0.000415 0.000000 0.016884 0.962601 -0.270397 10.969700 0.004311 0.270363 0.962749 -0.921700 0.000000 0.000000 0.000000 1.000000</float_array>
        <technique_common>
          <accessor source="#mixamorig_Spine-Matrix-animation-output-transform-array" count="24" stride="16">
            <param type="float4x4"/>
          </accessor>
        </technique_common>
      </source>
      <source id="mixamorig_Spine-Interpolations">
        <Name_array id="mixamorig_Spine-Interpolations-array" count="24">
 LINEAR LINEAR LINEAR LINEAR LINEAR LINEAR LINEAR LINEAR LINEAR LINEAR LINEAR
LINEAR LINEAR LINEAR LINEAR LINEAR LINEAR LINEAR LINEAR LINEAR LINEAR LINEAR LINEAR
LINEAR</Name_array>
        <technique_common>
          <accessor source="#mixamorig_Spine-Interpolations-array" count="24">
            <param type="name"/>
          </accessor>
        </technique_common>
      </source>
      <sampler id="mixamorig_Spine-Matrix-animation-transform">
        <input semantic="INPUT" source="#mixamorig_Spine-Matrix-animation-input"/>
        <input semantic="OUTPUT" source="#mixamorig_Spine-Matrix-animation-output-transform"/>
        <input semantic="INTERPOLATION" source="#mixamorig_Spine-Interpolations"/>
      </sampler>
      <channel source="#mixamorig_Spine-Matrix-animation-transform" target="mixamorig_Spine/matrix"/>
    </animation>
    <animation id="mixamorig_Spine1-anim" name="mixamorig_Spine1">
      <source id="mixamorig_Spine1-Matrix-animation-input">
        <float_array id="mixamorig_Spine1-Matrix-animation-input-array" count="24">

0.000000 0.033333 0.066667 0.100000 0.133333 0.166667 0.200000 0.233333 0.266667 0.300000 0.333333 0.366667 0.400000 0.433333 0.466667 0.500000
0.533333 0.566667 0.600000 0.633333 0.666667 0.700000 0.733333 0.766667</float_array>
        <technique_common>
          <accessor source="#mixamorig_Spine1-Matrix-animation-input-array" count="24">
            <param name="TIME" type="float"/>
          </accessor>
        </technique_common>
      </source>
      <source id="mixamorig_Spine1-Matrix-animation-output-transform">
        <float_array id="mixamorig_Spine1-Matrix-animation-output-transform-array" count="384">

0.999920 0.006116 -0.011059 0.000000 -0.007511 0.991382 -0.130785 12.843100 0.010164 0.130858 0.991349 0.000000 0.000000 0.000000 0.000000 1.000000
0.998082 0.035705 0.050579 0.000000 -0.029559 0.992640 -0.117439 12.843100 -0.054400 0.115718 0.991791 0.000000 0.000000 0.000000 0.000000 1.000000
0.994504 0.065218 0.081906 0.000000 -0.056699 0.993132 -0.102344 12.843100 -0.088018 0.097137 0.991371 0.000000 0.000000 0.000000 0.000000 1.000000
0.993080 0.085613 0.080385 0.000000 -0.078286 0.992837 -0.090257 12.843100 -0.087536 0.083339 0.992669 0.000000 0.000000 0.000000 0.000000 1.000000
0.994348 0.089030 0.057836 -0.000000 -0.083563 0.992347 -0.090915 12.843100 -0.065488 0.085568 0.994178 -0.000000 0.000000 0.000000 0.000000 1.000000
0.996531 0.075288 0.035478 0.000000 -0.070883 0.991145 -0.112284 12.843100 -0.043618 0.109379 0.993043 0.000000 0.000000 0.000000 0.000000 1.000000
0.998230 0.053244 0.026485 0.000000 -0.048768 0.987820 -0.147758 12.843100 -0.034029 0.146205 0.988669 0.000000 0.000000 0.000000 0.000000 1.000000
0.998969 0.034560 0.029446 0.000000 -0.028806 0.983732 -0.177316 12.843100 -0.035095 0.176285 0.983713 -0.000000 0.000000 0.000000 0.000000 1.000000
0.999021 0.023925 0.037202 0.000000 -0.016685 0.982790 -0.183970 12.843100 -0.040963 0.183169 0.982228 0.000000 0.000000 0.000000 0.000000 1.000000
0.998775 0.014202 0.047394 0.000000 -0.006071 0.985856 -0.167482 12.843100 -0.049102 0.166989 0.984735 -0.000000 0.000000 0.000000 0.000000 1.000000
0.998054 -0.006230 0.062042 0.000000 0.015105 0.989516 -0.143628 12.843100 -0.060497 0.144286 0.987685 -0.000000 0.000000 0.000000 0.000000 1.000000
0.996109 -0.038463 0.079289 0.000000 0.048668 0.990176 -0.131084 12.843100 -0.073468 0.134433 0.988195 0.000000 0.000000 0.000000 0.000000 1.000000
0.993660 -0.067168 0.090158 0.000000 0.079319 0.987142 -0.138777 12.843100 -0.079677 0.145049 0.986211 0.000000 0.000000 0.000000 0.000000 1.000000
0.993582 -0.073938 0.085602 0.000000 0.087148 0.982834 -0.162612 12.843100 -0.072109 0.169029 0.982970 0.000000 0.000000 0.000000 0.000000 1.000000
0.996315 -0.056588 0.064459 0.000000 0.067825 0.979784 -0.188209 12.843100 -0.052506 0.191887 0.980011 0.000000 0.000000 0.000000 0.000000 1.000000
0.998954 -0.031961 0.032693 0.000000 0.037843 0.979282 -0.198932 12.843100 -0.025658 0.199961 0.979468 0.000000 0.000000 0.000000 0.000000 1.000000
0.999817 -0.018792 -0.003561 -0.000000 0.017795 0.982213 -0.186927 12.843100 0.007010 0.186829 0.982367 0.000000 0.000000 0.000000 0.000000 1.000000
0.998968 -0.020345 -0.040614 0.000000 0.013647 0.987207 -0.158858 12.843100 0.043326 0.158140 0.986466 0.000000 0.000000 0.000000 0.000000 1.000000
0.997071 -0.025458 -0.072127 -0.000000 0.015764 0.991135 -0.131917 12.843100 0.074846 0.130393 0.988633 0.000000 0.000000 0.000000 0.000000 1.000000
0.995914 -0.023396 -0.087220 0.000000 0.012710 0.992557 -0.121116 12.843100 0.089404 0.119513 0.988799 0.000000 0.000000 0.000000 0.000000 1.000000
0.996778 -0.013843 -0.079010 -0.000000 0.003630 0.991773 -0.127961 12.843100 0.080132 0.127261 0.988627 0.000000 0.000000 0.000000 0.000000 1.000000
0.998551 -0.003368 -0.053702 -0.000000 -0.004211 0.990087 -0.140390 12.843100 0.053642 0.140412 0.988639 0.000000 0.000000 0.000000 0.000000 1.000000
0.999640 0.003341 -0.026625 -0.000000 -0.007139 0.989573 -0.143858 12.843100 0.025867 0.143996 0.989240 0.000000 0.000000 0.000000 0.000000 1.000000
0.999920 0.006116 -0.011059 -0.000000 -0.007511 0.991382 -0.130786 12.843100 0.010164 0.130858 0.991349 0.000000 0.000000 0.000000 0.000000 1.000000</float_array>
        <technique_common>
          <accessor source="#mixamorig_Spine1-Matrix-animation-output-transform-array" count="24" stride="16">
            <param type="float4x4"/>
          </accessor>
        </technique_common>
      </source>
      <source id="mixamorig_Spine1-Interpolations">
        <Name_array id="mixamorig_Spine1-Interpolations-array" count="24">
 LINEAR LINEAR LINEAR LINEAR LINEAR LINEAR LINEAR LINEAR LINEAR LINEAR LINEAR
LINEAR LINEAR LINEAR LINEAR LINEAR LINEAR LINEAR LINEAR LINEAR LINEAR LINEAR LINEAR
LINEAR</Name_array>
        <technique_common>
          <accessor source="#mixamorig_Spine1-Interpolations-array" count="24">
            <param type="name"/>
          </accessor>
        </technique_common>
      </source>
      <sampler id="mixamorig_Spine1-Matrix-animation-transform">
        <input semantic="INPUT" source="#mixamorig_Spine1-Matrix-animation-input"/>
        <input semantic="OUTPUT" source="#mixamorig_Spine1-Matrix-animation-output-transform"/>
        <input semantic="INTERPOLATION" source="#mixamorig_Spine1-Interpolations"/>
      </sampler>
      <channel source="#mixamorig_Spine1-Matrix-animation-transform" target="mixamorig_Spine1/matrix"/>
    </animation>
    <animation id="mixamorig_Spine2-anim" name="mixamorig_Spine2">
      <source id="mixamorig_Spine2-Matrix-animation-input">
        <float_array id="mixamorig_Spine2-Matrix-animation-input-array" count="24">

0.000000 0.033333 0.066667 0.100000 0.133333 0.166667 0.200000 0.233333 0.266667 0.300000 0.333333 0.366667 0.400000 0.433333 0.466667 0.500000
0.533333 0.566667 0.600000 0.633333 0.666667 0.700000 0.733333 0.766667</float_array>
        <technique_common>
          <accessor source="#mixamorig_Spine2-Matrix-animation-input-array" count="24">
            <param name="TIME" type="float"/>
          </accessor>
        </technique_common>
      </source>
      <source id="mixamorig_Spine2-Matrix-animation-output-transform">
        <float_array id="mixamorig_Spine2-Matrix-animation-output-transform-array" count="384">

0.999835 0.000684 -0.018148 0.000000 -0.005493 0.963872 -0.266308 14.677800 0.017310 0.266364 0.963717 0.000000 0.000000 0.000000 0.000000 1.000000
0.998368 0.028392 0.049550 -0.000000 -0.018370 0.981203 -0.192102 14.677800 -0.054072 0.190878 0.980123 0.000000 0.000000 0.000000 0.000000 1.000000
0.994588 0.057367 0.086625 -0.000000 -0.045888 0.990564 -0.129140 14.677800 -0.093216 0.124466 0.987836 0.000000 0.000000 0.000000 0.000000 1.000000
0.992920 0.079104 0.088614 -0.000000 -0.071031 0.993331 -0.090823 14.677800 -0.095208 0.083886 0.991917 0.000000 0.000000 0.000000 0.000000 1.000000
0.994130 0.085117 0.066791 -0.000000 -0.079295 0.993183 -0.085441 14.677800 -0.073608 0.079643 0.994102 0.000000 0.000000 0.000000 0.000000 1.000000
0.996322 0.073681 0.043753 0.000000 -0.068497 0.991563 -0.110047 14.677800 -0.051492 0.106645 0.992963 0.000000 0.000000 0.000000 0.000000 1.000000
0.998026 0.052625 0.034283 0.000000 -0.046999 0.987849 -0.148137 14.677800 -0.041662 0.146234 0.988372 0.000000 0.000000 0.000000 0.000000 1.000000
0.998730 0.033930 0.037247 -0.000000 -0.026815 0.983814 -0.177177 14.677800 -0.042656 0.175953 0.983474 0.000000 0.000000 0.000000 0.000000 1.000000
0.998711 0.023458 0.045011 -0.000000 -0.014872 0.983116 -0.182380 14.677800 -0.048530 0.181476 0.982197 0.000000 0.000000 0.000000 0.000000 1.000000
0.998365 0.014837 0.055198 0.000000 -0.005524 0.986248 -0.165179 14.677800 -0.056890 0.164604 0.984718 0.000000 0.000000 0.000000 0.000000 1.000000
0.997548 -0.004094 0.069859 0.000000 0.013947 0.989891 -0.141143 14.677800 -0.068575 0.141772 0.987521 -0.000000 0.000000 0.000000 0.000000 1.000000
0.995630 -0.035870 0.086220 0.000000 0.046820 0.990598 -0.128542 14.677800 -0.080798 0.132017 0.987949 -0.000000 0.000000 0.000000 0.000000 1.000000
0.993363 -0.065911 0.094266 -0.000000 0.078493 0.987500 -0.136687 14.677800 -0.084079 0.143179 0.986119 -0.000000 0.000000 0.000000 0.000000 1.000000
0.993503 -0.074814 0.085764 0.000000 0.087981 0.982898 -0.161774 14.677800 -0.072194 0.168268 0.983094 0.000000 0.000000 0.000000 0.000000 1.000000
0.996346 -0.058636 0.062105 0.000000 0.069406 0.979599 -0.188595 14.677800 -0.049779 0.192217 0.980089 -0.000000 0.000000 0.000000 0.000000 1.000000
0.998959 -0.033538 0.030924 -0.000000 0.039046 0.979136 -0.199419 14.677800 -0.023591 0.200419 0.979426 0.000000 0.000000 0.000000 0.000000 1.000000
0.999815 -0.019062 -0.002652 0.000000 0.018233 0.982302 -0.186415 14.677800 0.006159 0.186332 0.982468 -0.000000 0.000000 0.000000 0.000000 1.000000
0.999107 -0.019632 -0.037419 0.000000 0.013468 0.987288 -0.158373 14.677800 0.040053 0.157727 0.986670 -0.000000 0.000000 0.000000 0.000000 1.000000
0.997340 -0.024723 -0.068571 0.000000 0.015140 0.990468 -0.136912 14.677800 0.071302 0.135510 0.988207 -0.000000 0.000000 0.000000 0.000000 1.000000
0.996100 -0.023760 -0.084975 0.000000 0.011565 0.989910 -0.141224 14.677800 0.087473 0.139691 0.986324 -0.000000 0.000000 0.000000 0.000000 1.000000
0.996763 -0.016152 -0.078760 -0.000000 0.002286 0.984908 -0.173061 14.677800 0.080366 0.172321 0.981757 -0.000000 0.000000 0.000000 0.000000 1.000000
0.998424 -0.007663 -0.055597 0.000000 -0.004542 0.976352 -0.216139 14.677800 0.055939 0.216051 0.974778 -0.000000 0.000000 0.000000 0.000000 1.000000
0.999521 -0.002123 -0.030888 0.000000 -0.005692 0.968039 -0.250736 14.677800 0.030433 0.250792 0.967563 0.000000 0.000000 0.000000 0.000000 1.000000
0.999835 0.000684 -0.018148 -0.000000 -0.005493 0.963872 -0.266308 14.677800 0.017310 0.266364 0.963717 0.000000 0.000000 0.000000 0.000000 1.000000</float_array>
        <technique_common>
          <accessor source="#mixamorig_Spine2-Matrix-animation-output-transform-array" count="24" stride="16">
            <param type="float4x4"/>
          </accessor>
        </technique_common>
      </source>
      <source id="mixamorig_Spine2-Interpolations">
        <Name_array id="mixamorig_Spine2-Interpolations-array" count="24">
 LINEAR LINEAR LINEAR LINEAR LINEAR LINEAR LINEAR LINEAR LINEAR LINEAR LINEAR
LINEAR LINEAR LINEAR LINEAR LINEAR LINEAR LINEAR LINEAR LINEAR LINEAR LINEAR LINEAR
LINEAR</Name_array>
        <technique_common>
          <accessor source="#mixamorig_Spine2-Interpolations-array" count="24">
            <param type="name"/>
          </accessor>
        </technique_common>
      </source>
      <sampler id="mixamorig_Spine2-Matrix-animation-transform">
        <input semantic="INPUT" source="#mixamorig_Spine2-Matrix-animation-input"/>
        <input semantic="OUTPUT" source="#mixamorig_Spine2-Matrix-animation-output-transform"/>
        <input semantic="INTERPOLATION" source="#mixamorig_Spine2-Interpolations"/>
      </sampler>
      <channel source="#mixamorig_Spine2-Matrix-animation-transform" target="mixamorig_Spine2/matrix"/>
    </animation>
    <animation id="mixamorig_Neck-anim" name="mixamorig_Neck">
      <source id="mixamorig_Neck-Matrix-animation-input">
        <float_array id="mixamorig_Neck-Matrix-animation-input-array" count="24">

0.000000 0.033333 0.066667 0.100000 0.133333 0.166667 0.200000 0.233333 0.266667 0.300000 0.333333 0.366667 0.400000 0.433333 0.466667 0.500000
0.533333 0.566667 0.600000 0.633333 0.666667 0.700000 0.733333 0.766667</float_array>
        <technique_common>
          <accessor source="#mixamorig_Neck-Matrix-animation-input-array" count="24">
            <param name="TIME" type="float"/>
          </accessor>
        </technique_common>
      </source>
      <source id="mixamorig_Neck-Matrix-animation-output-transform">
        <float_array id="mixamorig_Neck-Matrix-animation-output-transform-array" count="384">

0.994673 -0.096132 -0.037197 -0.000000 0.102996 0.912558 0.395765 16.512501 -0.004101 -0.397488 0.917598 0.000000 0.000000 0.000000 0.000000 1.000000
0.984570 -0.088672 -0.150860 0.000000 0.103144 0.990498 0.090965 16.512501 0.141360 -0.105122 0.984361 0.000000 0.000000 0.000000 0.000000 1.000000
0.973162 0.106168 -0.204166 0.000000 -0.128900 0.986455 -0.101443 16.512501 0.190630 0.125037 0.973666 0.000000 0.000000 0.000000 0.000000 1.000000
0.965344 0.088019 -0.245689 0.000000 -0.191426 0.878684 -0.437346 16.512501 0.177388 0.469220 0.865081 0.000000 0.000000 0.000000 0.000000 1.000000
0.973629 -0.003225 -0.228116 0.000000 -0.142035 0.773908 -0.617165 16.512501 0.178532 0.633290 0.753041 0.000000 0.000000 0.000000 0.000000 1.000000
0.985964 0.000728 -0.166957 0.000000 -0.103484 0.787404 -0.607689 16.512501 0.131021 0.616437 0.776427 0.000000 0.000000 0.000000 0.000000 1.000000
0.994029 0.043929 -0.099878 -0.000000 -0.088943 0.856457 -0.508498 16.512501 0.063204 0.514346 0.855251 0.000000 0.000000 0.000000 0.000000 1.000000
0.992719 0.111689 -0.045108 0.000000 -0.119797 0.876404 -0.466438 16.512501 -0.012563 0.468446 0.883403 0.000000 0.000000 0.000000 0.000000 1.000000
0.992735 0.119620 -0.012936 -0.000000 -0.116692 0.931042 -0.345750 16.512501 -0.029315 0.344748 0.938237 0.000000 0.000000 0.000000 0.000000 1.000000
0.990136 0.139791 0.009445 -0.000000 -0.134846 0.969073 -0.206676 16.512501 -0.038044 0.203363 0.978364 0.000000 0.000000 0.000000 0.000000 1.000000
0.981023 0.193399 0.013839 0.000000 -0.188446 0.967829 -0.166718 16.512501 -0.045637 0.160947 0.985907 -0.000000 0.000000 0.000000 0.000000 1.000000
0.976791 0.213946 -0.010310 0.000000 -0.209066 0.941828 -0.263156 16.512501 -0.046591 0.259204 0.964698 0.000000 0.000000 0.000000 0.000000 1.000000
0.976170 0.213784 -0.037278 -0.000000 -0.210689 0.892498 -0.398820 16.512501 -0.051991 0.397170 0.916271 0.000000 0.000000 0.000000 0.000000 1.000000
0.975755 0.215855 -0.036173 0.000000 -0.207126 0.857320 -0.471276 16.512501 -0.070715 0.467342 0.881244 -0.000000 0.000000 0.000000 0.000000 1.000000
0.986650 0.162590 -0.009302 0.000000 -0.150332 0.887324 -0.435955 16.512501 -0.062628 0.431533 0.899921 0.000000 0.000000 0.000000 0.000000 1.000000
0.998033 0.058786 0.021787 0.000000 -0.042658 0.891430 -0.451147 16.512501 -0.045943 0.449330 0.892184 0.000000 0.000000 0.000000 0.000000 1.000000
0.996899 0.010609 0.077975 0.000000 0.030905 0.858481 -0.511913 16.512501 -0.072371 0.512735 0.855491 0.000000 0.000000 0.000000 0.000000 1.000000
0.990792 0.012089 0.134849 0.000000 0.064325 0.834376 -0.547429 16.512501 -0.119132 0.551063 0.825916 0.000000 0.000000 0.000000 0.000000 1.000000
0.984924 0.036228 0.169150 0.000000 0.078576 0.777432 -0.624039 16.512501 -0.154110 0.627922 0.762865 -0.000000 0.000000 0.000000 0.000000 1.000000
0.984441 0.051892 0.167875 0.000000 0.065770 0.777125 -0.625900 16.512501 -0.162940 0.627203 0.761621 0.000000 0.000000 0.000000 0.000000 1.000000
0.990609 0.024047 0.134593 0.000000 0.035053 0.906842 -0.420010 16.512501 -0.132155 0.420784 0.897483 -0.000000 0.000000 0.000000 0.000000 1.000000
0.996531 -0.046153 0.069257 0.000000 0.052979 0.993557 -0.100193 16.512501 -0.064187 0.103515 0.992555 0.000000 0.000000 0.000000 0.000000 1.000000
0.993498 -0.113847 0.001081 0.000000 0.111708 0.976579 0.183889 16.512501 -0.021991 -0.182573 0.982946 0.000000 0.000000 0.000000 0.000000 1.000000
0.994673 -0.096132 -0.037197 0.000000 0.102996 0.912558 0.395766 16.512501 -0.004101 -0.397489 0.917598 -0.000000 0.000000 0.000000 0.000000 1.000000</float_array>
        <technique_common>
          <accessor source="#mixamorig_Neck-Matrix-animation-output-transform-array" count="24" stride="16">
            <param type="float4x4"/>
          </accessor>
        </technique_common>
      </source>
      <source id="mixamorig_Neck-Interpolations">
        <Name_array id="mixamorig_Neck-Interpolations-array" count="24">
 LINEAR LINEAR LINEAR LINEAR LINEAR LINEAR LINEAR LINEAR LINEAR LINEAR LINEAR
LINEAR LINEAR LINEAR LINEAR LINEAR LINEAR LINEAR LINEAR LINEAR LINEAR LINEAR LINEAR
LINEAR</Name_array>
        <technique_common>
          <accessor source="#mixamorig_Neck-Interpolations-array" count="24">
            <param type="name"/>
          </accessor>
        </technique_common>
      </source>
      <sampler id="mixamorig_Neck-Matrix-animation-transform">
        <input semantic="INPUT" source="#mixamorig_Neck-Matrix-animation-input"/>
        <input semantic="OUTPUT" source="#mixamorig_Neck-Matrix-animation-output-transform"/>
        <input semantic="INTERPOLATION" source="#mixamorig_Neck-Interpolations"/>
      </sampler>
      <channel source="#mixamorig_Neck-Matrix-animation-transform" target="mixamorig_Neck/matrix"/>
    </animation>
    <animation id="mixamorig_Head-anim" name="mixamorig_Head">
      <source id="mixamorig_Head-Matrix-animation-input">
        <float_array id="mixamorig_Head-Matrix-animation-input-array" count="24">

0.000000 0.033333 0.066667 0.100000 0.133333 0.166667 0.200000 0.233333 0.266667 0.300000 0.333333 0.366667 0.400000 0.433333 0.466667 0.500000
0.533333 0.566667 0.600000 0.633333 0.666667 0.700000 0.733333 0.766667</float_array>
        <technique_common>
          <accessor source="#mixamorig_Head-Matrix-animation-input-array" count="24">
            <param name="TIME" type="float"/>
          </accessor>
        </technique_common>
      </source>
      <source id="mixamorig_Head-Matrix-animation-output-transform">
        <float_array id="mixamorig_Head-Matrix-animation-output-transform-array" count="384">

0.999998 0.002015 0.000528 -0.000000 -0.001745 0.671800 0.740731 7.061100 0.001138 -0.740730 0.671802 2.298900 0.000000 0.000000 0.000000 1.000000
0.994311 -0.001396 -0.106506 0.000000 0.080457 0.665098 0.742409 7.061100 0.069801 -0.746755 0.661426 2.298900 0.000000 0.000000 0.000000 1.000000
0.928069 -0.110514 -0.355633 0.000000 0.328248 0.693811 0.640999 7.061100 0.175903 -0.711627 0.680180 2.298900 0.000000 0.000000 0.000000 1.000000
0.897870 -0.134734 -0.419138 0.000000 0.406122 0.621041 0.670353 7.061100 0.169983 -0.772111 0.612332 2.298900 0.000000 0.000000 0.000000 1.000000
0.939106 -0.106915 -0.326572 0.000000 0.319959 0.618672 0.717545 7.061100 0.125325 -0.778340 0.615207 2.298900 0.000000 0.000000 0.000000 1.000000
0.969459 -0.074122 -0.233785 0.000000 0.225462 0.644503 0.730605 7.061100 0.096521 -0.761001 0.641531 2.298900 0.000000 0.000000 0.000000 1.000000
0.982703 -0.051323 -0.177934 -0.000000 0.170966 0.620687 0.765192 7.061100 0.071170 -0.782377 0.618725 2.298900 0.000000 0.000000 0.000000 1.000000
0.986811 -0.048673 -0.154385 0.000000 0.156092 0.538765 0.827869 7.061100 0.042883 -0.841049 0.539257 2.298900 0.000000 0.000000 0.000000 1.000000
0.994462 -0.043350 -0.095735 0.000000 0.103944 0.540032 0.835201 7.061100 0.015494 -0.840527 0.541548 2.298900 0.000000 0.000000 0.000000 1.000000
0.996636 -0.048104 -0.066348 0.000000 0.081950 0.580058 0.810443 7.061100 -0.000500 -0.813154 0.582048 2.298900 0.000000 0.000000 0.000000 1.000000
0.995741 -0.049793 -0.077590 -0.000000 0.092036 0.585999 0.805068 7.061100 0.005381 -0.808780 0.588087 2.298900 0.000000 0.000000 0.000000 1.000000
0.996735 -0.026038 -0.076425 0.000000 0.078326 0.541478 0.837058 7.061100 0.019587 -0.840312 0.541749 2.298900 0.000000 0.000000 0.000000 1.000000
0.996695 -0.003332 -0.081171 0.000000 0.072364 0.490517 0.868422 7.061100 0.036922 -0.871425 0.489137 2.298900 0.000000 0.000000 0.000000 1.000000
0.994998 -0.000534 -0.099896 -0.000000 0.089128 0.456382 0.885309 7.061100 0.045118 -0.889784 0.454147 2.298900 0.000000 0.000000 0.000000 1.000000
0.997069 -0.000204 -0.076512 0.000000 0.068252 0.454325 0.888218 7.061100 0.034580 -0.890836 0.453007 2.298900 0.000000 0.000000 0.000000 1.000000
0.999909 0.000429 -0.013494 0.000000 0.012041 0.423755 0.905697 7.061100 0.006106 -0.905777 0.423711 2.298900 0.000000 0.000000 0.000000 1.000000
0.999340 -0.008901 0.035211 -0.000000 -0.027350 0.453449 0.890862 7.061100 -0.023896 -0.891238 0.452907 2.298900 0.000000 0.000000 0.000000 1.000000
0.995566 -0.010816 0.093438 -0.000000 -0.071757 0.554924 0.828801 7.061100 -0.060815 -0.831831 0.551687 2.298900 0.000000 0.000000 0.000000 1.000000
0.988366 0.002778 0.152067 0.000000 -0.127377 0.561471 0.817634 7.061100 -0.083110 -0.827492 0.555293 2.298900 0.000000 0.000000 0.000000 1.000000
0.986678 0.002507 0.162664 0.000000 -0.142355 0.497289 0.855827 7.061100 -0.078746 -0.867582 0.491021 2.298900 0.000000 0.000000 0.000000 1.000000
0.991463 -0.009940 0.130010 0.000000 -0.105245 0.527610 0.842942 7.061100 -0.076973 -0.849429 0.522060 2.298900 0.000000 0.000000 0.000000 1.000000
0.995152 -0.004353 0.098256 0.000000 -0.076106 0.598718 0.797336 7.061100 -0.062299 -0.800948 0.595484 2.298900 0.000000 0.000000 0.000000 1.000000
0.997055 0.017891 0.074573 -0.000000 -0.068473 0.645604 0.760596 7.061100 -0.034537 -0.763463 0.644928 2.298900 0.000000 0.000000 0.000000 1.000000
0.999998 0.002015 0.000528 0.000000 -0.001745 0.671800 0.740731 7.061100 0.001138 -0.740730 0.671802 2.298900 0.000000 0.000000 0.000000 1.000000</float_array>
        <technique_common>
          <accessor source="#mixamorig_Head-Matrix-animation-output-transform-array" count="24" stride="16">
            <param type="float4x4"/>
          </accessor>
        </technique_common>
      </source>
      <source id="mixamorig_Head-Interpolations">
        <Name_array id="mixamorig_Head-Interpolations-array" count="24">
 LINEAR LINEAR LINEAR LINEAR LINEAR LINEAR LINEAR LINEAR LINEAR LINEAR LINEAR
LINEAR LINEAR LINEAR LINEAR LINEAR LINEAR LINEAR LINEAR LINEAR LINEAR LINEAR LINEAR
LINEAR</Name_array>
        <technique_common>
          <accessor source="#mixamorig_Head-Interpolations-array" count="24">
            <param type="name"/>
          </accessor>
        </technique_common>
      </source>
      <sampler id="mixamorig_Head-Matrix-animation-transform">
        <input semantic="INPUT" source="#mixamorig_Head-Matrix-animation-input"/>
        <input semantic="OUTPUT" source="#mixamorig_Head-Matrix-animation-output-transform"/>
        <input semantic="INTERPOLATION" source="#mixamorig_Head-Interpolations"/>
      </sampler>
      <channel source="#mixamorig_Head-Matrix-animation-transform" target="mixamorig_Head/matrix"/>
    </animation>
    <animation id="mixamorig_LeftShoulder-anim" name="mixamorig_LeftShoulder">
      <source id="mixamorig_LeftShoulder-Matrix-animation-input">
        <float_array id="mixamorig_LeftShoulder-Matrix-animation-input-array" count="24">

0.000000 0.033333 0.066667 0.100000 0.133333 0.166667 0.200000 0.233333 0.266667 0.300000 0.333333 0.366667 0.400000 0.433333 0.466667 0.500000
0.533333 0.566667 0.600000 0.633333 0.666667 0.700000 0.733333 0.766667</float_array>
        <technique_common>
          <accessor source="#mixamorig_LeftShoulder-Matrix-animation-input-array" count="24">
            <param name="TIME" type="float"/>
          </accessor>
        </technique_common>
      </source>
      <source id="mixamorig_LeftShoulder-Matrix-animation-output-transform">
        <float_array id="mixamorig_LeftShoulder-Matrix-animation-output-transform-array" count="384">

-0.212948 0.967510 -0.136301 6.916900 0.032771 -0.132350 -0.990661 14.057100 -0.976514 -0.215426 -0.003523 -0.221900 0.000000 0.000000 0.000000 1.000000
-0.176237 0.979674 -0.095814 6.916900 0.042885 -0.089604 -0.995054 14.057100 -0.983413 -0.179474 -0.026221 -0.221900 0.000000 0.000000 0.000000 1.000000
-0.148958 0.988152 0.036971 6.916900 0.058650 0.046151 -0.997211 14.057100 -0.987103 -0.146374 -0.064830 -0.221900 0.000000 0.000000 0.000000 1.000000
-0.133596 0.974682 0.179297 6.916900 0.062576 0.188854 -0.980009 14.057100 -0.989058 -0.119705 -0.086222 -0.221900 0.000000 0.000000 0.000000 1.000000
-0.123709 0.959760 0.252104 6.916900 0.053366 0.260122 -0.964100 14.057100 -0.990882 -0.105814 -0.083398 -0.221900 0.000000 0.000000 0.000000 1.000000
-0.122034 0.960558 0.249872 6.916900 0.039524 0.256257 -0.965800 14.057100 -0.991739 -0.107985 -0.069237 -0.221900 0.000000 0.000000 0.000000 1.000000
-0.134315 0.965518 0.223011 6.916900 0.025603 0.228357 -0.973241 14.057100 -0.990608 -0.125011 -0.055392 -0.221900 0.000000 0.000000 0.000000 1.000000
-0.156641 0.970975 0.180752 6.916900 0.016176 0.185508 -0.982510 14.057100 -0.987523 -0.150977 -0.044765 -0.221900 0.000000 0.000000 0.000000 1.000000
-0.189027 0.974193 0.123357 6.916900 0.013840 0.128253 -0.991645 14.057100 -0.981874 -0.185740 -0.037726 -0.221900 0.000000 0.000000 0.000000 1.000000
-0.228826 0.971865 0.055825 6.916900 0.019449 0.061899 -0.997893 14.057100 -0.973273 -0.227258 -0.033066 -0.221900 0.000000 0.000000 0.000000 1.000000
-0.263607 0.964467 -0.017764 6.916900 0.029406 -0.010372 -0.999514 14.057100 -0.964182 -0.264001 -0.025627 -0.221900 0.000000 0.000000 0.000000 1.000000
-0.278782 0.956625 -0.084555 6.916900 0.034239 -0.078089 -0.996358 14.057100 -0.959744 -0.280662 -0.010984 -0.221900 0.000000 0.000000 0.000000 1.000000
-0.265177 0.955251 -0.131061 6.916900 0.029647 -0.127785 -0.991359 14.057100 -0.963744 -0.266771 0.005565 -0.221900 0.000000 0.000000 0.000000 1.000000
-0.227217 0.959420 -0.166990 6.916900 0.022681 -0.166215 -0.985829 14.057100 -0.973580 -0.227784 0.016007 -0.221900 0.000000 0.000000 0.000000 1.000000
-0.180728 0.962441 -0.202597 6.916900 0.021101 -0.202147 -0.979128 14.057100 -0.983307 -0.181231 0.016225 -0.221900 0.000000 0.000000 0.000000 1.000000
-0.132965 0.961042 -0.242318 6.916900 0.022658 -0.241477 -0.970142 14.057100 -0.990862 -0.134486 0.010333 -0.221900 0.000000 0.000000 0.000000 1.000000
-0.084657 0.954825 -0.284857 6.916900 0.021443 -0.284071 -0.958563 14.057100 -0.996179 -0.087257 0.003574 -0.221900 0.000000 0.000000 0.000000 1.000000
-0.039927 0.944968 -0.324718 6.916900 0.017104 -0.324283 -0.945806 14.057100 -0.999056 -0.043317 -0.003215 -0.221900 0.000000 0.000000 0.000000 1.000000
-0.004579 0.932482 -0.361189 6.916900 0.011462 -0.361120 -0.932449 14.057100 -0.999924 -0.008410 -0.009035 -0.221900 0.000000 0.000000 0.000000 1.000000
0.008991 0.924568 -0.380912 6.916900 0.009647 -0.380990 -0.924529 14.057100 -0.999913 0.004638 -0.012345 -0.221900 0.000000 0.000000 0.000000 1.000000
-0.006844 0.930656 -0.365831 6.916900 0.016296 -0.365687 -0.930595 14.057100 -0.999844 -0.012330 -0.012663 -0.221900 0.000000 0.000000 0.000000 1.000000
-0.053239 0.949470 -0.309308 6.916900 0.028516 -0.308176 -0.950902 14.057100 -0.998175 -0.059445 -0.010668 -0.221900 0.000000 0.000000 0.000000 1.000000
-0.126890 0.966423 -0.223440 6.916900 0.036356 -0.220578 -0.974691 14.057100 -0.991250 -0.131802 -0.007146 -0.221900 0.000000 0.000000 0.000000 1.000000
-0.212948 0.967510 -0.136301 6.916900 0.032771 -0.132350 -0.990661 14.057100 -0.976514 -0.215426 -0.003523 -0.221900 0.000000 0.000000 0.000000 1.000000</float_array>
        <technique_common>
          <accessor source="#mixamorig_LeftShoulder-Matrix-animation-output-transform-array" count="24" stride="16">
            <param type="float4x4"/>
          </accessor>
        </technique_common>
      </source>
      <source id="mixamorig_LeftShoulder-Interpolations">
        <Name_array id="mixamorig_LeftShoulder-Interpolations-array" count="24">
 LINEAR LINEAR LINEAR LINEAR LINEAR LINEAR LINEAR LINEAR LINEAR LINEAR LINEAR
LINEAR LINEAR LINEAR LINEAR LINEAR LINEAR LINEAR LINEAR LINEAR LINEAR LINEAR LINEAR
LINEAR</Name_array>
        <technique_common>
          <accessor source="#mixamorig_LeftShoulder-Interpolations-array" count="24">
            <param type="name"/>
          </accessor>
        </technique_common>
      </source>
      <sampler id="mixamorig_LeftShoulder-Matrix-animation-transform">
        <input semantic="INPUT" source="#mixamorig_LeftShoulder-Matrix-animation-input"/>
        <input semantic="OUTPUT" source="#mixamorig_LeftShoulder-Matrix-animation-output-transform"/>
        <input semantic="INTERPOLATION" source="#mixamorig_LeftShoulder-Interpolations"/>
      </sampler>
