<?xml version="1.0" encoding="utf-8"?>
<COLLADA xmlns="http://www.collada.org/2005/11/COLLADASchema" version="1.4.1">
  <asset>
    <contributor>
      <author>Mixamo</author>
      <authoring_tool>COLLADA Mixamo exporter</authoring_tool>
      <comments/>
    </contributor>
    <created>2025-01-12T17:09:00Z</created>
    <modified>2025-01-12T17:09:00Z</modified>
    <revision/>
    <title/>
    <unit meter="0.010000"/>
    <up_axis>Y_UP</up_axis>
  </asset>
  <library_animations>
    <animation id="mixamorig_Hips-anim" name="mixamorig_Hips">
      <source id="mixamorig_Hips-Matrix-animation-input">
        <float_array id="mixamorig_Hips-Matrix-animation-input-array" count="20">

0.000000 0.033333 0.066667 0.100000 0.133333 0.166667 0.200000 0.233333 0.266667 0.300000 0.333333 0.366667 0.400000 0.433333 0.466667 0.500000
0.533333 0.566667 0.600000 0.633333</float_array>
        <technique_common>
          <accessor source="#mixamorig_Hips-Matrix-animation-input-array" count="20">
            <param name="TIME" type="float"/>
          </accessor>
        </technique_common>
      </source>
      <source id="mixamorig_Hips-Matrix-animation-output-transform">
        <float_array id="mixamorig_Hips-Matrix-animation-output-transform-array" count="320">

0.994815 -0.067445 -0.076120 0.705706 -0.005664 0.710564 -0.703609 75.079956 0.101543 0.700392 0.706498 1.223947 0.000000 0.000000 0.000000 1.000000
0.995802 -0.047082 -0.078492 0.586518 -0.021319 0.714654 -0.699153 75.424728 0.089012 0.697892 0.710650 -0.441523 0.000000 0.000000 0.000000 1.000000
0.995219 -0.033308 -0.091817 0.569096 -0.040148 0.717461 -0.695441 75.689285 0.089039 0.695802 0.712693 -1.205944 0.000000 0.000000 0.000000 1.000000
0.993288 -0.035364 -0.110128 0.548527 -0.050937 0.721081 -0.690976 75.735947 0.103847 0.691947 0.714440 -1.118186 0.000000 0.000000 0.000000 1.000000
0.990559 -0.054560 -0.125760 0.469016 -0.046818 0.727584 -0.684419 75.672462 0.128843 0.683846 0.718161 -0.621270 0.000000 0.000000 0.000000 1.000000
0.987958 -0.082302 -0.131018 0.084088 -0.028147 0.737058 -0.675244 75.834023 0.152141 0.670800 0.725865 -0.574182 0.000000 0.000000 0.000000 1.000000
0.987497 -0.093776 -0.126709 -0.609570 -0.014317 0.747132 -0.664522 76.094376 0.156984 0.658027 0.736448 -1.225430 0.000000 0.000000 0.000000 1.000000
0.989547 -0.079735 -0.120160 -1.340737 -0.018949 0.754122 -0.656461 76.251411 0.142958 0.651876 0.744728 -2.403772 0.000000 0.000000 0.000000 1.000000
0.991487 -0.054886 -0.118072 -1.909618 -0.036308 0.754300 -0.655525 76.178635 0.125041 0.654232 0.745886 -3.634629 0.000000 0.000000 0.000000 1.000000
0.991863 -0.044819 -0.119159 -2.202258 -0.045921 0.747020 -0.663214 76.214500 0.118739 0.663289 0.738883 -4.458865 0.000000 0.000000 0.000000 1.000000
0.991467 -0.061050 -0.115174 -2.380803 -0.033630 0.733844 -0.678486 76.557312 0.125942 0.676570 0.725529 -4.452568 0.000000 0.000000 0.000000 1.000000
0.990133 -0.087360 -0.109567 -2.658700 -0.013890 0.716855 -0.697084 76.990196 0.139441 0.691728 0.708568 -3.433152 0.000000 0.000000 0.000000 1.000000
0.988348 -0.100033 -0.114723 -3.114248 -0.011675 0.701671 -0.712405 77.158310 0.151762 0.705444 0.692327 -1.628945 0.000000 0.000000 0.000000 1.000000
0.986897 -0.086816 -0.136007 -3.546690 -0.037564 0.696134 -0.716928 77.065155 0.156920 0.712643 0.683751 0.235402 0.000000 0.000000 0.000000 1.000000
0.985462 -0.055833 -0.160457 -3.494201 -0.075269 0.703231 -0.706966 76.981071 0.152310 0.708766 0.688805 1.462465 0.000000 0.000000 0.000000 1.000000
0.984949 -0.033827 -0.169500 -2.833598 -0.094083 0.717727 -0.689939 76.862526 0.144993 0.695502 0.703742 1.776150 0.000000 0.000000 0.000000 1.000000
0.987090 -0.036637 -0.155921 -1.792667 -0.080164 0.729774 -0.678972 76.584831 0.138662 0.682706 0.717416 1.519397 0.000000 0.000000 0.000000 1.000000
0.990191 -0.055189 -0.128361 -0.726920 -0.047388 0.731586 -0.680100 76.088577 0.131441 0.679511 0.721795 1.157198 0.000000 0.000000 0.000000 1.000000
0.992659 -0.069973 -0.098647 0.129666 -0.017608 0.723336 -0.690272 75.529037 0.119655 0.686942 0.716794 1.005421 0.000000 0.000000 0.000000 1.000000
0.994815 -0.067445 -0.076120 0.705709 -0.005664 0.710564 -0.703610 75.079956 0.101543 0.700393 0.706498 1.223953 0.000000 0.000000 0.000000 1.000000</float_array>
        <technique_common>
          <accessor source="#mixamorig_Hips-Matrix-animation-output-transform-array" count="20" stride="16">
            <param type="float4x4"/>
          </accessor>
        </technique_common>
      </source>
      <source id="mixamorig_Hips-Interpolations">
        <Name_array id="mixamorig_Hips-Interpolations-array" count="20">
 LINEAR LINEAR LINEAR LINEAR LINEAR LINEAR LINEAR LINEAR LINEAR LINEAR LINEAR
LINEAR LINEAR LINEAR LINEAR LINEAR LINEAR LINEAR LINEAR LINEAR</Name_array>
        <technique_common>
          <accessor source="#mixamorig_Hips-Interpolations-array" count="20">
            <param type="name"/>
          </accessor>
        </technique_common>
      </source>
      <sampler id="mixamorig_Hips-Matrix-animation-transform">
        <input semantic="INPUT" source="#mixamorig_Hips-Matrix-animation-input"/>
        <input semantic="OUTPUT" source="#mixamorig_Hips-Matrix-animation-output-transform"/>
        <input semantic="INTERPOLATION" source="#mixamorig_Hips-Interpolations"/>
      </sampler>
      <channel source="#mixamorig_Hips-Matrix-animation-transform" target="mixamorig_Hips/matrix"/>
    </animation>
    <animation id="mixamorig_Spine-anim" name="mixamorig_Spine">
      <source id="mixamorig_Spine-Matrix-animation-input">
        <float_array id="mixamorig_Spine-Matrix-animation-input-array" count="20">

0.000000 0.033333 0.066667 0.100000 0.133333 0.166667 0.200000 0.233333 0.266667 0.300000 0.333333 0.366667 0.400000 0.433333 0.466667 0.500000
0.533333 0.566667 0.600000 0.633333</float_array>
        <technique_common>
          <accessor source="#mixamorig_Spine-Matrix-animation-input-array" count="20">
            <param name="TIME" type="float"/>
          </accessor>
        </technique_common>
      </source>
      <source id="mixamorig_Spine-Matrix-animation-output-transform">
        <float_array id="mixamorig_Spine-Matrix-animation-output-transform-array" count="320">

0.999926 0.007138 0.009860 0.000000 -0.004208 0.962766 -0.270302 10.969700 -0.011423 0.270241 0.962725 -0.921700 0.000000 0.000000 0.000000 1.000000
0.999655 -0.026243 -0.001370 0.000000 0.025019 0.966389 -0.255863 10.969700 0.008039 0.255740 0.966712 -0.921700 0.000000 0.000000 0.000000 1.000000
0.997919 -0.061502 -0.019357 -0.000000 0.055436 0.971725 -0.229513 10.969700 0.032925 0.227963 0.973113 -0.921700 0.000000 0.000000 0.000000 1.000000
0.995453 -0.085166 -0.042652 0.000000 0.075123 0.977294 -0.198124 10.969700 0.058557 0.194019 0.979249 -0.921700 0.000000 0.000000 0.000000 1.000000
0.994787 -0.085727 -0.055224 0.000000 0.074711 0.981285 -0.177476 10.969700 0.069405 0.172425 0.982574 -0.921700 0.000000 0.000000 0.000000 1.000000
0.997187 -0.061726 -0.042512 0.000000 0.053038 0.981933 -0.181645 10.969700 0.052956 0.178879 0.982445 -0.921700 0.000000 0.000000 0.000000 1.000000
0.999308 -0.036200 -0.008538 0.000000 0.033608 0.977197 -0.209658 10.969700 0.015933 0.209226 0.977738 -0.921700 0.000000 0.000000 0.000000 1.000000
0.999355 -0.025693 0.025076 0.000000 0.031042 0.969274 -0.244016 10.969700 -0.018036 0.244637 0.969447 -0.921700 0.000000 0.000000 0.000000 1.000000
0.998614 -0.026181 0.045668 0.000000 0.037507 0.962607 -0.268291 10.969700 -0.036936 0.269632 0.962255 -0.921700 0.000000 0.000000 0.000000 1.000000
0.998155 -0.019132 0.057619 -0.000000 0.034346 0.960527 -0.276059 10.969700 -0.050063 0.277529 0.959412 -0.921700 0.000000 0.000000 0.000000 1.000000
0.997517 0.008373 0.069933 0.000000 0.010451 0.964320 -0.264533 10.969700 -0.069653 0.264606 0.961838 -0.921700 0.000000 0.000000 0.000000 1.000000
0.994276 0.048483 0.095206 0.000000 -0.025128 0.972230 -0.232675 10.969700 -0.103843 0.228951 0.967883 -0.921700 0.000000 0.000000 0.000000 1.000000
0.987671 0.082049 0.133322 0.000000 -0.055791 0.980211 -0.189930 10.969700 -0.146267 0.180150 0.972703 -0.921700 0.000000 0.000000 0.000000 1.000000
0.982268 0.092161 0.163266 0.000000 -0.066207 0.985244 -0.157830 10.969700 -0.175403 0.144222 0.973876 -0.921700 0.000000 0.000000 0.000000 1.000000
0.984071 0.075957 0.160733 -0.000000 -0.050859 0.986626 -0.154864 10.969700 -0.170346 0.144223 0.974773 -0.921700 0.000000 0.000000 0.000000 1.000000
0.990407 0.052236 0.127925 -0.000000 -0.028353 0.982918 -0.181847 10.969700 -0.135239 0.176476 0.974970 -0.921700 0.000000 0.000000 0.000000 1.000000
0.995411 0.038270 0.087703 0.000000 -0.018040 0.975158 -0.220773 10.969700 -0.093973 0.218178 0.971374 -0.921700 0.000000 0.000000 0.000000 1.000000
0.997852 0.033584 0.056245 0.000000 -0.018337 0.967462 -0.252349 10.969700 -0.062890 0.250776 0.966000 -0.921700 0.000000 0.000000 0.000000 1.000000
0.999142 0.026383 0.031917 0.000000 -0.016841 0.963036 -0.268844 10.969700 -0.037830 0.268076 0.962655 -0.921700 0.000000 0.000000 0.000000 1.000000
0.999926 0.007138 0.009861 0.000000 -0.004207 0.962766 -0.270303 10.969700 -0.011423 0.270241 0.962725 -0.921700 0.000000 0.000000 0.000000 1.000000</float_array>
        <technique_common>
          <accessor source="#mixamorig_Spine-Matrix-animation-output-transform-array" count="20" stride="16">
            <param type="float4x4"/>
          </accessor>
        </technique_common>
      </source>
      <source id="mixamorig_Spine-Interpolations">
        <Name_array id="mixamorig_Spine-Interpolations-array" count="20">
 LINEAR LINEAR LINEAR LINEAR LINEAR LINEAR LINEAR LINEAR LINEAR LINEAR LINEAR
LINEAR LINEAR LINEAR LINEAR LINEAR LINEAR LINEAR LINEAR LINEAR</Name_array>
        <technique_common>
          <accessor source="#mixamorig_Spine-Interpolations-array" count="20">
            <param type="name"/>
          </accessor>
        </technique_common>
      </source>
      <sampler id="mixamorig_Spine-Matrix-animation-transform">
        <input semantic="INPUT" source="#mixamorig_Spine-Matrix-animation-input"/>
        <input semantic="OUTPUT" source="#mixamorig_Spine-Matrix-animation-output-transform"/>
        <input semantic="INTERPOLATION" source="#mixamorig_Spine-Interpolations"/>
      </sampler>
      <channel source="#mixamorig_Spine-Matrix-animation-transform" target="mixamorig_Spine/matrix"/>
    </animation>
    <animation id="mixamorig_Spine1-anim" name="mixamorig_Spine1">
      <source id="mixamorig_Spine1-Matrix-animation-input">
        <float_array id="mixamorig_Spine1-Matrix-animation-input-array" count="20">

0.000000 0.033333 0.066667 0.100000 0.133333 0.166667 0.200000 0.233333 0.266667 0.300000 0.333333 0.366667 0.400000 0.433333 0.466667 0.500000
0.533333 0.566667 0.600000 0.633333</float_array>
        <technique_common>
          <accessor source="#mixamorig_Spine1-Matrix-animation-input-array" count="20">
            <param name="TIME" type="float"/>
          </accessor>
        </technique_common>
      </source>
      <source id="mixamorig_Spine1-Matrix-animation-output-transform">
        <float_array id="mixamorig_Spine1-Matrix-animation-output-transform-array" count="320">

0.999920 -0.006116 0.011059 0.000000 0.007511 0.991382 -0.130786 12.843100 -0.010164 0.130858 0.991349 0.000000 0.000000 0.000000 0.000000 1.000000
0.999695 -0.024663 -0.001538 0.000000 0.024313 0.992804 -0.117260 12.843100 0.004419 0.117186 0.993100 0.000000 0.000000 0.000000 0.000000 1.000000
0.999111 -0.040630 -0.011204 -0.000000 0.039394 0.994757 -0.094375 12.843100 0.014980 0.093850 0.995474 -0.000000 0.000000 0.000000 0.000000 1.000000
0.998781 -0.046991 -0.015116 -0.000000 0.045910 0.996809 -0.065296 12.843100 0.018136 0.064522 0.997751 0.000000 0.000000 0.000000 0.000000 1.000000
0.999112 -0.040189 -0.012613 -0.000000 0.039590 0.998220 -0.044600 12.843100 0.014383 0.044061 0.998925 0.000000 0.000000 0.000000 0.000000 1.000000
0.999661 -0.025351 -0.005868 0.000000 0.025038 0.998514 -0.048400 12.843100 0.007086 0.048237 0.998811 0.000000 0.000000 0.000000 0.000000 1.000000
0.999903 -0.013718 0.002247 0.000000 0.013849 0.997048 -0.075528 12.843100 -0.001204 0.075551 0.997141 0.000000 0.000000 0.000000 0.000000 1.000000
0.999879 -0.011833 0.010072 -0.000000 0.012851 0.994083 -0.107864 12.843100 -0.008736 0.107981 0.994115 0.000000 0.000000 0.000000 0.000000 1.000000
0.999747 -0.014472 0.017231 0.000000 0.016565 0.991601 -0.128269 12.843100 -0.015230 0.128522 0.991590 0.000000 0.000000 0.000000 0.000000 1.000000
0.999649 -0.010656 0.024269 0.000000 0.013753 0.991251 -0.131271 12.843100 -0.022658 0.131559 0.991049 -0.000000 0.000000 0.000000 0.000000 1.000000
0.999461 0.004476 0.032525 -0.000000 -0.000597 0.992979 -0.118286 12.843100 -0.032826 0.118203 0.992447 -0.000000 0.000000 0.000000 0.000000 1.000000
0.998774 0.024809 0.042827 0.000000 -0.020849 0.995674 -0.090544 12.843100 -0.044888 0.089540 0.994971 0.000000 0.000000 0.000000 0.000000 1.000000
0.997802 0.038978 0.053585 0.000000 -0.036107 0.997913 -0.053532 12.843100 -0.055559 0.051479 0.997127 0.000000 0.000000 0.000000 0.000000 1.000000
0.997323 0.040096 0.061150 0.000000 -0.038626 0.998940 -0.025026 12.843100 -0.062089 0.022597 0.997815 0.000000 0.000000 0.000000 0.000000 1.000000
0.997547 0.031150 0.062691 -0.000000 -0.029672 0.999262 -0.024380 12.843100 -0.063404 0.022460 0.997735 0.000000 0.000000 0.000000 0.000000 1.000000
0.998075 0.021607 0.058141 0.000000 -0.018588 0.998475 -0.051977 12.843100 -0.059175 0.050796 0.996954 0.000000 0.000000 0.000000 0.000000 1.000000
0.998637 0.017520 0.049166 -0.000000 -0.013042 0.995859 -0.089968 12.843100 -0.050539 0.089204 0.994730 0.000000 0.000000 0.000000 0.000000 1.000000
0.999174 0.015755 0.037452 0.000000 -0.011163 0.992736 -0.119795 12.843100 -0.039067 0.119278 0.992092 0.000000 0.000000 0.000000 0.000000 1.000000
0.999661 0.009185 0.024365 -0.000000 -0.005858 0.991064 -0.133262 12.843100 -0.025371 0.133074 0.990781 -0.000000 0.000000 0.000000 0.000000 1.000000
0.999920 -0.006116 0.011059 0.000000 0.007511 0.991382 -0.130786 12.843100 -0.010164 0.130858 0.991349 0.000000 0.000000 0.000000 0.000000 1.000000</float_array>
        <technique_common>
          <accessor source="#mixamorig_Spine1-Matrix-animation-output-transform-array" count="20" stride="16">
            <param type="float4x4"/>
          </accessor>
        </technique_common>
      </source>
      <source id="mixamorig_Spine1-Interpolations">
        <Name_array id="mixamorig_Spine1-Interpolations-array" count="20">
 LINEAR LINEAR LINEAR LINEAR LINEAR LINEAR LINEAR LINEAR LINEAR LINEAR LINEAR
LINEAR LINEAR LINEAR LINEAR LINEAR LINEAR LINEAR LINEAR LINEAR</Name_array>
        <technique_common>
          <accessor source="#mixamorig_Spine1-Interpolations-array" count="20">
            <param type="name"/>
          </accessor>
        </technique_common>
      </source>
      <sampler id="mixamorig_Spine1-Matrix-animation-transform">
        <input semantic="INPUT" source="#mixamorig_Spine1-Matrix-animation-input"/>
        <input semantic="OUTPUT" source="#mixamorig_Spine1-Matrix-animation-output-transform"/>
        <input semantic="INTERPOLATION" source="#mixamorig_Spine1-Interpolations"/>
      </sampler>
      <channel source="#mixamorig_Spine1-Matrix-animation-transform" target="mixamorig_Spine1/matrix"/>
    </animation>
    <animation id="mixamorig_Spine2-anim" name="mixamorig_Spine2">
      <source id="mixamorig_Spine2-Matrix-animation-input">
        <float_array id="mixamorig_Spine2-Matrix-animation-input-array" count="20">

0.000000 0.033333 0.066667 0.100000 0.133333 0.166667 0.200000 0.233333 0.266667 0.300000 0.333333 0.366667 0.400000 0.433333 0.466667 0.500000
0.533333 0.566667 0.600000 0.633333</float_array>
        <technique_common>
          <accessor source="#mixamorig_Spine2-Matrix-animation-input-array" count="20">
            <param name="TIME" type="float"/>
          </accessor>
        </technique_common>
      </source>
      <source id="mixamorig_Spine2-Matrix-animation-output-transform">
        <float_array id="mixamorig_Spine2-Matrix-animation-output-transform-array" count="320">

0.999835 -0.000684 0.018148 0.000000 0.005494 0.963872 -0.266308 14.677800 -0.017310 0.266364 0.963717 0.000000 0.000000 0.000000 0.000000 1.000000
0.999772 -0.020503 0.005951 0.000000 0.021342 0.967133 -0.253372 14.677800 -0.000561 0.253441 0.967351 0.000000 0.000000 0.000000 0.000000 1.000000
0.999287 -0.037682 -0.002429 0.000000 0.036101 0.972250 -0.231142 14.677800 0.011072 0.230889 0.972917 0.000000 0.000000 0.000000 0.000000 1.000000
0.998982 -0.044806 -0.005182 0.000000 0.042828 0.978313 -0.202654 14.677800 0.014149 0.202226 0.979237 0.000000 0.000000 0.000000 0.000000 1.000000
0.999274 -0.037979 -0.002934 0.000000 0.036808 0.982555 -0.182292 14.677800 0.009806 0.182052 0.983240 -0.000000 0.000000 0.000000 0.000000 1.000000
0.999748 -0.022365 0.002014 0.000000 0.022349 0.982295 -0.186003 14.677800 0.002182 0.186001 0.982547 0.000000 0.000000 0.000000 0.000000 1.000000
0.999919 -0.009627 0.008367 0.000000 0.011186 0.977085 -0.212554 14.677800 -0.006129 0.212630 0.977114 0.000000 0.000000 0.000000 0.000000 1.000000
0.999849 -0.006714 0.016011 0.000000 0.010420 0.969706 -0.244052 14.677800 -0.013887 0.244182 0.969630 0.000000 0.000000 0.000000 0.000000 1.000000
0.999665 -0.008492 0.024460 -0.000000 0.014646 0.964487 -0.263726 14.677800 -0.021352 0.263995 0.964288 0.000000 0.000000 0.000000 0.000000 1.000000
0.999461 -0.003850 0.032605 0.000000 0.012402 0.963791 -0.266369 14.677800 -0.030399 0.266629 0.963320 0.000000 0.000000 0.000000 0.000000 1.000000
0.999134 0.012269 0.039749 0.000000 -0.001791 0.967321 -0.253549 14.677800 -0.041561 0.253259 0.966505 0.000000 0.000000 0.000000 0.000000 1.000000
0.998358 0.034006 0.046099 -0.000000 -0.022711 0.973752 -0.226476 14.677800 -0.052591 0.225057 0.972925 0.000000 0.000000 0.000000 0.000000 1.000000
0.997391 0.050014 0.052064 0.000000 -0.039255 0.980940 -0.190305 14.677800 -0.060589 0.187764 0.980344 0.000000 0.000000 0.000000 0.000000 1.000000
0.996964 0.052695 0.057320 -0.000000 -0.042770 0.985805 -0.162358 14.677800 -0.065061 0.159414 0.985066 0.000000 0.000000 0.000000 0.000000 1.000000
0.997195 0.044021 0.060532 0.000000 -0.033725 0.986268 -0.161671 14.677800 -0.066817 0.159176 0.984986 0.000000 0.000000 0.000000 0.000000 1.000000
0.997648 0.033276 0.059923 0.000000 -0.021421 0.981825 -0.188578 14.677800 -0.065109 0.186851 0.980228 0.000000 0.000000 0.000000 0.000000 1.000000
0.998145 0.027299 0.054416 0.000000 -0.014339 0.974102 -0.225653 14.677800 -0.059167 0.224454 0.972687 0.000000 0.000000 0.000000 0.000000 1.000000
0.998730 0.023777 0.044410 0.000000 -0.011683 0.966890 -0.254926 14.677800 -0.049001 0.254083 0.965940 -0.000000 0.000000 0.000000 0.000000 1.000000
0.999374 0.015817 0.031631 0.000000 -0.006751 0.963286 -0.268394 14.677800 -0.034714 0.268013 0.962790 0.000000 0.000000 0.000000 0.000000 1.000000
0.999835 -0.000684 0.018148 -0.000000 0.005493 0.963872 -0.266308 14.677800 -0.017310 0.266364 0.963717 0.000000 0.000000 0.000000 0.000000 1.000000</float_array>
        <technique_common>
          <accessor source="#mixamorig_Spine2-Matrix-animation-output-transform-array" count="20" stride="16">
            <param type="float4x4"/>
          </accessor>
        </technique_common>
      </source>
      <source id="mixamorig_Spine2-Interpolations">
        <Name_array id="mixamorig_Spine2-Interpolations-array" count="20">
 LINEAR LINEAR LINEAR LINEAR LINEAR LINEAR LINEAR LINEAR LINEAR LINEAR LINEAR
LINEAR LINEAR LINEAR LINEAR LINEAR LINEAR LINEAR LINEAR LINEAR</Name_array>
        <technique_common>
          <accessor source="#mixamorig_Spine2-Interpolations-array" count="20">
            <param type="name"/>
          </accessor>
        </technique_common>
      </source>
      <sampler id="mixamorig_Spine2-Matrix-animation-transform">
        <input semantic="INPUT" source="#mixamorig_Spine2-Matrix-animation-input"/>
        <input semantic="OUTPUT" source="#mixamorig_Spine2-Matrix-animation-output-transform"/>
        <input semantic="INTERPOLATION" source="#mixamorig_Spine2-Interpolations"/>
      </sampler>
      <channel source="#mixamorig_Spine2-Matrix-animation-transform" target="mixamorig_Spine2/matrix"/>
    </animation>
    <animation id="mixamorig_Neck-anim" name="mixamorig_Neck">
      <source id="mixamorig_Neck-Matrix-animation-input">
        <float_array id="mixamorig_Neck-Matrix-animation-input-array" count="20">

0.000000 0.033333 0.066667 0.100000 0.133333 0.166667 0.200000 0.233333 0.266667 0.300000 0.333333 0.366667 0.400000 0.433333 0.466667 0.500000
0.533333 0.566667 0.600000 0.633333</float_array>
        <technique_common>
          <accessor source="#mixamorig_Neck-Matrix-animation-input-array" count="20">
            <param name="TIME" type="float"/>
          </accessor>
        </technique_common>
      </source>
      <source id="mixamorig_Neck-Matrix-animation-output-transform">
        <float_array id="mixamorig_Neck-Matrix-animation-output-transform-array" count="320">

0.994673 0.096132 0.037197 0.000000 -0.102996 0.912558 0.395765 16.512501 0.004101 -0.397489 0.917598 0.000000 0.000000 0.000000 0.000000 1.000000
0.990861 0.115662 0.069402 0.000000 -0.132988 0.923701 0.359292 16.512501 -0.022551 -0.365238 0.930641 0.000000 0.000000 0.000000 0.000000 1.000000
0.983987 0.147080 0.100680 0.000000 -0.169997 0.944209 0.282083 16.512501 -0.053574 -0.294682 0.954093 0.000000 0.000000 0.000000 0.000000 1.000000
0.975839 0.180725 0.122791 0.000000 -0.200996 0.962880 0.180175 16.512501 -0.085671 -0.200502 0.975940 -0.000000 0.000000 0.000000 0.000000 1.000000
0.971214 0.199927 0.129512 0.000000 -0.213505 0.971700 0.101072 16.512501 -0.105640 -0.125814 0.986413 -0.000000 0.000000 0.000000 0.000000 1.000000
0.973280 0.195340 0.120697 0.000000 -0.206730 0.974219 0.090327 16.512501 -0.099941 -0.112865 0.988571 0.000000 0.000000 0.000000 0.000000 1.000000
0.978940 0.176524 0.102542 -0.000000 -0.190475 0.970521 0.147677 16.512501 -0.073450 -0.164099 0.983706 0.000000 0.000000 0.000000 0.000000 1.000000
0.983467 0.160465 0.083926 0.000000 -0.176052 0.955767 0.235616 16.512501 -0.042405 -0.246496 0.968216 0.000000 0.000000 0.000000 0.000000 1.000000
0.985926 0.152495 0.068524 0.000000 -0.166402 0.934683 0.314129 16.512501 -0.016145 -0.321111 0.946904 0.000000 0.000000 0.000000 0.000000 1.000000
0.988241 0.144159 0.050972 -0.000000 -0.152842 0.921746 0.356403 16.512501 0.004395 -0.360003 0.932941 -0.000000 0.000000 0.000000 0.000000 1.000000
0.991858 0.124974 0.024480 0.000000 -0.125648 0.929059 0.347939 16.512501 0.020740 -0.348181 0.937198 0.000000 0.000000 0.000000 0.000000 1.000000
0.995652 0.092704 -0.009126 -0.000000 -0.086149 0.953637 0.288366 16.512501 0.035435 -0.286326 0.957477 0.000000 0.000000 0.000000 0.000000 1.000000
0.997616 0.056761 -0.039262 -0.000000 -0.047680 0.978111 0.202549 16.512501 0.049899 -0.200194 0.978485 0.000000 0.000000 0.000000 0.000000 1.000000
0.997906 0.033675 -0.055223 0.000000 -0.025617 0.989733 0.140613 16.512501 0.059391 -0.138904 0.988523 0.000000 0.000000 0.000000 0.000000 1.000000
0.997992 0.033721 -0.053611 -0.000000 -0.025901 0.989757 0.140392 16.512501 0.057796 -0.138722 0.988643 0.000000 0.000000 0.000000 0.000000 1.000000
0.997944 0.050737 -0.039150 0.000000 -0.042197 0.980008 0.194434 16.512501 0.048233 -0.192382 0.980134 0.000000 0.000000 0.000000 0.000000 1.000000
0.997342 0.070009 -0.020198 0.000000 -0.062004 0.961026 0.269415 16.512501 0.038272 -0.267447 0.962812 0.000000 0.000000 0.000000 0.000000 1.000000
0.996553 0.082934 -0.002126 -0.000000 -0.077366 0.938292 0.337080 16.512501 0.029950 -0.335753 0.941474 0.000000 0.000000 0.000000 0.000000 1.000000
0.995797 0.090228 0.015729 0.000000 -0.089389 0.920036 0.381502 16.512501 0.019951 -0.381305 0.924234 0.000000 0.000000 0.000000 0.000000 1.000000
0.994673 0.096132 0.037197 0.000000 -0.102996 0.912558 0.395765 16.512501 0.004101 -0.397489 0.917598 -0.000000 0.000000 0.000000 0.000000 1.000000</float_array>
        <technique_common>
          <accessor source="#mixamorig_Neck-Matrix-animation-output-transform-array" count="20" stride="16">
            <param type="float4x4"/>
          </accessor>
        </technique_common>
      </source>
      <source id="mixamorig_Neck-Interpolations">
        <Name_array id="mixamorig_Neck-Interpolations-array" count="20">
 LINEAR LINEAR LINEAR LINEAR LINEAR LINEAR LINEAR LINEAR LINEAR LINEAR LINEAR
LINEAR LINEAR LINEAR LINEAR LINEAR LINEAR LINEAR LINEAR LINEAR</Name_array>
        <technique_common>
          <accessor source="#mixamorig_Neck-Interpolations-array" count="20">
            <param type="name"/>
          </accessor>
        </technique_common>
      </source>
      <sampler id="mixamorig_Neck-Matrix-animation-transform">
        <input semantic="INPUT" source="#mixamorig_Neck-Matrix-animation-input"/>
        <input semantic="OUTPUT" source="#mixamorig_Neck-Matrix-animation-output-transform"/>
        <input semantic="INTERPOLATION" source="#mixamorig_Neck-Interpolations"/>
      </sampler>
      <channel source="#mixamorig_Neck-Matrix-animation-transform" target="mixamorig_Neck/matrix"/>
    </animation>
    <animation id="mixamorig_Head-anim" name="mixamorig_Head">
      <source id="mixamorig_Head-Matrix-animation-input">
        <float_array id="mixamorig_Head-Matrix-animation-input-array" count="20">

0.000000 0.033333 0.066667 0.100000 0.133333 0.166667 0.200000 0.233333 0.266667 0.300000 0.333333 0.366667 0.400000 0.433333 0.466667 0.500000
0.533333 0.566667 0.600000 0.633333</float_array>
        <technique_common>
          <accessor source="#mixamorig_Head-Matrix-animation-input-array" count="20">
            <param name="TIME" type="float"/>
          </accessor>
        </technique_common>
      </source>
      <source id="mixamorig_Head-Matrix-animation-output-transform">
        <float_array id="mixamorig_Head-Matrix-animation-output-transform-array" count="320">

0.999998 -0.002015 -0.000528 0.000000 0.001745 0.671800 0.740731 7.061100 -0.001138 -0.740730 0.671802 2.298900 0.000000 0.000000 0.000000 1.000000
0.999330 0.005984 0.036095 0.000000 -0.030557 0.679092 0.733417 7.061100 -0.020123 -0.734029 0.678820 2.298900 0.000000 0.000000 0.000000 1.000000
0.997694 0.008861 0.067288 0.000000 -0.055074 0.685081 0.726382 7.061100 -0.039661 -0.728413 0.683989 2.298900 0.000000 0.000000 0.000000 1.000000
0.996423 0.004242 0.084401 0.000000 -0.063801 0.692685 0.718413 7.061100 -0.055416 -0.721228 0.690477 2.298900 0.000000 0.000000 0.000000 1.000000
0.996601 -0.004882 0.082232 0.000000 -0.055327 0.699914 0.712081 7.061100 -0.061032 -0.714210 0.697265 2.298900 0.000000 0.000000 0.000000 1.000000
0.997888 -0.010069 0.064171 0.000000 -0.038662 0.701794 0.711330 7.061100 -0.052198 -0.712309 0.699922 2.298900 0.000000 0.000000 0.000000 1.000000
0.999158 -0.006240 0.040556 -0.000000 -0.024692 0.697976 0.715696 7.061100 -0.032773 -0.716094 0.697234 2.298900 0.000000 0.000000 0.000000 1.000000
0.999784 0.001648 0.020718 0.000000 -0.016072 0.693341 0.720430 7.061100 -0.013177 -0.720608 0.693218 2.298900 0.000000 0.000000 0.000000 1.000000
0.999975 0.004421 0.005573 0.000000 -0.007083 0.691078 0.722745 7.061100 -0.000656 -0.722766 0.691092 2.298900 0.000000 0.000000 0.000000 1.000000
0.999926 -0.000937 -0.012157 0.000000 0.009454 0.689168 0.724540 7.061100 0.007700 -0.724601 0.689126 2.298900 0.000000 0.000000 0.000000 1.000000
0.999159 -0.010550 -0.039617 -0.000000 0.036048 0.686357 0.726371 7.061100 0.019528 -0.727188 0.686160 2.298900 0.000000 0.000000 0.000000 1.000000
0.997033 -0.020304 -0.074251 -0.000000 0.067749 0.689390 0.721216 7.061100 0.036544 -0.724106 0.688720 2.298900 0.000000 0.000000 0.000000 1.000000
0.994298 -0.027776 -0.102952 0.000000 0.092477 0.705309 0.702843 7.061100 0.053091 -0.708356 0.703856 2.298900 0.000000 0.000000 0.000000 1.000000
0.993202 -0.029923 -0.112491 0.000000 0.098972 0.725765 0.680786 7.061100 0.061270 -0.687292 0.723793 2.298900 0.000000 0.000000 0.000000 1.000000
0.994535 -0.025767 -0.101174 0.000000 0.087582 0.733395 0.674137 7.061100 0.056830 -0.679314 0.731644 2.298900 0.000000 0.000000 0.000000 1.000000
0.996623 -0.019641 -0.079725 -0.000000 0.069255 0.722691 0.687693 7.061100 0.044109 -0.690892 0.721611 2.298900 0.000000 0.000000 0.000000 1.000000
0.998055 -0.015898 -0.060278 0.000000 0.054025 0.703023 0.709112 7.061100 0.031103 -0.710989 0.702515 2.298900 0.000000 0.000000 0.000000 1.000000
0.998891 -0.013393 -0.045148 0.000000 0.042038 0.685722 0.726649 7.061100 0.021227 -0.727740 0.685524 2.298900 0.000000 0.000000 0.000000 1.000000
0.999578 -0.008942 -0.027637 -0.000000 0.026419 0.675371 0.737005 7.061100 0.012074 -0.737424 0.675322 2.298900 0.000000 0.000000 0.000000 1.000000
0.999998 -0.002015 -0.000528 0.000000 0.001745 0.671800 0.740731 7.061100 -0.001138 -0.740730 0.671802 2.298900 0.000000 0.000000 0.000000 1.000000</float_array>
        <technique_common>
          <accessor source="#mixamorig_Head-Matrix-animation-output-transform-array" count="20" stride="16">
            <param type="float4x4"/>
          </accessor>
        </technique_common>
      </source>
      <source id="mixamorig_Head-Interpolations">
        <Name_array id="mixamorig_Head-Interpolations-array" count="20">
 LINEAR LINEAR LINEAR LINEAR LINEAR LINEAR LINEAR LINEAR LINEAR LINEAR LINEAR
LINEAR LINEAR LINEAR LINEAR LINEAR LINEAR LINEAR LINEAR LINEAR</Name_array>
        <technique_common>
          <accessor source="#mixamorig_Head-Interpolations-array" count="20">
            <param type="name"/>
          </accessor>
        </technique_common>
      </source>
      <sampler id="mixamorig_Head-Matrix-animation-transform">
        <input semantic="INPUT" source="#mixamorig_Head-Matrix-animation-input"/>
        <input semantic="OUTPUT" source="#mixamorig_Head-Matrix-animation-output-transform"/>
        <input semantic="INTERPOLATION" source="#mixamorig_Head-Interpolations"/>
      </sampler>
      <channel source="#mixamorig_Head-Matrix-animation-transform" target="mixamorig_Head/matrix"/>
    </animation>
    <animation id="mixamorig_LeftShoulder-anim" name="mixamorig_LeftShoulder">
      <source id="mixamorig_LeftShoulder-Matrix-animation-input">
        <float_array id="mixamorig_LeftShoulder-Matrix-animation-input-array" count="20">

0.000000 0.033333 0.066667 0.100000 0.133333 0.166667 0.200000 0.233333 0.266667 0.300000 0.333333 0.366667 0.400000 0.433333 0.466667 0.500000
0.533333 0.566667 0.600000 0.633333</float_array>
        <technique_common>
          <accessor source="#mixamorig_LeftShoulder-Matrix-animation-input-array" count="20">
            <param name="TIME" type="float"/>
          </accessor>
        </technique_common>
      </source>
      <source id="mixamorig_LeftShoulder-Matrix-animation-output-transform">
        <float_array id="mixamorig_LeftShoulder-Matrix-animation-output-transform-array" count="320">

-0.152620 0.950664 -0.270083 6.916900 0.049453 -0.265596 -0.962815 14.057100 -0.987047 -0.160302 -0.006477 -0.221900 0.000000 0.000000 0.000000 1.000000
-0.153979 0.950781 -0.268899 6.916900 0.049217 -0.264426 -0.963149 14.057100 -0.986848 -0.161540 -0.006078 -0.221900 0.000000 0.000000 0.000000 1.000000
-0.156630 0.948271 -0.276133 6.916900 0.050691 -0.271497 -0.961103 14.057100 -0.986356 -0.164535 -0.005544 -0.221900 0.000000 0.000000 0.000000 1.000000
-0.161760 0.943367 -0.289642 6.916900 0.053533 -0.284687 -0.957125 14.057100 -0.985377 -0.170330 -0.004450 -0.221900 0.000000 0.000000 0.000000 1.000000
-0.166331 0.939223 -0.300324 6.916900 0.055895 -0.295097 -0.953831 14.057100 -0.984484 -0.175439 -0.003414 -0.221900 0.000000 0.000000 0.000000 1.000000
-0.164379 0.939741 -0.299776 6.916900 0.055739 -0.294576 -0.954001 14.057100 -0.984821 -0.173527 -0.003958 -0.221900 0.000000 0.000000 0.000000 1.000000
-0.155315 0.944351 -0.289962 6.916900 0.053532 -0.285047 -0.957018 14.057100 -0.986413 -0.164162 -0.006281 -0.221900 0.000000 0.000000 0.000000 1.000000
-0.147811 0.948677 -0.279577 6.916900 0.051393 -0.274933 -0.960089 14.057100 -0.987679 -0.156280 -0.008117 -0.221900 0.000000 0.000000 0.000000 1.000000
-0.150470 0.950337 -0.272432 6.916900 0.049965 -0.267907 -0.962148 14.057100 -0.987351 -0.158386 -0.007171 -0.221900 0.000000 0.000000 0.000000 1.000000
-0.160393 0.950703 -0.265402 6.916900 0.048469 -0.260973 -0.964129 14.057100 -0.985863 -0.167503 -0.004221 -0.221900 0.000000 0.000000 0.000000 1.000000
-0.166515 0.951551 -0.258504 6.916900 0.046954 -0.254214 -0.966007 14.057100 -0.984920 -0.172992 -0.002349 -0.221900 0.000000 0.000000 0.000000 1.000000
-0.163809 0.951771 -0.259420 6.916900 0.047206 -0.255108 -0.965759 14.057100 -0.985362 -0.170446 -0.003141 -0.221900 0.000000 0.000000 0.000000 1.000000
-0.159301 0.948586 -0.273509 6.916900 0.050191 -0.268907 -0.961858 14.057100 -0.985953 -0.166952 -0.004774 -0.221900 0.000000 0.000000 0.000000 1.000000
-0.162689 0.942129 -0.293132 6.916900 0.054284 -0.288093 -0.956063 14.057100 -0.985183 -0.171453 -0.004273 -0.221900 0.000000 0.000000 0.000000 1.000000
-0.173979 0.937238 -0.302185 6.916900 0.056473 -0.296864 -0.953248 14.057100 -0.983129 -0.182910 -0.001280 -0.221900 0.000000 0.000000 0.000000 1.000000
-0.182790 0.938432 -0.293142 6.916900 0.054653 -0.288006 -0.956068 14.057100 -0.981632 -0.190781 0.001356 -0.221900 0.000000 0.000000 0.000000 1.000000
-0.179917 0.944079 -0.276306 6.916900 0.050805 -0.271596 -0.961069 14.057100 -0.982369 -0.186951 0.000901 -0.221900 0.000000 0.000000 0.000000 1.000000
-0.167618 0.948965 -0.267150 6.916900 0.048821 -0.262661 -0.963652 14.057100 -0.984642 -0.174569 -0.002303 -0.221900 0.000000 0.000000 0.000000 1.000000
-0.155923 0.950663 -0.268193 6.916900 0.049097 -0.263720 -0.963349 14.057100 -0.986548 -0.163375 -0.005554 -0.221900 0.000000 0.000000 0.000000 1.000000
-0.152620 0.950664 -0.270083 6.916900 0.049453 -0.265596 -0.962815 14.057100 -0.987047 -0.160302 -0.006478 -0.221900 0.000000 0.000000 0.000000 1.000000</float_array>
        <technique_common>
          <accessor source="#mixamorig_LeftShoulder-Matrix-animation-output-transform-array" count="20" stride="16">
            <param type="float4x4"/>
          </accessor>
        </technique_common>
      </source>
      <source id="mixamorig_LeftShoulder-Interpolations">
        <Name_array id="mixamorig_LeftShoulder-Interpolations-array" count="20">
 LINEAR LINEAR LINEAR LINEAR LINEAR LINEAR LINEAR LINEAR LINEAR LINEAR LINEAR
LINEAR LINEAR LINEAR LINEAR LINEAR LINEAR LINEAR LINEAR LINEAR</Name_array>
        <technique_common>
          <accessor source="#mixamorig_LeftShoulder-Interpolations-array" count="20">
            <param type="name"/>
          </accessor>
        </technique_common>
      </source>
      <sampler id="mixamorig_LeftShoulder-Matrix-animation-transform">
        <input semantic="INPUT" source="#mixamorig_LeftShoulder-Matrix-animation-input"/>
        <input semantic="OUTPUT" source="#mixamorig_LeftShoulder-Matrix-animation-output-transform"/>
        <input semantic="INTERPOLATION" source="#mixamorig_LeftShoulder-Interpolations"/>
      </sampler>
      <channel source="#mixamorig_LeftShoulder-Matrix-animation-transform" target="mixamorig_LeftShoulder/matrix"/>
    </animation>
    <animation id="mixamorig_LeftArm-anim" name="mixamorig_LeftArm">
      <source id="mixamorig_LeftArm-Matrix-animation-input">
        <float_array id="mixamorig_LeftArm-Matrix-animation-input-array" count="20">

0.000000 0.033333 0.066667 0.100000 0.133333 0.166667 0.200000 0.233333 0.266667 0.300000 0.333333 0.366667 0.400000 0.433333 0.466667 0.500000
0.533333 0.566667 0.600000 0.633333</float_array>
        <technique_common>
          <accessor source="#mixamorig_LeftArm-Matrix-animation-input-array" count="20">
            <param name="TIME" type="float"/>
          </accessor>
        </technique_common>
      </source>
      <source id="mixamorig_LeftArm-Matrix-animation-output-transform">
        <float_array id="mixamorig_LeftArm-Matrix-animation-output-transform-array" count="320">

0.899427 0.007587 0.437006 0.000000 0.306595 0.701634 -0.643202 14.531800 -0.311498 0.712497 0.628742 0.000000 0.000000 0.000000 0.000000 1.000000
0.898805 0.042051 0.436327 0.000000 0.283248 0.703957 -0.651318 14.531800 -0.334544 0.708996 0.620809 0.000000 0.000000 0.000000 0.000000 1.000000
0.903847 0.101729 0.415587 -0.000000 0.234174 0.695303 -0.679497 14.531800 -0.358083 0.711481 0.604625 0.000000 0.000000 0.000000 0.000000 1.000000
0.909797 0.168885 0.379141 0.000000 0.169934 0.681835 -0.711494 14.531800 -0.378672 0.711744 0.591632 0.000000 0.000000 0.000000 0.000000 1.000000
0.913919 0.209587 0.347600 0.000000 0.121396 0.676038 -0.726798 14.531800 -0.387319 0.706431 0.592401 -0.000000 0.000000 0.000000 0.000000 1.000000
0.919830 0.189298 0.343626 -0.000000 0.124375 0.690002 -0.713041 14.531800 -0.372080 0.698615 0.611141 0.000000 0.000000 0.000000 0.000000 1.000000
0.926647 0.105326 0.360877 0.000000 0.184606 0.708746 -0.680881 14.531800 -0.327485 0.697556 0.637313 0.000000 0.000000 0.000000 0.000000 1.000000
0.928350 -0.001522 0.371703 0.000000 0.264692 0.704779 -0.658198 14.531800 -0.260967 0.709425 0.654685 0.000000 0.000000 0.000000 0.000000 1.000000
0.928954 -0.080726 0.361286 0.000000 0.316864 0.678021 -0.663238 14.531800 -0.191419 0.730596 0.655429 0.000000 0.000000 0.000000 0.000000 1.000000
0.935039 -0.106297 0.338236 0.000000 0.322452 0.651585 -0.686630 14.531800 -0.147403 0.751091 0.643533 0.000000 0.000000 0.000000 0.000000 1.000000
0.944162 -0.079659 0.319706 -0.000000 0.292341 0.650093 -0.701367 14.531800 -0.151969 0.755667 0.637081 0.000000 0.000000 0.000000 0.000000 1.000000
0.949661 -0.009378 0.313138 0.000000 0.234882 0.682735 -0.691884 14.531800 -0.207302 0.730606 0.650570 0.000000 0.000000 0.000000 0.000000 1.000000
0.944798 0.100331 0.311913 0.000000 0.145159 0.725272 -0.672986 14.531800 -0.293743 0.681113 0.670672 0.000000 0.000000 0.000000 0.000000 1.000000
0.931428 0.205752 0.300181 -0.000000 0.053360 0.738714 -0.671904 14.531800 -0.359994 0.641847 0.677079 0.000000 0.000000 0.000000 0.000000 1.000000
0.931541 0.238445 0.274546 0.000000 0.017308 0.725072 -0.688456 14.531800 -0.363224 0.646077 0.671307 0.000000 0.000000 0.000000 0.000000 1.000000
0.945391 0.195330 0.260924 0.000000 0.051527 0.700899 -0.711396 14.531800 -0.321838 0.685993 0.652560 0.000000 0.000000 0.000000 0.000000 1.000000
0.949777 0.124138 0.287253 -0.000000 0.129680 0.679282 -0.722329 14.531800 -0.284794 0.723302 0.629068 0.000000 0.000000 0.000000 0.000000 1.000000
0.936308 0.056984 0.346525 0.000000 0.218750 0.677297 -0.702437 14.531800 -0.274728 0.733500 0.621693 0.000000 0.000000 0.000000 0.000000 1.000000
0.914384 0.009831 0.404728 0.000000 0.286395 0.690883 -0.663821 14.531800 -0.286146 0.722899 0.628917 0.000000 0.000000 0.000000 0.000000 1.000000
0.899426 0.007587 0.437006 0.000000 0.306595 0.701634 -0.643202 14.531800 -0.311498 0.712497 0.628742 0.000000 0.000000 0.000000 0.000000 1.000000</float_array>
        <technique_common>
          <accessor source="#mixamorig_LeftArm-Matrix-animation-output-transform-array" count="20" stride="16">
            <param type="float4x4"/>
          </accessor>
        </technique_common>
      </source>
      <source id="mixamorig_LeftArm-Interpolations">
        <Name_array id="mixamorig_LeftArm-Interpolations-array" count="20">
 LINEAR LINEAR LINEAR LINEAR LINEAR LINEAR LINEAR LINEAR LINEAR LINEAR LINEAR
LINEAR LINEAR LINEAR LINEAR LINEAR LINEAR LINEAR LINEAR LINEAR</Name_array>
        <technique_common>
          <accessor source="#mixamorig_LeftArm-Interpolations-array" count="20">
            <param type="name"/>
          </accessor>
        </technique_common>
      </source>
