<?xml version="1.0" encoding="utf-8"?>
<COLLADA xmlns="http://www.collada.org/2005/11/COLLADASchema" version="1.4.1">
  <asset>
    <contributor>
      <author>Mixamo</author>
      <authoring_tool>COLLADA Mixamo exporter</authoring_tool>
      <comments/>
    </contributor>
    <created>2025-01-12T17:10:25Z</created>
    <modified>2025-01-12T17:10:25Z</modified>
    <revision/>
    <title/>
    <unit meter="0.010000"/>
    <up_axis>Y_UP</up_axis>
  </asset>
  <library_animations>
    <animation id="mixamorig_Hips-anim" name="mixamorig_Hips">
      <source id="mixamorig_Hips-Matrix-animation-input">
        <float_array id="mixamorig_Hips-Matrix-animation-input-array" count="24">

0.000000 0.033333 0.066667 0.100000 0.133333 0.166667 0.200000 0.233333 0.266667 0.300000 0.333333 0.366667 0.400000 0.433333 0.466667 0.500000
0.533333 0.566667 0.600000 0.633333 0.666667 0.700000 0.733333 0.766667</float_array>
        <technique_common>
          <accessor source="#mixamorig_Hips-Matrix-animation-input-array" count="24">
            <param name="TIME" type="float"/>
          </accessor>
        </technique_common>
      </source>
      <source id="mixamorig_Hips-Matrix-animation-output-transform">
        <float_array id="mixamorig_Hips-Matrix-animation-output-transform-array" count="384">

0.994815 -0.067444 -0.076120 0.705705 -0.005665 0.710564 -0.703609 75.079941 0.101543 0.700392 0.706498 1.223928 0.000000 0.000000 0.000000 1.000000
0.990907 0.047220 -0.125990 1.869423 -0.117879 0.756122 -0.643727 81.264145 0.064867 0.652725 0.754812 1.107905 0.000000 0.000000 0.000000 1.000000
0.976042 0.146759 -0.160634 3.067608 -0.214433 0.773950 -0.595835 88.738533 0.036878 0.616006 0.786878 0.553349 0.000000 0.000000 0.000000 1.000000
0.965824 0.210023 -0.151902 3.979859 -0.259183 0.788971 -0.557090 96.750008 0.002845 0.577422 0.816441 -0.141468 0.000000 0.000000 0.000000 1.000000
0.969649 0.227872 -0.088624 4.261462 -0.240389 0.822328 -0.515742 103.992889 -0.044645 0.521393 0.852148 -0.988905 0.000000 0.000000 0.000000 1.000000
0.978031 0.208074 0.012691 3.781288 -0.179065 0.869729 -0.459900 109.255096 -0.106731 0.447524 0.887880 -2.167217 0.000000 0.000000 0.000000 1.000000
0.978366 0.171517 0.115679 2.614081 -0.111095 0.907270 -0.405610 111.840668 -0.174521 0.383984 0.906697 -3.838528 0.000000 0.000000 0.000000 1.000000
0.971205 0.142202 0.191154 1.130552 -0.057770 0.918955 -0.390108 112.114517 -0.231136 0.367832 0.900709 -5.380774 0.000000 0.000000 0.000000 1.000000
0.960839 0.135057 0.241965 -0.309154 -0.020228 0.905042 -0.424840 110.874428 -0.276366 0.403308 0.872332 -6.309273 0.000000 0.000000 0.000000 1.000000
0.948741 0.131267 0.287506 -1.423283 0.021680 0.880498 -0.473553 108.327202 -0.315311 0.455512 0.832519 -6.167832 0.000000 0.000000 0.000000 1.000000
0.936794 0.094706 0.336819 -2.178558 0.086240 0.870466 -0.484615 104.565811 -0.339086 0.483032 0.807280 -4.838096 0.000000 0.000000 0.000000 1.000000
0.927971 0.014348 0.372376 -2.668237 0.161699 0.884783 -0.437050 99.750984 -0.335742 0.465783 0.818733 -2.851541 0.000000 0.000000 0.000000 1.000000
0.928580 -0.071266 0.364226 -2.852849 0.211083 0.908614 -0.360367 94.441299 -0.305259 0.411511 0.858764 -1.298485 0.000000 0.000000 0.000000 1.000000
0.950795 -0.098719 0.293673 -2.470567 0.190854 0.933301 -0.304177 89.808136 -0.244057 0.345259 0.906219 -1.021471 0.000000 0.000000 0.000000 1.000000
0.978354 -0.063655 0.196905 -1.486845 0.117326 0.954429 -0.274409 85.604187 -0.170465 0.291571 0.941238 -1.154716 0.000000 0.000000 0.000000 1.000000
0.994736 -0.009510 0.102033 -0.161214 0.035537 0.965911 -0.256424 82.486679 -0.096116 0.258700 0.961164 -0.751403 0.000000 0.000000 0.000000 1.000000
0.999619 0.010314 0.025611 1.020549 -0.003444 0.966941 -0.254976 80.668747 -0.027394 0.254791 0.966608 0.594265 0.000000 0.000000 0.000000 1.000000
0.999254 -0.017036 -0.034664 1.926705 0.006375 0.957907 -0.287008 79.660522 0.038095 0.286573 0.957301 2.794317 0.000000 0.000000 0.000000 1.000000
0.994666 -0.063499 -0.081281 2.468993 0.030897 0.935279 -0.352561 78.707253 0.098407 0.348169 0.932252 4.841969 0.000000 0.000000 0.000000 1.000000
0.989793 -0.098193 -0.103288 2.535470 0.044537 0.901580 -0.430314 77.359802 0.135376 0.421321 0.896751 5.708116 0.000000 0.000000 0.000000 1.000000
0.990306 -0.102813 -0.093405 2.215788 0.042441 0.864230 -0.501303 76.088341 0.132264 0.492479 0.860216 5.066875 0.000000 0.000000 0.000000 1.000000
0.993902 -0.087900 -0.066583 1.761361 0.034927 0.823664 -0.566001 75.278008 0.104594 0.560224 0.821711 3.653250 0.000000 0.000000 0.000000 1.000000
0.996025 -0.071700 -0.052845 1.258462 0.022168 0.774182 -0.632575 74.986023 0.086267 0.628889 0.772694 2.288077 0.000000 0.000000 0.000000 1.000000
0.994815 -0.067444 -0.076120 0.705704 -0.005665 0.710564 -0.703610 75.079926 0.101543 0.700393 0.706498 1.223934 0.000000 0.000000 0.000000 1.000000</float_array>
        <technique_common>
          <accessor source="#mixamorig_Hips-Matrix-animation-output-transform-array" count="24" stride="16">
            <param type="float4x4"/>
          </accessor>
        </technique_common>
      </source>
      <source id="mixamorig_Hips-Interpolations">
        <Name_array id="mixamorig_Hips-Interpolations-array" count="24">
 LINEAR LINEAR LINEAR LINEAR LINEAR LINEAR LINEAR LINEAR LINEAR LINEAR LINEAR
LINEAR LINEAR LINEAR LINEAR LINEAR LINEAR LINEAR LINEAR LINEAR LINEAR LINEAR LINEAR
LINEAR</Name_array>
        <technique_common>
          <accessor source="#mixamorig_Hips-Interpolations-array" count="24">
            <param type="name"/>
          </accessor>
        </technique_common>
      </source>
      <sampler id="mixamorig_Hips-Matrix-animation-transform">
        <input semantic="INPUT" source="#mixamorig_Hips-Matrix-animation-input"/>
        <input semantic="OUTPUT" source="#mixamorig_Hips-Matrix-animation-output-transform"/>
        <input semantic="INTERPOLATION" source="#mixamorig_Hips-Interpolations"/>
      </sampler>
      <channel source="#mixamorig_Hips-Matrix-animation-transform" target="mixamorig_Hips/matrix"/>
    </animation>
    <animation id="mixamorig_Spine-anim" name="mixamorig_Spine">
      <source id="mixamorig_Spine-Matrix-animation-input">
        <float_array id="mixamorig_Spine-Matrix-animation-input-array" count="24">

0.000000 0.033333 0.066667 0.100000 0.133333 0.166667 0.200000 0.233333 0.266667 0.300000 0.333333 0.366667 0.400000 0.433333 0.466667 0.500000
0.533333 0.566667 0.600000 0.633333 0.666667 0.700000 0.733333 0.766667</float_array>
        <technique_common>
          <accessor source="#mixamorig_Spine-Matrix-animation-input-array" count="24">
            <param name="TIME" type="float"/>
          </accessor>
        </technique_common>
      </source>
      <source id="mixamorig_Spine-Matrix-animation-output-transform">
        <float_array id="mixamorig_Spine-Matrix-animation-output-transform-array" count="384">

0.999926 0.007138 0.009861 -0.000000 -0.004207 0.962766 -0.270303 10.969700 -0.011423 0.270242 0.962725 -0.921700 0.000000 0.000000 0.000000 1.000000
0.987013 -0.136626 -0.084496 -0.000000 0.122174 0.979950 -0.157391 10.969700 0.104305 0.145024 0.983915 -0.921700 0.000000 0.000000 0.000000 1.000000
0.959442 -0.245918 -0.137822 0.000000 0.237674 0.968550 -0.073637 10.969700 0.151596 0.037894 0.987716 -0.921700 0.000000 0.000000 0.000000 1.000000
0.943969 -0.296361 -0.145231 0.000000 0.296069 0.954862 -0.024125 10.969700 0.145825 -0.020225 0.989104 -0.921700 0.000000 0.000000 0.000000 1.000000
0.950572 -0.285383 -0.122347 0.000000 0.285110 0.958284 -0.020113 10.969700 0.122984 -0.015763 0.992284 -0.921700 0.000000 0.000000 0.000000 1.000000
0.966631 -0.237660 -0.095615 0.000000 0.232110 0.970472 -0.065650 10.969700 0.108394 0.041266 0.993251 -0.921700 0.000000 0.000000 0.000000 1.000000
0.979108 -0.185538 -0.083206 0.000000 0.173359 0.975519 -0.135308 10.969700 0.106274 0.118057 0.987304 -0.921700 0.000000 0.000000 0.000000 1.000000
0.985548 -0.146240 -0.085497 -0.000000 0.127940 0.973384 -0.190142 10.969700 0.111028 0.176455 0.978027 -0.921700 0.000000 0.000000 0.000000 1.000000
0.987657 -0.119641 -0.101096 -0.000000 0.096287 0.972820 -0.210595 10.969700 0.123544 0.198261 0.972332 -0.921700 0.000000 0.000000 0.000000 1.000000
0.987201 -0.084003 -0.135561 0.000000 0.055158 0.977417 -0.203993 10.969700 0.149636 0.193905 0.969541 -0.921700 0.000000 0.000000 0.000000 1.000000
0.981544 -0.018441 -0.190347 0.000000 -0.017718 0.982290 -0.186528 10.969700 0.190415 0.186458 0.963834 -0.921700 0.000000 0.000000 0.000000 1.000000
0.966954 0.070610 -0.244979 0.000000 -0.113673 0.979490 -0.166364 10.969700 0.228207 0.188714 0.955148 -0.921700 0.000000 0.000000 0.000000 1.000000
0.953179 0.144192 -0.265818 0.000000 -0.190080 0.969330 -0.155783 10.969700 0.235203 0.199015 0.951353 -0.921700 0.000000 0.000000 0.000000 1.000000
0.961742 0.156173 -0.225084 0.000000 -0.197468 0.964669 -0.174414 10.969700 0.189893 0.212189 0.958601 -0.921700 0.000000 0.000000 0.000000 1.000000
0.982470 0.109413 -0.150934 0.000000 -0.140334 0.967041 -0.212459 10.969700 0.122714 0.229916 0.965443 -0.921700 0.000000 0.000000 0.000000 1.000000
0.997033 0.042396 -0.064242 0.000000 -0.056710 0.968947 -0.240678 10.969700 0.052044 0.243608 0.968477 -0.921700 0.000000 0.000000 0.000000 1.000000
0.999820 0.000208 0.018973 0.000000 0.004260 0.971954 -0.235133 10.969700 -0.018490 0.235171 0.971778 -0.921700 0.000000 0.000000 0.000000 1.000000
0.995644 -0.000952 0.093231 0.000000 0.019146 0.980724 -0.194456 10.969700 -0.091249 0.195394 0.976471 -0.921700 0.000000 0.000000 0.000000 1.000000
0.988579 0.023304 0.148893 0.000000 -0.001301 0.989254 -0.146199 10.969700 -0.150700 0.144336 0.977986 -0.921700 0.000000 0.000000 0.000000 1.000000
0.984890 0.048320 0.166305 0.000000 -0.026981 0.991373 -0.128260 10.969700 -0.171068 0.121835 0.977697 -0.921700 0.000000 0.000000 0.000000 1.000000
0.989092 0.050589 0.138339 0.000000 -0.028920 0.987588 -0.154382 10.969700 -0.144432 0.148698 0.978278 -0.921700 0.000000 0.000000 0.000000 1.000000
0.995977 0.033158 0.083246 0.000000 -0.015253 0.978192 -0.207141 10.969700 -0.088299 0.205038 0.974763 -0.921700 0.000000 0.000000 0.000000 1.000000
0.999368 0.013220 0.032995 0.000000 -0.004409 0.967195 -0.253998 10.969700 -0.035270 0.253692 0.966642 -0.921700 0.000000 0.000000 0.000000 1.000000
0.999926 0.007138 0.009861 -0.000000 -0.004207 0.962766 -0.270304 10.969700 -0.011423 0.270242 0.962725 -0.921700 0.000000 0.000000 0.000000 1.000000</float_array>
        <technique_common>
          <accessor source="#mixamorig_Spine-Matrix-animation-output-transform-array" count="24" stride="16">
            <param type="float4x4"/>
          </accessor>
        </technique_common>
      </source>
      <source id="mixamorig_Spine-Interpolations">
        <Name_array id="mixamorig_Spine-Interpolations-array" count="24">
 LINEAR LINEAR LINEAR LINEAR LINEAR LINEAR LINEAR LINEAR LINEAR LINEAR LINEAR
LINEAR LINEAR LINEAR LINEAR LINEAR LINEAR LINEAR LINEAR LINEAR LINEAR LINEAR LINEAR
LINEAR</Name_array>
        <technique_common>
          <accessor source="#mixamorig_Spine-Interpolations-array" count="24">
            <param type="name"/>
          </accessor>
        </technique_common>
      </source>
      <sampler id="mixamorig_Spine-Matrix-animation-transform">
        <input semantic="INPUT" source="#mixamorig_Spine-Matrix-animation-input"/>
        <input semantic="OUTPUT" source="#mixamorig_Spine-Matrix-animation-output-transform"/>
        <input semantic="INTERPOLATION" source="#mixamorig_Spine-Interpolations"/>
      </sampler>
      <channel source="#mixamorig_Spine-Matrix-animation-transform" target="mixamorig_Spine/matrix"/>
    </animation>
    <animation id="mixamorig_Spine1-anim" name="mixamorig_Spine1">
      <source id="mixamorig_Spine1-Matrix-animation-input">
        <float_array id="mixamorig_Spine1-Matrix-animation-input-array" count="24">

0.000000 0.033333 0.066667 0.100000 0.133333 0.166667 0.200000 0.233333 0.266667 0.300000 0.333333 0.366667 0.400000 0.433333 0.466667 0.500000
0.533333 0.566667 0.600000 0.633333 0.666667 0.700000 0.733333 0.766667</float_array>
        <technique_common>
          <accessor source="#mixamorig_Spine1-Matrix-animation-input-array" count="24">
            <param name="TIME" type="float"/>
          </accessor>
        </technique_common>
      </source>
      <source id="mixamorig_Spine1-Matrix-animation-output-transform">
        <float_array id="mixamorig_Spine1-Matrix-animation-output-transform-array" count="384">

0.999920 -0.006116 0.011059 -0.000000 0.007511 0.991382 -0.130786 12.843100 -0.010164 0.130858 0.991349 0.000000 0.000000 0.000000 0.000000 1.000000
0.998082 -0.035705 -0.050579 -0.000000 0.029559 0.992640 -0.117438 12.843100 0.054400 0.115718 0.991791 -0.000000 0.000000 0.000000 0.000000 1.000000
0.994504 -0.065218 -0.081906 0.000000 0.056699 0.993132 -0.102344 12.843100 0.088018 0.097137 0.991371 0.000000 0.000000 0.000000 0.000000 1.000000
0.993080 -0.085613 -0.080385 -0.000000 0.078286 0.992837 -0.090257 12.843100 0.087536 0.083340 0.992669 0.000000 0.000000 0.000000 0.000000 1.000000
0.994348 -0.089030 -0.057836 0.000000 0.083563 0.992347 -0.090915 12.843100 0.065488 0.085568 0.994178 0.000000 0.000000 0.000000 0.000000 1.000000
0.996531 -0.075288 -0.035478 0.000000 0.070883 0.991145 -0.112284 12.843100 0.043618 0.109379 0.993043 0.000000 0.000000 0.000000 0.000000 1.000000
0.998230 -0.053244 -0.026485 -0.000000 0.048768 0.987820 -0.147758 12.843100 0.034029 0.146205 0.988669 -0.000000 0.000000 0.000000 0.000000 1.000000
0.998969 -0.034560 -0.029446 -0.000000 0.028806 0.983732 -0.177316 12.843100 0.035095 0.176285 0.983713 0.000000 0.000000 0.000000 0.000000 1.000000
0.999021 -0.023925 -0.037202 0.000000 0.016685 0.982790 -0.183970 12.843100 0.040963 0.183169 0.982228 0.000000 0.000000 0.000000 0.000000 1.000000
0.998775 -0.014202 -0.047394 0.000000 0.006071 0.985856 -0.167482 12.843100 0.049102 0.166990 0.984735 0.000000 0.000000 0.000000 0.000000 1.000000
0.998054 0.006230 -0.062042 0.000000 -0.015105 0.989516 -0.143628 12.843100 0.060497 0.144286 0.987685 0.000000 0.000000 0.000000 0.000000 1.000000
0.996109 0.038463 -0.079289 0.000000 -0.048668 0.990176 -0.131084 12.843100 0.073468 0.134433 0.988195 0.000000 0.000000 0.000000 0.000000 1.000000
0.993660 0.067168 -0.090158 0.000000 -0.079319 0.987142 -0.138777 12.843100 0.079677 0.145049 0.986211 0.000000 0.000000 0.000000 0.000000 1.000000
0.993582 0.073938 -0.085602 -0.000000 -0.087148 0.982834 -0.162612 12.843100 0.072109 0.169028 0.982970 0.000000 0.000000 0.000000 0.000000 1.000000
0.996315 0.056588 -0.064460 -0.000000 -0.067825 0.979784 -0.188209 12.843100 0.052506 0.191887 0.980011 0.000000 0.000000 0.000000 0.000000 1.000000
0.998954 0.031961 -0.032693 0.000000 -0.037843 0.979282 -0.198932 12.843100 0.025658 0.199961 0.979468 0.000000 0.000000 0.000000 0.000000 1.000000
0.999817 0.018792 0.003561 0.000000 -0.017795 0.982213 -0.186927 12.843100 -0.007010 0.186830 0.982367 0.000000 0.000000 0.000000 0.000000 1.000000
0.998968 0.020345 0.040614 0.000000 -0.013647 0.987207 -0.158858 12.843100 -0.043326 0.158139 0.986466 -0.000000 0.000000 0.000000 0.000000 1.000000
0.997071 0.025458 0.072127 0.000000 -0.015764 0.991136 -0.131916 12.843100 -0.074846 0.130393 0.988633 0.000000 0.000000 0.000000 0.000000 1.000000
0.995914 0.023396 0.087220 0.000000 -0.012710 0.992557 -0.121116 12.843100 -0.089404 0.119513 0.988799 -0.000000 0.000000 0.000000 0.000000 1.000000
0.996778 0.013843 0.079010 0.000000 -0.003630 0.991773 -0.127961 12.843100 -0.080132 0.127262 0.988627 -0.000000 0.000000 0.000000 0.000000 1.000000
0.998551 0.003368 0.053702 0.000000 0.004211 0.990087 -0.140390 12.843100 -0.053642 0.140413 0.988639 0.000000 0.000000 0.000000 0.000000 1.000000
0.999640 -0.003341 0.026625 0.000000 0.007139 0.989573 -0.143858 12.843100 -0.025867 0.143996 0.989240 0.000000 0.000000 0.000000 0.000000 1.000000
0.999920 -0.006116 0.011059 -0.000000 0.007511 0.991382 -0.130785 12.843100 -0.010164 0.130858 0.991349 0.000000 0.000000 0.000000 0.000000 1.000000</float_array>
        <technique_common>
          <accessor source="#mixamorig_Spine1-Matrix-animation-output-transform-array" count="24" stride="16">
            <param type="float4x4"/>
          </accessor>
        </technique_common>
      </source>
      <source id="mixamorig_Spine1-Interpolations">
        <Name_array id="mixamorig_Spine1-Interpolations-array" count="24">
 LINEAR LINEAR LINEAR LINEAR LINEAR LINEAR LINEAR LINEAR LINEAR LINEAR LINEAR
LINEAR LINEAR LINEAR LINEAR LINEAR LINEAR LINEAR LINEAR LINEAR LINEAR LINEAR LINEAR
LINEAR</Name_array>
        <technique_common>
          <accessor source="#mixamorig_Spine1-Interpolations-array" count="24">
            <param type="name"/>
          </accessor>
        </technique_common>
      </source>
      <sampler id="mixamorig_Spine1-Matrix-animation-transform">
        <input semantic="INPUT" source="#mixamorig_Spine1-Matrix-animation-input"/>
        <input semantic="OUTPUT" source="#mixamorig_Spine1-Matrix-animation-output-transform"/>
        <input semantic="INTERPOLATION" source="#mixamorig_Spine1-Interpolations"/>
      </sampler>
      <channel source="#mixamorig_Spine1-Matrix-animation-transform" target="mixamorig_Spine1/matrix"/>
    </animation>
    <animation id="mixamorig_Spine2-anim" name="mixamorig_Spine2">
      <source id="mixamorig_Spine2-Matrix-animation-input">
        <float_array id="mixamorig_Spine2-Matrix-animation-input-array" count="24">

0.000000 0.033333 0.066667 0.100000 0.133333 0.166667 0.200000 0.233333 0.266667 0.300000 0.333333 0.366667 0.400000 0.433333 0.466667 0.500000
0.533333 0.566667 0.600000 0.633333 0.666667 0.700000 0.733333 0.766667</float_array>
        <technique_common>
          <accessor source="#mixamorig_Spine2-Matrix-animation-input-array" count="24">
            <param name="TIME" type="float"/>
          </accessor>
        </technique_common>
      </source>
      <source id="mixamorig_Spine2-Matrix-animation-output-transform">
        <float_array id="mixamorig_Spine2-Matrix-animation-output-transform-array" count="384">

0.999835 -0.000684 0.018148 -0.000000 0.005493 0.963872 -0.266308 14.677800 -0.017310 0.266364 0.963717 -0.000000 0.000000 0.000000 0.000000 1.000000
0.998368 -0.028392 -0.049550 0.000000 0.018370 0.981203 -0.192102 14.677800 0.054072 0.190878 0.980123 0.000000 0.000000 0.000000 0.000000 1.000000
0.994588 -0.057368 -0.086625 0.000000 0.045888 0.990564 -0.129140 14.677800 0.093216 0.124466 0.987836 -0.000000 0.000000 0.000000 0.000000 1.000000
0.992920 -0.079104 -0.088614 0.000000 0.071031 0.993331 -0.090823 14.677800 0.095208 0.083885 0.991917 0.000000 0.000000 0.000000 0.000000 1.000000
0.994130 -0.085117 -0.066791 0.000000 0.079295 0.993183 -0.085441 14.677800 0.073608 0.079643 0.994102 0.000000 0.000000 0.000000 0.000000 1.000000
0.996322 -0.073682 -0.043753 -0.000000 0.068497 0.991563 -0.110047 14.677800 0.051492 0.106645 0.992963 0.000000 0.000000 0.000000 0.000000 1.000000
0.998026 -0.052625 -0.034283 0.000000 0.046999 0.987849 -0.148138 14.677800 0.041662 0.146234 0.988372 0.000000 0.000000 0.000000 0.000000 1.000000
0.998730 -0.033930 -0.037247 0.000000 0.026815 0.983814 -0.177177 14.677800 0.042656 0.175953 0.983474 0.000000 0.000000 0.000000 0.000000 1.000000
0.998711 -0.023458 -0.045011 0.000000 0.014872 0.983116 -0.182380 14.677800 0.048530 0.181476 0.982197 0.000000 0.000000 0.000000 0.000000 1.000000
0.998365 -0.014837 -0.055198 0.000000 0.005524 0.986248 -0.165179 14.677800 0.056890 0.164604 0.984718 0.000000 0.000000 0.000000 0.000000 1.000000
0.997548 0.004094 -0.069859 0.000000 -0.013947 0.989891 -0.141143 14.677800 0.068575 0.141772 0.987521 0.000000 0.000000 0.000000 0.000000 1.000000
0.995630 0.035870 -0.086220 -0.000000 -0.046820 0.990598 -0.128542 14.677800 0.080798 0.132017 0.987949 0.000000 0.000000 0.000000 0.000000 1.000000
0.993363 0.065911 -0.094266 -0.000000 -0.078493 0.987500 -0.136687 14.677800 0.084079 0.143179 0.986119 -0.000000 0.000000 0.000000 0.000000 1.000000
0.993503 0.074814 -0.085764 0.000000 -0.087981 0.982898 -0.161774 14.677800 0.072194 0.168268 0.983094 0.000000 0.000000 0.000000 0.000000 1.000000
0.996346 0.058636 -0.062105 -0.000000 -0.069407 0.979599 -0.188596 14.677800 0.049779 0.192217 0.980089 0.000000 0.000000 0.000000 0.000000 1.000000
0.998959 0.033538 -0.030924 0.000000 -0.039046 0.979136 -0.199419 14.677800 0.023591 0.200419 0.979426 -0.000000 0.000000 0.000000 0.000000 1.000000
0.999815 0.019062 0.002652 -0.000000 -0.018233 0.982302 -0.186414 14.677800 -0.006159 0.186332 0.982468 0.000000 0.000000 0.000000 0.000000 1.000000
0.999107 0.019632 0.037419 0.000000 -0.013468 0.987287 -0.158373 14.677800 -0.040053 0.157728 0.986670 0.000000 0.000000 0.000000 0.000000 1.000000
0.997340 0.024723 0.068571 -0.000000 -0.015140 0.990468 -0.136912 14.677800 -0.071302 0.135510 0.988207 -0.000000 0.000000 0.000000 0.000000 1.000000
0.996100 0.023760 0.084975 0.000000 -0.011565 0.989910 -0.141224 14.677800 -0.087473 0.139691 0.986324 0.000000 0.000000 0.000000 0.000000 1.000000
0.996763 0.016152 0.078760 0.000000 -0.002286 0.984908 -0.173061 14.677800 -0.080366 0.172321 0.981757 0.000000 0.000000 0.000000 0.000000 1.000000
0.998424 0.007663 0.055597 -0.000000 0.004542 0.976352 -0.216139 14.677800 -0.055939 0.216051 0.974778 -0.000000 0.000000 0.000000 0.000000 1.000000
0.999521 0.002123 0.030888 0.000000 0.005692 0.968039 -0.250737 14.677800 -0.030433 0.250792 0.967562 0.000000 0.000000 0.000000 0.000000 1.000000
0.999835 -0.000684 0.018147 0.000000 0.005493 0.963872 -0.266309 14.677800 -0.017310 0.266365 0.963717 0.000000 0.000000 0.000000 0.000000 1.000000</float_array>
        <technique_common>
          <accessor source="#mixamorig_Spine2-Matrix-animation-output-transform-array" count="24" stride="16">
            <param type="float4x4"/>
          </accessor>
        </technique_common>
      </source>
      <source id="mixamorig_Spine2-Interpolations">
        <Name_array id="mixamorig_Spine2-Interpolations-array" count="24">
 LINEAR LINEAR LINEAR LINEAR LINEAR LINEAR LINEAR LINEAR LINEAR LINEAR LINEAR
LINEAR LINEAR LINEAR LINEAR LINEAR LINEAR LINEAR LINEAR LINEAR LINEAR LINEAR LINEAR
LINEAR</Name_array>
        <technique_common>
          <accessor source="#mixamorig_Spine2-Interpolations-array" count="24">
            <param type="name"/>
          </accessor>
        </technique_common>
      </source>
      <sampler id="mixamorig_Spine2-Matrix-animation-transform">
        <input semantic="INPUT" source="#mixamorig_Spine2-Matrix-animation-input"/>
        <input semantic="OUTPUT" source="#mixamorig_Spine2-Matrix-animation-output-transform"/>
        <input semantic="INTERPOLATION" source="#mixamorig_Spine2-Interpolations"/>
      </sampler>
      <channel source="#mixamorig_Spine2-Matrix-animation-transform" target="mixamorig_Spine2/matrix"/>
    </animation>
    <animation id="mixamorig_Neck-anim" name="mixamorig_Neck">
      <source id="mixamorig_Neck-Matrix-animation-input">
        <float_array id="mixamorig_Neck-Matrix-animation-input-array" count="24">

0.000000 0.033333 0.066667 0.100000 0.133333 0.166667 0.200000 0.233333 0.266667 0.300000 0.333333 0.366667 0.400000 0.433333 0.466667 0.500000
0.533333 0.566667 0.600000 0.633333 0.666667 0.700000 0.733333 0.766667</float_array>
        <technique_common>
          <accessor source="#mixamorig_Neck-Matrix-animation-input-array" count="24">
            <param name="TIME" type="float"/>
          </accessor>
        </technique_common>
      </source>
      <source id="mixamorig_Neck-Matrix-animation-output-transform">
        <float_array id="mixamorig_Neck-Matrix-animation-output-transform-array" count="384">

0.994673 0.096132 0.037197 0.000000 -0.102996 0.912558 0.395765 16.512501 0.004101 -0.397488 0.917598 0.000000 0.000000 0.000000 0.000000 1.000000
0.984570 0.088672 0.150860 0.000000 -0.103144 0.990498 0.090966 16.512501 -0.141361 -0.105122 0.984361 0.000000 0.000000 0.000000 0.000000 1.000000
0.973162 -0.106168 0.204165 0.000000 0.128900 0.986455 -0.101442 16.512501 -0.190630 0.125037 0.973666 0.000000 0.000000 0.000000 0.000000 1.000000
0.965344 -0.088019 0.245689 0.000000 0.191426 0.878684 -0.437345 16.512501 -0.177388 0.469220 0.865081 0.000000 0.000000 0.000000 0.000000 1.000000
0.973628 0.003225 0.228117 0.000000 0.142035 0.773908 -0.617164 16.512501 -0.178532 0.633289 0.753041 0.000000 0.000000 0.000000 0.000000 1.000000
0.985964 -0.000728 0.166958 0.000000 0.103484 0.787404 -0.607688 16.512501 -0.131021 0.616436 0.776428 0.000000 0.000000 0.000000 0.000000 1.000000
0.994029 -0.043929 0.099878 0.000000 0.088943 0.856457 -0.508498 16.512501 -0.063204 0.514346 0.855251 -0.000000 0.000000 0.000000 0.000000 1.000000
0.992719 -0.111689 0.045108 0.000000 0.119797 0.876405 -0.466437 16.512501 0.012563 0.468445 0.883403 0.000000 0.000000 0.000000 0.000000 1.000000
0.992735 -0.119620 0.012936 -0.000000 0.116692 0.931042 -0.345750 16.512501 0.029315 0.344748 0.938237 0.000000 0.000000 0.000000 0.000000 1.000000
0.990136 -0.139791 -0.009445 -0.000000 0.134846 0.969073 -0.206675 16.512501 0.038044 0.203363 0.978364 -0.000000 0.000000 0.000000 0.000000 1.000000
0.981023 -0.193399 -0.013839 0.000000 0.188446 0.967829 -0.166718 16.512501 0.045637 0.160947 0.985907 0.000000 0.000000 0.000000 0.000000 1.000000
0.976791 -0.213946 0.010310 0.000000 0.209066 0.941828 -0.263156 16.512501 0.046591 0.259204 0.964698 0.000000 0.000000 0.000000 0.000000 1.000000
0.976170 -0.213784 0.037278 0.000000 0.210689 0.892498 -0.398819 16.512501 0.051991 0.397169 0.916271 0.000000 0.000000 0.000000 0.000000 1.000000
0.975755 -0.215855 0.036173 0.000000 0.207126 0.857320 -0.471276 16.512501 0.070715 0.467342 0.881244 0.000000 0.000000 0.000000 0.000000 1.000000
0.986650 -0.162590 0.009302 0.000000 0.150332 0.887324 -0.435955 16.512501 0.062628 0.431533 0.899921 0.000000 0.000000 0.000000 0.000000 1.000000
0.998033 -0.058786 -0.021787 0.000000 0.042658 0.891430 -0.451147 16.512501 0.045943 0.449330 0.892184 0.000000 0.000000 0.000000 0.000000 1.000000
0.996899 -0.010609 -0.077975 0.000000 -0.030905 0.858481 -0.511913 16.512501 0.072371 0.512735 0.855491 -0.000000 0.000000 0.000000 0.000000 1.000000
0.990792 -0.012089 -0.134849 -0.000000 -0.064325 0.834377 -0.547429 16.512501 0.119132 0.551062 0.825916 0.000000 0.000000 0.000000 0.000000 1.000000
0.984924 -0.036228 -0.169150 0.000000 -0.078576 0.777432 -0.624040 16.512501 0.154110 0.627923 0.762865 -0.000000 0.000000 0.000000 0.000000 1.000000
0.984441 -0.051892 -0.167875 0.000000 -0.065770 0.777125 -0.625900 16.512501 0.162940 0.627203 0.761621 -0.000000 0.000000 0.000000 0.000000 1.000000
0.990609 -0.024047 -0.134593 -0.000000 -0.035053 0.906842 -0.420011 16.512501 0.132155 0.420784 0.897483 0.000000 0.000000 0.000000 0.000000 1.000000
0.996531 0.046153 -0.069257 0.000000 -0.052979 0.993557 -0.100193 16.512501 0.064187 0.103514 0.992555 -0.000000 0.000000 0.000000 0.000000 1.000000
0.993498 0.113847 -0.001081 0.000000 -0.111709 0.976579 0.183889 16.512501 0.021991 -0.182572 0.982946 0.000000 0.000000 0.000000 0.000000 1.000000
0.994673 0.096132 0.037197 0.000000 -0.102996 0.912557 0.395766 16.512501 0.004101 -0.397489 0.917598 0.000000 0.000000 0.000000 0.000000 1.000000</float_array>
        <technique_common>
          <accessor source="#mixamorig_Neck-Matrix-animation-output-transform-array" count="24" stride="16">
            <param type="float4x4"/>
          </accessor>
        </technique_common>
      </source>
      <source id="mixamorig_Neck-Interpolations">
        <Name_array id="mixamorig_Neck-Interpolations-array" count="24">
 LINEAR LINEAR LINEAR LINEAR LINEAR LINEAR LINEAR LINEAR LINEAR LINEAR LINEAR
LINEAR LINEAR LINEAR LINEAR LINEAR LINEAR LINEAR LINEAR LINEAR LINEAR LINEAR LINEAR
LINEAR</Name_array>
        <technique_common>
          <accessor source="#mixamorig_Neck-Interpolations-array" count="24">
            <param type="name"/>
          </accessor>
        </technique_common>
      </source>
      <sampler id="mixamorig_Neck-Matrix-animation-transform">
        <input semantic="INPUT" source="#mixamorig_Neck-Matrix-animation-input"/>
        <input semantic="OUTPUT" source="#mixamorig_Neck-Matrix-animation-output-transform"/>
        <input semantic="INTERPOLATION" source="#mixamorig_Neck-Interpolations"/>
      </sampler>
      <channel source="#mixamorig_Neck-Matrix-animation-transform" target="mixamorig_Neck/matrix"/>
    </animation>
    <animation id="mixamorig_Head-anim" name="mixamorig_Head">
      <source id="mixamorig_Head-Matrix-animation-input">
        <float_array id="mixamorig_Head-Matrix-animation-input-array" count="24">

0.000000 0.033333 0.066667 0.100000 0.133333 0.166667 0.200000 0.233333 0.266667 0.300000 0.333333 0.366667 0.400000 0.433333 0.466667 0.500000
0.533333 0.566667 0.600000 0.633333 0.666667 0.700000 0.733333 0.766667</float_array>
        <technique_common>
          <accessor source="#mixamorig_Head-Matrix-animation-input-array" count="24">
            <param name="TIME" type="float"/>
          </accessor>
        </technique_common>
      </source>
      <source id="mixamorig_Head-Matrix-animation-output-transform">
        <float_array id="mixamorig_Head-Matrix-animation-output-transform-array" count="384">

0.999998 -0.002015 -0.000528 -0.000000 0.001745 0.671800 0.740731 7.061100 -0.001138 -0.740730 0.671802 2.298900 0.000000 0.000000 0.000000 1.000000
0.994311 0.001396 0.106506 -0.000000 -0.080457 0.665098 0.742409 7.061100 -0.069801 -0.746755 0.661426 2.298900 0.000000 0.000000 0.000000 1.000000
0.928069 0.110514 0.355633 0.000000 -0.328248 0.693811 0.640999 7.061100 -0.175903 -0.711627 0.680181 2.298900 0.000000 0.000000 0.000000 1.000000
0.897870 0.134734 0.419138 0.000000 -0.406122 0.621041 0.670353 7.061100 -0.169983 -0.772111 0.612332 2.298900 0.000000 0.000000 0.000000 1.000000
0.939106 0.106915 0.326572 0.000000 -0.319959 0.618672 0.717545 7.061100 -0.125325 -0.778340 0.615207 2.298900 0.000000 0.000000 0.000000 1.000000
0.969459 0.074122 0.233785 0.000000 -0.225462 0.644503 0.730605 7.061100 -0.096521 -0.761001 0.641531 2.298900 0.000000 0.000000 0.000000 1.000000
0.982703 0.051323 0.177934 0.000000 -0.170966 0.620686 0.765192 7.061100 -0.071170 -0.782377 0.618725 2.298900 0.000000 0.000000 0.000000 1.000000
0.986811 0.048673 0.154385 0.000000 -0.156093 0.538765 0.827869 7.061100 -0.042883 -0.841049 0.539257 2.298900 0.000000 0.000000 0.000000 1.000000
0.994462 0.043350 0.095735 -0.000000 -0.103944 0.540033 0.835201 7.061100 -0.015494 -0.840527 0.541548 2.298900 0.000000 0.000000 0.000000 1.000000
0.996636 0.048104 0.066348 0.000000 -0.081950 0.580058 0.810443 7.061100 0.000500 -0.813154 0.582049 2.298900 0.000000 0.000000 0.000000 1.000000
0.995741 0.049793 0.077590 -0.000000 -0.092036 0.585999 0.805068 7.061100 -0.005381 -0.808780 0.588087 2.298900 0.000000 0.000000 0.000000 1.000000
0.996735 0.026037 0.076425 -0.000000 -0.078326 0.541478 0.837059 7.061100 -0.019587 -0.840312 0.541749 2.298900 0.000000 0.000000 0.000000 1.000000
0.996695 0.003332 0.081171 0.000000 -0.072364 0.490517 0.868422 7.061100 -0.036922 -0.871425 0.489137 2.298900 0.000000 0.000000 0.000000 1.000000
0.994998 0.000534 0.099896 0.000000 -0.089128 0.456382 0.885309 7.061100 -0.045118 -0.889784 0.454147 2.298900 0.000000 0.000000 0.000000 1.000000
0.997069 0.000204 0.076512 -0.000000 -0.068252 0.454325 0.888218 7.061100 -0.034580 -0.890836 0.453007 2.298900 0.000000 0.000000 0.000000 1.000000
0.999909 -0.000429 0.013494 0.000000 -0.012041 0.423755 0.905697 7.061100 -0.006106 -0.905777 0.423711 2.298900 0.000000 0.000000 0.000000 1.000000
0.999340 0.008901 -0.035211 0.000000 0.027350 0.453449 0.890862 7.061100 0.023896 -0.891238 0.452907 2.298900 0.000000 0.000000 0.000000 1.000000
0.995566 0.010816 -0.093438 0.000000 0.071757 0.554924 0.828800 7.061100 0.060815 -0.831831 0.551688 2.298900 0.000000 0.000000 0.000000 1.000000
0.988366 -0.002778 -0.152067 0.000000 0.127377 0.561471 0.817634 7.061100 0.083110 -0.827492 0.555293 2.298900 0.000000 0.000000 0.000000 1.000000
0.986678 -0.002507 -0.162664 -0.000000 0.142355 0.497288 0.855827 7.061100 0.078746 -0.867582 0.491021 2.298900 0.000000 0.000000 0.000000 1.000000
0.991463 0.009940 -0.130010 -0.000000 0.105245 0.527610 0.842942 7.061100 0.076973 -0.849429 0.522060 2.298900 0.000000 0.000000 0.000000 1.000000
0.995152 0.004353 -0.098256 0.000000 0.076106 0.598719 0.797335 7.061100 0.062299 -0.800948 0.595485 2.298900 0.000000 0.000000 0.000000 1.000000
0.997055 -0.017891 -0.074573 0.000000 0.068473 0.645604 0.760596 7.061100 0.034537 -0.763463 0.644928 2.298900 0.000000 0.000000 0.000000 1.000000
0.999998 -0.002015 -0.000528 0.000000 0.001745 0.671800 0.740731 7.061100 -0.001138 -0.740730 0.671802 2.298900 0.000000 0.000000 0.000000 1.000000</float_array>
        <technique_common>
          <accessor source="#mixamorig_Head-Matrix-animation-output-transform-array" count="24" stride="16">
            <param type="float4x4"/>
          </accessor>
        </technique_common>
      </source>
      <source id="mixamorig_Head-Interpolations">
        <Name_array id="mixamorig_Head-Interpolations-array" count="24">
 LINEAR LINEAR LINEAR LINEAR LINEAR LINEAR LINEAR LINEAR LINEAR LINEAR LINEAR
LINEAR LINEAR LINEAR LINEAR LINEAR LINEAR LINEAR LINEAR LINEAR LINEAR LINEAR LINEAR
LINEAR</Name_array>
        <technique_common>
          <accessor source="#mixamorig_Head-Interpolations-array" count="24">
            <param type="name"/>
          </accessor>
        </technique_common>
      </source>
      <sampler id="mixamorig_Head-Matrix-animation-transform">
        <input semantic="INPUT" source="#mixamorig_Head-Matrix-animation-input"/>
        <input semantic="OUTPUT" source="#mixamorig_Head-Matrix-animation-output-transform"/>
        <input semantic="INTERPOLATION" source="#mixamorig_Head-Interpolations"/>
      </sampler>
      <channel source="#mixamorig_Head-Matrix-animation-transform" target="mixamorig_Head/matrix"/>
    </animation>
    <animation id="mixamorig_LeftShoulder-anim" name="mixamorig_LeftShoulder">
      <source id="mixamorig_LeftShoulder-Matrix-animation-input">
        <float_array id="mixamorig_LeftShoulder-Matrix-animation-input-array" count="24">

0.000000 0.033333 0.066667 0.100000 0.133333 0.166667 0.200000 0.233333 0.266667 0.300000 0.333333 0.366667 0.400000 0.433333 0.466667 0.500000
0.533333 0.566667 0.600000 0.633333 0.666667 0.700000 0.733333 0.766667</float_array>
        <technique_common>
          <accessor source="#mixamorig_LeftShoulder-Matrix-animation-input-array" count="24">
            <param name="TIME" type="float"/>
          </accessor>
        </technique_common>
      </source>
      <source id="mixamorig_LeftShoulder-Matrix-animation-output-transform">
        <float_array id="mixamorig_LeftShoulder-Matrix-animation-output-transform-array" count="384">

-0.152621 0.950664 -0.270084 6.916900 0.049453 -0.265597 -0.962815 14.057100 -0.987047 -0.160302 -0.006477 -0.221900 0.000000 0.000000 0.000000 1.000000
-0.038914 0.976214 -0.213287 6.916900 0.029613 -0.212228 -0.976771 14.057100 -0.998804 -0.044326 -0.020650 -0.221900 0.000000 0.000000 0.000000 1.000000
0.139380 0.976377 -0.165109 6.916900 0.022718 -0.169846 -0.985209 14.057100 -0.989978 0.133567 -0.045855 -0.221900 0.000000 0.000000 0.000000 1.000000
0.296995 0.945282 -0.135043 6.916900 0.031195 -0.150954 -0.988048 14.057100 -0.954369 0.289232 -0.074321 -0.221900 0.000000 0.000000 0.000000 1.000000
0.360642 0.923700 -0.129289 6.916900 0.043849 -0.155255 -0.986901 14.057100 -0.931673 0.350248 -0.096495 -0.221900 0.000000 0.000000 0.000000 1.000000
0.283794 0.950361 -0.127574 6.916900 0.071021 -0.153511 -0.985591 14.057100 -0.956251 0.270645 -0.111061 -0.221900 0.000000 0.000000 0.000000 1.000000
0.101063 0.989257 -0.105628 6.916900 0.111095 -0.116729 -0.986931 14.057100 -0.988658 0.088007 -0.121699 -0.221900 0.000000 0.000000 0.000000 1.000000
-0.127038 0.989471 -0.069340 6.916900 0.133805 -0.052172 -0.989633 14.057100 -0.982831 -0.134999 -0.125768 -0.221900 0.000000 0.000000 0.000000 1.000000
-0.319234 0.946925 -0.037716 6.916900 0.129587 0.004194 -0.991559 14.057100 -0.938774 -0.321427 -0.124048 -0.221900 0.000000 0.000000 0.000000 1.000000
-0.396282 0.917679 -0.028727 6.916900 0.124168 0.022565 -0.992005 14.057100 -0.909694 -0.396680 -0.122888 -0.221900 0.000000 0.000000 0.000000 1.000000
-0.364624 0.930358 -0.038512 6.916900 0.126354 0.008459 -0.991949 14.057100 -0.922542 -0.366554 -0.120639 -0.221900 0.000000 0.000000 0.000000 1.000000
-0.296845 0.953217 -0.057100 6.916900 0.123795 -0.020877 -0.992088 14.057100 -0.946867 -0.301565 -0.111807 -0.221900 0.000000 0.000000 0.000000 1.000000
-0.227310 0.970456 -0.080899 6.916900 0.114642 -0.055828 -0.991837 14.057100 -0.967051 -0.234729 -0.098564 -0.221900 0.000000 0.000000 0.000000 1.000000
-0.188768 0.976668 -0.102401 6.916900 0.103679 -0.083872 -0.991068 14.057100 -0.976533 -0.197698 -0.085427 -0.221900 0.000000 0.000000 0.000000 1.000000
-0.203335 0.972368 -0.114700 6.916900 0.101096 -0.095671 -0.990266 14.057100 -0.973876 -0.212952 -0.078849 -0.221900 0.000000 0.000000 0.000000 1.000000
-0.233888 0.964575 -0.122027 6.916900 0.103540 -0.100084 -0.989577 14.057100 -0.966735 -0.244085 -0.076463 -0.221900 0.000000 0.000000 0.000000 1.000000
-0.232986 0.963476 -0.132029 6.916900 0.101603 -0.110906 -0.988624 14.057100 -0.967158 -0.243750 -0.072053 -0.221900 0.000000 0.000000 0.000000 1.000000
-0.211453 0.965643 -0.151068 6.916900 0.097636 -0.132921 -0.986306 14.057100 -0.972499 -0.223307 -0.066175 -0.221900 0.000000 0.000000 0.000000 1.000000
-0.187907 0.965078 -0.182525 6.916900 0.092400 -0.167641 -0.981508 14.057100 -0.977831 -0.201298 -0.057672 -0.221900 0.000000 0.000000 0.000000 1.000000
-0.174302 0.959684 -0.220513 6.916900 0.084679 -0.208503 -0.974349 14.057100 -0.981044 -0.188504 -0.044923 -0.221900 0.000000 0.000000 0.000000 1.000000
-0.169019 0.952524 -0.253239 6.916900 0.073938 -0.243958 -0.966963 14.057100 -0.982836 -0.182159 -0.029194 -0.221900 0.000000 0.000000 0.000000 1.000000
-0.164228 0.947994 -0.272649 6.916900 0.061918 -0.265949 -0.961996 14.057100 -0.984477 -0.174869 -0.015022 -0.221900 0.000000 0.000000 0.000000 1.000000
-0.157286 0.947668 -0.277825 6.916900 0.052423 -0.272918 -0.960608 14.057100 -0.986161 -0.165655 -0.006753 -0.221900 0.000000 0.000000 0.000000 1.000000
-0.152621 0.950663 -0.270086 6.916900 0.049453 -0.265599 -0.962814 14.057100 -0.987047 -0.160302 -0.006477 -0.221900 0.000000 0.000000 0.000000 1.000000</float_array>
        <technique_common>
          <accessor source="#mixamorig_LeftShoulder-Matrix-animation-output-transform-array" count="24" stride="16">
            <param type="float4x4"/>
          </accessor>
        </technique_common>
      </source>
      <source id="mixamorig_LeftShoulder-Interpolations">
        <Name_array id="mixamorig_LeftShoulder-Interpolations-array" count="24">
 LINEAR LINEAR LINEAR LINEAR LINEAR LINEAR LINEAR LINEAR LINEAR LINEAR LINEAR
LINEAR LINEAR LINEAR LINEAR LINEAR LINEAR LINEAR LINEAR LINEAR LINEAR LINEAR LINEAR
LINEAR</Name_array>
        <technique_common>
          <accessor source="#mixamorig_LeftShoulder-Interpolations-array" count="24">
            <param type="name"/>
          </accessor>
        </technique_common>
      </source>
      <sampler id="mixamorig_LeftShoulder-Matrix-animation-transform">
        <input semantic="INPUT" source="#mixamorig_LeftShoulder-Matrix-animation-input"/>
        <input semantic="OUTPUT" source="#mixamorig_LeftShoulder-Matrix-animation-output-transform"/>
        <input semantic="INTERPOLATION" source="#mixamorig_LeftShoulder-Interpolations"/>
      </sampler>
