<?xml version="1.0" encoding="utf-8"?>
<COLLADA xmlns="http://www.collada.org/2005/11/COLLADASchema" version="1.4.1">
  <asset>
    <contributor>
      <author>Mixamo</author>
      <authoring_tool>COLLADA Mixamo exporter</authoring_tool>
      <comments/>
    </contributor>
    <created>2025-01-12T17:08:49Z</created>
    <modified>2025-01-12T17:08:49Z</modified>
    <revision/>
    <title/>
    <unit meter="0.010000"/>
    <up_axis>Y_UP</up_axis>
  </asset>
  <library_animations>
    <animation id="mixamorig_Hips-anim" name="mixamorig_Hips">
      <source id="mixamorig_Hips-Matrix-animation-input">
        <float_array id="mixamorig_Hips-Matrix-animation-input-array" count="20">

0.000000 0.033333 0.066667 0.100000 0.133333 0.166667 0.200000 0.233333 0.266667 0.300000 0.333333 0.366667 0.400000 0.433333 0.466667 0.500000
0.533333 0.566667 0.600000 0.633333</float_array>
        <technique_common>
          <accessor source="#mixamorig_Hips-Matrix-animation-input-array" count="20">
            <param name="TIME" type="float"/>
          </accessor>
        </technique_common>
      </source>
      <source id="mixamorig_Hips-Matrix-animation-output-transform">
        <float_array id="mixamorig_Hips-Matrix-animation-output-transform-array" count="320">

0.994404 0.080015 0.068981 -0.643132 -0.008370 0.710571 -0.703575 75.006630 -0.105313 0.699061 0.707265 1.201803 0.000000 0.000000 0.000000 1.000000
0.995870 0.057513 0.070250 -0.526286 0.008041 0.714854 -0.699228 75.287201 -0.090433 0.696905 0.711439 -0.332031 0.000000 0.000000 0.000000 1.000000
0.995681 0.040192 0.083692 -0.530293 0.029495 0.717807 -0.695618 75.534393 -0.088032 0.695082 0.713521 -1.009997 0.000000 0.000000 0.000000 1.000000
0.993894 0.039299 0.103105 -0.531237 0.043177 0.721394 -0.691178 75.589409 -0.101542 0.691409 0.715292 -0.899416 0.000000 0.000000 0.000000 1.000000
0.991177 0.056716 0.119801 -0.462210 0.041113 0.727702 -0.684660 75.511780 -0.126010 0.683545 0.718949 -0.436730 0.000000 0.000000 0.000000 1.000000
0.988354 0.086238 0.125379 -0.086535 0.021366 0.737115 -0.675430 75.719650 -0.150667 0.670243 0.726687 -0.352701 0.000000 0.000000 0.000000 1.000000
0.987465 0.101431 0.120930 0.599730 0.004661 0.747100 -0.664695 76.030655 -0.157767 0.656927 0.737263 -0.964223 0.000000 0.000000 0.000000 1.000000
0.989316 0.090949 0.113939 1.357076 0.006304 0.754125 -0.656700 76.220123 -0.145651 0.650403 0.745495 -2.199019 0.000000 0.000000 0.000000 1.000000
0.991517 0.068043 0.110747 1.944493 0.021480 0.754542 -0.655900 76.221146 -0.128193 0.652714 0.746680 -3.545126 0.000000 0.000000 0.000000 1.000000
0.992241 0.057408 0.110279 2.244323 0.030526 0.747367 -0.663709 76.317131 -0.120521 0.661926 0.739816 -4.524215 0.000000 0.000000 0.000000 1.000000
0.991831 0.070547 0.106271 2.412122 0.020536 0.733956 -0.678887 76.664421 -0.125892 0.675524 0.726512 -4.652715 0.000000 0.000000 0.000000 1.000000
0.990396 0.093467 0.101879 2.677991 0.004096 0.716712 -0.697358 77.073036 -0.138198 0.691078 0.709446 -3.688153 0.000000 0.000000 0.000000 1.000000
0.988736 0.103137 0.108461 3.124604 0.005004 0.701487 -0.712665 77.245705 -0.149586 0.705180 0.693069 -1.867177 0.000000 0.000000 0.000000 1.000000
0.987558 0.088258 0.130151 3.549880 0.032324 0.696046 -0.717269 77.185371 -0.153896 0.712552 0.684533 0.018556 0.000000 0.000000 0.000000 1.000000
0.986245 0.058256 0.154686 3.495166 0.069419 0.703318 -0.707478 77.105621 -0.150008 0.708484 0.689600 1.241613 0.000000 0.000000 0.000000 1.000000
0.985689 0.038772 0.164056 2.841305 0.086675 0.718133 -0.690487 76.977867 -0.144586 0.694824 0.704496 1.545979 0.000000 0.000000 0.000000 1.000000
0.987628 0.044522 0.150365 1.805074 0.070509 0.730389 -0.679382 76.702194 -0.140072 0.681578 0.718213 1.280471 0.000000 0.000000 0.000000 1.000000
0.990251 0.065704 0.122824 0.756678 0.035803 0.732077 -0.680281 76.173691 -0.134614 0.678046 0.722587 0.949112 0.000000 0.000000 0.000000 1.000000
0.992300 0.082285 0.092575 -0.079816 0.004402 0.723520 -0.690289 75.545044 -0.123780 0.685381 0.717587 0.870766 0.000000 0.000000 0.000000 1.000000
0.994404 0.080015 0.068981 -0.643131 -0.008370 0.710571 -0.703575 75.006615 -0.105313 0.699061 0.707265 1.201803 0.000000 0.000000 0.000000 1.000000</float_array>
        <technique_common>
          <accessor source="#mixamorig_Hips-Matrix-animation-output-transform-array" count="20" stride="16">
            <param type="float4x4"/>
          </accessor>
        </technique_common>
      </source>
      <source id="mixamorig_Hips-Interpolations">
        <Name_array id="mixamorig_Hips-Interpolations-array" count="20">
 LINEAR LINEAR LINEAR LINEAR LINEAR LINEAR LINEAR LINEAR LINEAR LINEAR LINEAR
LINEAR LINEAR LINEAR LINEAR LINEAR LINEAR LINEAR LINEAR LINEAR</Name_array>
        <technique_common>
          <accessor source="#mixamorig_Hips-Interpolations-array" count="20">
            <param type="name"/>
          </accessor>
        </technique_common>
      </source>
      <sampler id="mixamorig_Hips-Matrix-animation-transform">
        <input semantic="INPUT" source="#mixamorig_Hips-Matrix-animation-input"/>
        <input semantic="OUTPUT" source="#mixamorig_Hips-Matrix-animation-output-transform"/>
        <input semantic="INTERPOLATION" source="#mixamorig_Hips-Interpolations"/>
      </sampler>
      <channel source="#mixamorig_Hips-Matrix-animation-transform" target="mixamorig_Hips/matrix"/>
    </animation>
    <animation id="mixamorig_Spine-anim" name="mixamorig_Spine">
      <source id="mixamorig_Spine-Matrix-animation-input">
        <float_array id="mixamorig_Spine-Matrix-animation-input-array" count="20">

0.000000 0.033333 0.066667 0.100000 0.133333 0.166667 0.200000 0.233333 0.266667 0.300000 0.333333 0.366667 0.400000 0.433333 0.466667 0.500000
0.533333 0.566667 0.600000 0.633333</float_array>
        <technique_common>
          <accessor source="#mixamorig_Spine-Matrix-animation-input-array" count="20">
            <param name="TIME" type="float"/>
          </accessor>
        </technique_common>
      </source>
      <source id="mixamorig_Spine-Matrix-animation-output-transform">
        <float_array id="mixamorig_Spine-Matrix-animation-output-transform-array" count="320">

0.999849 -0.017367 0.000469 0.000000 0.016847 0.962602 -0.270396 10.969700 0.004244 0.270363 0.962749 -0.921700 0.000000 0.000000 0.000000 1.000000
0.999761 0.018231 0.012055 -0.000000 -0.014542 0.966605 -0.255857 10.969700 -0.016317 0.255620 0.966640 -0.921700 0.000000 0.000000 0.000000 1.000000
0.997977 0.056629 0.028894 -0.000000 -0.048516 0.972101 -0.229492 10.969700 -0.041084 0.227626 0.972882 -0.921700 0.000000 0.000000 0.000000 1.000000
0.995305 0.082647 0.050368 0.000000 -0.071151 0.977593 -0.198117 10.969700 -0.065613 0.193603 0.978883 -0.921700 0.000000 0.000000 0.000000 1.000000
0.994512 0.084624 0.061521 0.000000 -0.072541 0.981465 -0.177381 10.969700 -0.075391 0.171945 0.982217 -0.921700 0.000000 0.000000 0.000000 1.000000
0.997072 0.058840 0.048834 -0.000000 -0.049077 0.982183 -0.181404 10.969700 -0.058638 0.178476 0.982195 -0.921700 0.000000 0.000000 0.000000 1.000000
0.999428 0.029863 0.015865 0.000000 -0.025883 0.977485 -0.209410 10.969700 -0.021762 0.208879 0.977699 -0.921700 0.000000 0.000000 0.000000 1.000000
0.999736 0.016262 -0.016239 0.000000 -0.019735 0.969564 -0.244042 10.969700 0.011776 0.244298 0.969629 -0.921700 0.000000 0.000000 0.000000 1.000000
0.999268 0.015416 -0.035015 0.000000 -0.024268 0.962941 -0.268619 10.969700 0.029576 0.269272 0.962610 -0.921700 0.000000 0.000000 0.000000 1.000000
0.998918 0.009444 -0.045540 0.000000 -0.021689 0.960764 -0.276516 10.969700 0.041141 0.277205 0.959930 -0.921700 0.000000 0.000000 0.000000 1.000000
0.998155 -0.015213 -0.058780 -0.000000 -0.000906 0.964265 -0.264938 10.969700 0.060710 0.264503 0.962472 -0.921700 0.000000 0.000000 0.000000 1.000000
0.994877 -0.052677 -0.086285 0.000000 0.031260 0.971985 -0.232956 10.969700 0.096139 0.229065 0.968652 -0.921700 0.000000 0.000000 0.000000 1.000000
0.988395 -0.083958 -0.126596 0.000000 0.058903 0.980006 -0.190048 10.969700 0.140021 0.180385 0.973579 -0.921700 0.000000 0.000000 0.000000 1.000000
0.983192 -0.092721 -0.157277 -0.000000 0.067651 0.985139 -0.157872 10.969700 0.169578 0.144579 0.974854 -0.921700 0.000000 0.000000 0.000000 1.000000
0.984923 -0.077517 -0.154653 -0.000000 0.053280 0.986457 -0.155126 10.969700 0.164583 0.144547 0.975714 -0.921700 0.000000 0.000000 0.000000 1.000000
0.990985 -0.056183 -0.121626 -0.000000 0.033323 0.982658 -0.182407 10.969700 0.129765 0.176709 0.975672 -0.921700 0.000000 0.000000 0.000000 1.000000
0.995748 -0.044831 -0.080468 0.000000 0.025992 0.974822 -0.221464 10.969700 0.088371 0.218430 0.971843 -0.921700 0.000000 0.000000 0.000000 1.000000
0.997937 -0.042460 -0.048154 0.000000 0.028939 0.967040 -0.252973 10.969700 0.057308 0.251058 0.966274 -0.921700 0.000000 0.000000 0.000000 1.000000
0.999069 -0.036691 -0.022683 -0.000000 0.029239 0.962626 -0.269250 10.969700 0.031714 0.268337 0.962803 -0.921700 0.000000 0.000000 0.000000 1.000000
0.999849 -0.017367 0.000469 0.000000 0.016847 0.962602 -0.270396 10.969700 0.004244 0.270363 0.962749 -0.921700 0.000000 0.000000 0.000000 1.000000</float_array>
        <technique_common>
          <accessor source="#mixamorig_Spine-Matrix-animation-output-transform-array" count="20" stride="16">
            <param type="float4x4"/>
          </accessor>
        </technique_common>
      </source>
      <source id="mixamorig_Spine-Interpolations">
        <Name_array id="mixamorig_Spine-Interpolations-array" count="20">
 LINEAR LINEAR LINEAR LINEAR LINEAR LINEAR LINEAR LINEAR LINEAR LINEAR LINEAR
LINEAR LINEAR LINEAR LINEAR LINEAR LINEAR LINEAR LINEAR LINEAR</Name_array>
        <technique_common>
          <accessor source="#mixamorig_Spine-Interpolations-array" count="20">
            <param type="name"/>
          </accessor>
        </technique_common>
      </source>
      <sampler id="mixamorig_Spine-Matrix-animation-transform">
        <input semantic="INPUT" source="#mixamorig_Spine-Matrix-animation-input"/>
        <input semantic="OUTPUT" source="#mixamorig_Spine-Matrix-animation-output-transform"/>
        <input semantic="INTERPOLATION" source="#mixamorig_Spine-Interpolations"/>
      </sampler>
      <channel source="#mixamorig_Spine-Matrix-animation-transform" target="mixamorig_Spine/matrix"/>
    </animation>
    <animation id="mixamorig_Spine1-anim" name="mixamorig_Spine1">
      <source id="mixamorig_Spine1-Matrix-animation-input">
        <float_array id="mixamorig_Spine1-Matrix-animation-input-array" count="20">

0.000000 0.033333 0.066667 0.100000 0.133333 0.166667 0.200000 0.233333 0.266667 0.300000 0.333333 0.366667 0.400000 0.433333 0.466667 0.500000
0.533333 0.566667 0.600000 0.633333</float_array>
        <technique_common>
          <accessor source="#mixamorig_Spine1-Matrix-animation-input-array" count="20">
            <param name="TIME" type="float"/>
          </accessor>
        </technique_common>
      </source>
      <source id="mixamorig_Spine1-Matrix-animation-output-transform">
        <float_array id="mixamorig_Spine1-Matrix-animation-output-transform-array" count="320">

0.999920 0.006116 -0.011059 -0.000000 -0.007511 0.991382 -0.130786 12.843100 0.010164 0.130858 0.991349 0.000000 0.000000 0.000000 0.000000 1.000000
0.999695 0.024663 0.001538 -0.000000 -0.024313 0.992804 -0.117260 12.843100 -0.004419 0.117187 0.993100 -0.000000 0.000000 0.000000 0.000000 1.000000
0.999111 0.040630 0.011204 0.000000 -0.039394 0.994757 -0.094375 12.843100 -0.014980 0.093850 0.995474 0.000000 0.000000 0.000000 0.000000 1.000000
0.998781 0.046991 0.015116 0.000000 -0.045910 0.996809 -0.065296 12.843100 -0.018136 0.064522 0.997751 0.000000 0.000000 0.000000 0.000000 1.000000
0.999112 0.040189 0.012614 -0.000000 -0.039590 0.998220 -0.044600 12.843100 -0.014383 0.044061 0.998925 0.000000 0.000000 0.000000 0.000000 1.000000
0.999661 0.025351 0.005868 -0.000000 -0.025038 0.998514 -0.048400 12.843100 -0.007086 0.048237 0.998811 0.000000 0.000000 0.000000 0.000000 1.000000
0.999903 0.013718 -0.002247 -0.000000 -0.013849 0.997048 -0.075527 12.843100 0.001205 0.075551 0.997141 0.000000 0.000000 0.000000 0.000000 1.000000
0.999879 0.011833 -0.010072 0.000000 -0.012851 0.994083 -0.107865 12.843100 0.008736 0.107981 0.994115 0.000000 0.000000 0.000000 0.000000 1.000000
0.999747 0.014472 -0.017231 0.000000 -0.016565 0.991601 -0.128269 12.843100 0.015230 0.128522 0.991590 -0.000000 0.000000 0.000000 0.000000 1.000000
0.999649 0.010656 -0.024269 -0.000000 -0.013753 0.991251 -0.131272 12.843100 0.022658 0.131559 0.991049 0.000000 0.000000 0.000000 0.000000 1.000000
0.999461 -0.004476 -0.032525 -0.000000 0.000597 0.992979 -0.118286 12.843100 0.032826 0.118203 0.992447 0.000000 0.000000 0.000000 0.000000 1.000000
0.998774 -0.024809 -0.042827 0.000000 0.020849 0.995674 -0.090544 12.843100 0.044888 0.089540 0.994971 -0.000000 0.000000 0.000000 0.000000 1.000000
0.997802 -0.038978 -0.053585 0.000000 0.036107 0.997913 -0.053532 12.843100 0.055559 0.051479 0.997127 0.000000 0.000000 0.000000 0.000000 1.000000
0.997323 -0.040096 -0.061151 -0.000000 0.038626 0.998940 -0.025026 12.843100 0.062089 0.022597 0.997815 0.000000 0.000000 0.000000 0.000000 1.000000
0.997547 -0.031150 -0.062691 0.000000 0.029672 0.999262 -0.024380 12.843100 0.063404 0.022460 0.997735 0.000000 0.000000 0.000000 0.000000 1.000000
0.998075 -0.021607 -0.058141 0.000000 0.018588 0.998475 -0.051977 12.843100 0.059175 0.050796 0.996954 0.000000 0.000000 0.000000 0.000000 1.000000
0.998637 -0.017520 -0.049166 -0.000000 0.013042 0.995859 -0.089968 12.843100 0.050539 0.089204 0.994730 0.000000 0.000000 0.000000 0.000000 1.000000
0.999174 -0.015755 -0.037452 0.000000 0.011163 0.992736 -0.119795 12.843100 0.039067 0.119278 0.992092 0.000000 0.000000 0.000000 0.000000 1.000000
0.999661 -0.009185 -0.024365 -0.000000 0.005858 0.991064 -0.133262 12.843100 0.025371 0.133074 0.990781 0.000000 0.000000 0.000000 0.000000 1.000000
0.999920 0.006116 -0.011059 0.000000 -0.007511 0.991382 -0.130786 12.843100 0.010164 0.130858 0.991349 -0.000000 0.000000 0.000000 0.000000 1.000000</float_array>
        <technique_common>
          <accessor source="#mixamorig_Spine1-Matrix-animation-output-transform-array" count="20" stride="16">
            <param type="float4x4"/>
          </accessor>
        </technique_common>
      </source>
      <source id="mixamorig_Spine1-Interpolations">
        <Name_array id="mixamorig_Spine1-Interpolations-array" count="20">
 LINEAR LINEAR LINEAR LINEAR LINEAR LINEAR LINEAR LINEAR LINEAR LINEAR LINEAR
LINEAR LINEAR LINEAR LINEAR LINEAR LINEAR LINEAR LINEAR LINEAR</Name_array>
        <technique_common>
          <accessor source="#mixamorig_Spine1-Interpolations-array" count="20">
            <param type="name"/>
          </accessor>
        </technique_common>
      </source>
      <sampler id="mixamorig_Spine1-Matrix-animation-transform">
        <input semantic="INPUT" source="#mixamorig_Spine1-Matrix-animation-input"/>
        <input semantic="OUTPUT" source="#mixamorig_Spine1-Matrix-animation-output-transform"/>
        <input semantic="INTERPOLATION" source="#mixamorig_Spine1-Interpolations"/>
      </sampler>
      <channel source="#mixamorig_Spine1-Matrix-animation-transform" target="mixamorig_Spine1/matrix"/>
    </animation>
    <animation id="mixamorig_Spine2-anim" name="mixamorig_Spine2">
      <source id="mixamorig_Spine2-Matrix-animation-input">
        <float_array id="mixamorig_Spine2-Matrix-animation-input-array" count="20">

0.000000 0.033333 0.066667 0.100000 0.133333 0.166667 0.200000 0.233333 0.266667 0.300000 0.333333 0.366667 0.400000 0.433333 0.466667 0.500000
0.533333 0.566667 0.600000 0.633333</float_array>
        <technique_common>
          <accessor source="#mixamorig_Spine2-Matrix-animation-input-array" count="20">
            <param name="TIME" type="float"/>
          </accessor>
        </technique_common>
      </source>
      <source id="mixamorig_Spine2-Matrix-animation-output-transform">
        <float_array id="mixamorig_Spine2-Matrix-animation-output-transform-array" count="320">

0.999835 0.000685 -0.018148 -0.000000 -0.005494 0.963872 -0.266308 14.677800 0.017310 0.266364 0.963717 0.000000 0.000000 0.000000 0.000000 1.000000
0.999772 0.020503 -0.005951 0.000000 -0.021342 0.967133 -0.253372 14.677800 0.000561 0.253441 0.967351 0.000000 0.000000 0.000000 0.000000 1.000000
0.999287 0.037682 0.002429 0.000000 -0.036101 0.972250 -0.231141 14.677800 -0.011072 0.230889 0.972917 0.000000 0.000000 0.000000 0.000000 1.000000
0.998982 0.044806 0.005182 0.000000 -0.042828 0.978313 -0.202654 14.677800 -0.014149 0.202225 0.979237 -0.000000 0.000000 0.000000 0.000000 1.000000
0.999274 0.037979 0.002934 0.000000 -0.036808 0.982555 -0.182292 14.677800 -0.009806 0.182052 0.983240 0.000000 0.000000 0.000000 0.000000 1.000000
0.999748 0.022365 -0.002014 -0.000000 -0.022349 0.982295 -0.186003 14.677800 -0.002182 0.186001 0.982547 0.000000 0.000000 0.000000 0.000000 1.000000
0.999919 0.009627 -0.008367 0.000000 -0.011185 0.977085 -0.212554 14.677800 0.006129 0.212630 0.977114 0.000000 0.000000 0.000000 0.000000 1.000000
0.999849 0.006714 -0.016011 -0.000000 -0.010420 0.969706 -0.244052 14.677800 0.013887 0.244182 0.969630 -0.000000 0.000000 0.000000 0.000000 1.000000
0.999665 0.008492 -0.024460 -0.000000 -0.014647 0.964487 -0.263726 14.677800 0.021352 0.263996 0.964288 0.000000 0.000000 0.000000 0.000000 1.000000
0.999461 0.003850 -0.032605 -0.000000 -0.012402 0.963792 -0.266368 14.677800 0.030399 0.266629 0.963320 -0.000000 0.000000 0.000000 0.000000 1.000000
0.999134 -0.012269 -0.039749 0.000000 0.001791 0.967321 -0.253549 14.677800 0.041561 0.253259 0.966505 0.000000 0.000000 0.000000 0.000000 1.000000
0.998358 -0.034006 -0.046099 -0.000000 0.022711 0.973752 -0.226475 14.677800 0.052591 0.225057 0.972925 -0.000000 0.000000 0.000000 0.000000 1.000000
0.997391 -0.050014 -0.052064 0.000000 0.039255 0.980940 -0.190305 14.677800 0.060589 0.187764 0.980344 0.000000 0.000000 0.000000 0.000000 1.000000
0.996964 -0.052695 -0.057319 0.000000 0.042770 0.985805 -0.162358 14.677800 0.065061 0.159413 0.985066 0.000000 0.000000 0.000000 0.000000 1.000000
0.997195 -0.044021 -0.060532 0.000000 0.033725 0.986268 -0.161672 14.677800 0.066817 0.159177 0.984986 -0.000000 0.000000 0.000000 0.000000 1.000000
0.997648 -0.033276 -0.059923 -0.000000 0.021421 0.981825 -0.188578 14.677800 0.065109 0.186851 0.980228 0.000000 0.000000 0.000000 0.000000 1.000000
0.998145 -0.027299 -0.054416 0.000000 0.014339 0.974102 -0.225653 14.677800 0.059167 0.224455 0.972687 0.000000 0.000000 0.000000 0.000000 1.000000
0.998730 -0.023777 -0.044410 0.000000 0.011683 0.966890 -0.254925 14.677800 0.049001 0.254083 0.965940 -0.000000 0.000000 0.000000 0.000000 1.000000
0.999374 -0.015817 -0.031631 0.000000 0.006751 0.963286 -0.268394 14.677800 0.034714 0.268013 0.962790 -0.000000 0.000000 0.000000 0.000000 1.000000
0.999835 0.000684 -0.018148 0.000000 -0.005494 0.963872 -0.266308 14.677800 0.017310 0.266364 0.963717 0.000000 0.000000 0.000000 0.000000 1.000000</float_array>
        <technique_common>
          <accessor source="#mixamorig_Spine2-Matrix-animation-output-transform-array" count="20" stride="16">
            <param type="float4x4"/>
          </accessor>
        </technique_common>
      </source>
      <source id="mixamorig_Spine2-Interpolations">
        <Name_array id="mixamorig_Spine2-Interpolations-array" count="20">
 LINEAR LINEAR LINEAR LINEAR LINEAR LINEAR LINEAR LINEAR LINEAR LINEAR LINEAR
LINEAR LINEAR LINEAR LINEAR LINEAR LINEAR LINEAR LINEAR LINEAR</Name_array>
        <technique_common>
          <accessor source="#mixamorig_Spine2-Interpolations-array" count="20">
            <param type="name"/>
          </accessor>
        </technique_common>
      </source>
      <sampler id="mixamorig_Spine2-Matrix-animation-transform">
        <input semantic="INPUT" source="#mixamorig_Spine2-Matrix-animation-input"/>
        <input semantic="OUTPUT" source="#mixamorig_Spine2-Matrix-animation-output-transform"/>
        <input semantic="INTERPOLATION" source="#mixamorig_Spine2-Interpolations"/>
      </sampler>
      <channel source="#mixamorig_Spine2-Matrix-animation-transform" target="mixamorig_Spine2/matrix"/>
    </animation>
    <animation id="mixamorig_Neck-anim" name="mixamorig_Neck">
      <source id="mixamorig_Neck-Matrix-animation-input">
        <float_array id="mixamorig_Neck-Matrix-animation-input-array" count="20">

0.000000 0.033333 0.066667 0.100000 0.133333 0.166667 0.200000 0.233333 0.266667 0.300000 0.333333 0.366667 0.400000 0.433333 0.466667 0.500000
0.533333 0.566667 0.600000 0.633333</float_array>
        <technique_common>
          <accessor source="#mixamorig_Neck-Matrix-animation-input-array" count="20">
            <param name="TIME" type="float"/>
          </accessor>
        </technique_common>
      </source>
      <source id="mixamorig_Neck-Matrix-animation-output-transform">
        <float_array id="mixamorig_Neck-Matrix-animation-output-transform-array" count="320">

0.994673 -0.096132 -0.037197 0.000000 0.102996 0.912558 0.395766 16.512501 -0.004101 -0.397489 0.917598 0.000000 0.000000 0.000000 0.000000 1.000000
0.990861 -0.115662 -0.069402 -0.000000 0.132988 0.923701 0.359292 16.512501 0.022551 -0.365238 0.930641 -0.000000 0.000000 0.000000 0.000000 1.000000
0.983987 -0.147080 -0.100680 0.000000 0.169997 0.944209 0.282084 16.512501 0.053574 -0.294682 0.954092 -0.000000 0.000000 0.000000 0.000000 1.000000
0.975839 -0.180725 -0.122791 0.000000 0.200996 0.962880 0.180175 16.512501 0.085671 -0.200502 0.975940 0.000000 0.000000 0.000000 0.000000 1.000000
0.971214 -0.199927 -0.129512 0.000000 0.213505 0.971700 0.101072 16.512501 0.105640 -0.125813 0.986413 -0.000000 0.000000 0.000000 0.000000 1.000000
0.973280 -0.195340 -0.120697 0.000000 0.206730 0.974219 0.090327 16.512501 0.099941 -0.112865 0.988571 -0.000000 0.000000 0.000000 0.000000 1.000000
0.978940 -0.176524 -0.102542 0.000000 0.190475 0.970521 0.147677 16.512501 0.073450 -0.164098 0.983706 0.000000 0.000000 0.000000 0.000000 1.000000
0.983467 -0.160465 -0.083926 0.000000 0.176052 0.955767 0.235616 16.512501 0.042405 -0.246496 0.968216 0.000000 0.000000 0.000000 0.000000 1.000000
0.985926 -0.152495 -0.068524 0.000000 0.166402 0.934683 0.314129 16.512501 0.016145 -0.321111 0.946904 0.000000 0.000000 0.000000 0.000000 1.000000
0.988241 -0.144159 -0.050972 -0.000000 0.152842 0.921746 0.356403 16.512501 -0.004395 -0.360003 0.932941 0.000000 0.000000 0.000000 0.000000 1.000000
0.991858 -0.124974 -0.024480 0.000000 0.125648 0.929059 0.347938 16.512501 -0.020740 -0.348181 0.937198 0.000000 0.000000 0.000000 0.000000 1.000000
0.995652 -0.092704 0.009126 0.000000 0.086149 0.953637 0.288366 16.512501 -0.035435 -0.286326 0.957477 0.000000 0.000000 0.000000 0.000000 1.000000
0.997616 -0.056761 0.039262 0.000000 0.047680 0.978111 0.202549 16.512501 -0.049899 -0.200194 0.978485 0.000000 0.000000 0.000000 0.000000 1.000000
0.997906 -0.033675 0.055223 0.000000 0.025617 0.989733 0.140613 16.512501 -0.059391 -0.138904 0.988523 0.000000 0.000000 0.000000 0.000000 1.000000
0.997992 -0.033721 0.053611 0.000000 0.025901 0.989757 0.140393 16.512501 -0.057796 -0.138722 0.988643 -0.000000 0.000000 0.000000 0.000000 1.000000
0.997944 -0.050737 0.039150 0.000000 0.042197 0.980008 0.194434 16.512501 -0.048233 -0.192382 0.980134 0.000000 0.000000 0.000000 0.000000 1.000000
0.997342 -0.070009 0.020198 0.000000 0.062004 0.961026 0.269415 16.512501 -0.038272 -0.267447 0.962812 0.000000 0.000000 0.000000 0.000000 1.000000
0.996553 -0.082934 0.002126 0.000000 0.077366 0.938292 0.337079 16.512501 -0.029950 -0.335753 0.941474 0.000000 0.000000 0.000000 0.000000 1.000000
0.995797 -0.090228 -0.015729 -0.000000 0.089389 0.920036 0.381502 16.512501 -0.019951 -0.381304 0.924234 0.000000 0.000000 0.000000 0.000000 1.000000
0.994673 -0.096132 -0.037197 0.000000 0.102996 0.912558 0.395766 16.512501 -0.004101 -0.397489 0.917598 0.000000 0.000000 0.000000 0.000000 1.000000</float_array>
        <technique_common>
          <accessor source="#mixamorig_Neck-Matrix-animation-output-transform-array" count="20" stride="16">
            <param type="float4x4"/>
          </accessor>
        </technique_common>
      </source>
      <source id="mixamorig_Neck-Interpolations">
        <Name_array id="mixamorig_Neck-Interpolations-array" count="20">
 LINEAR LINEAR LINEAR LINEAR LINEAR LINEAR LINEAR LINEAR LINEAR LINEAR LINEAR
LINEAR LINEAR LINEAR LINEAR LINEAR LINEAR LINEAR LINEAR LINEAR</Name_array>
        <technique_common>
          <accessor source="#mixamorig_Neck-Interpolations-array" count="20">
            <param type="name"/>
          </accessor>
        </technique_common>
      </source>
      <sampler id="mixamorig_Neck-Matrix-animation-transform">
        <input semantic="INPUT" source="#mixamorig_Neck-Matrix-animation-input"/>
        <input semantic="OUTPUT" source="#mixamorig_Neck-Matrix-animation-output-transform"/>
        <input semantic="INTERPOLATION" source="#mixamorig_Neck-Interpolations"/>
      </sampler>
      <channel source="#mixamorig_Neck-Matrix-animation-transform" target="mixamorig_Neck/matrix"/>
    </animation>
    <animation id="mixamorig_Head-anim" name="mixamorig_Head">
      <source id="mixamorig_Head-Matrix-animation-input">
        <float_array id="mixamorig_Head-Matrix-animation-input-array" count="20">

0.000000 0.033333 0.066667 0.100000 0.133333 0.166667 0.200000 0.233333 0.266667 0.300000 0.333333 0.366667 0.400000 0.433333 0.466667 0.500000
0.533333 0.566667 0.600000 0.633333</float_array>
        <technique_common>
          <accessor source="#mixamorig_Head-Matrix-animation-input-array" count="20">
            <param name="TIME" type="float"/>
          </accessor>
        </technique_common>
      </source>
      <source id="mixamorig_Head-Matrix-animation-output-transform">
        <float_array id="mixamorig_Head-Matrix-animation-output-transform-array" count="320">

0.999998 0.002015 0.000528 0.000000 -0.001745 0.671800 0.740731 7.061100 0.001138 -0.740730 0.671802 2.298900 0.000000 0.000000 0.000000 1.000000
0.999330 -0.005984 -0.036095 -0.000000 0.030557 0.679092 0.733417 7.061100 0.020123 -0.734029 0.678820 2.298900 0.000000 0.000000 0.000000 1.000000
0.997694 -0.008861 -0.067288 0.000000 0.055074 0.685081 0.726382 7.061100 0.039661 -0.728413 0.683989 2.298900 0.000000 0.000000 0.000000 1.000000
0.996423 -0.004242 -0.084401 -0.000000 0.063801 0.692684 0.718413 7.061100 0.055416 -0.721228 0.690477 2.298900 0.000000 0.000000 0.000000 1.000000
0.996601 0.004882 -0.082232 -0.000000 0.055327 0.699914 0.712081 7.061100 0.061032 -0.714210 0.697265 2.298900 0.000000 0.000000 0.000000 1.000000
0.997888 0.010069 -0.064171 0.000000 0.038662 0.701794 0.711330 7.061100 0.052198 -0.712309 0.699922 2.298900 0.000000 0.000000 0.000000 1.000000
0.999158 0.006240 -0.040556 0.000000 0.024692 0.697976 0.715696 7.061100 0.032773 -0.716094 0.697234 2.298900 0.000000 0.000000 0.000000 1.000000
0.999784 -0.001648 -0.020718 0.000000 0.016072 0.693341 0.720430 7.061100 0.013177 -0.720608 0.693218 2.298900 0.000000 0.000000 0.000000 1.000000
0.999975 -0.004421 -0.005573 -0.000000 0.007083 0.691078 0.722745 7.061100 0.000656 -0.722766 0.691092 2.298900 0.000000 0.000000 0.000000 1.000000
0.999926 0.000937 0.012157 0.000000 -0.009454 0.689168 0.724540 7.061100 -0.007700 -0.724601 0.689125 2.298900 0.000000 0.000000 0.000000 1.000000
0.999159 0.010550 0.039617 0.000000 -0.036048 0.686357 0.726371 7.061100 -0.019528 -0.727188 0.686160 2.298900 0.000000 0.000000 0.000000 1.000000
0.997033 0.020304 0.074251 0.000000 -0.067749 0.689390 0.721216 7.061100 -0.036544 -0.724106 0.688720 2.298900 0.000000 0.000000 0.000000 1.000000
0.994298 0.027776 0.102952 0.000000 -0.092477 0.705309 0.702843 7.061100 -0.053091 -0.708356 0.703856 2.298900 0.000000 0.000000 0.000000 1.000000
0.993202 0.029923 0.112491 -0.000000 -0.098972 0.725765 0.680786 7.061100 -0.061270 -0.687292 0.723793 2.298900 0.000000 0.000000 0.000000 1.000000
0.994535 0.025767 0.101174 0.000000 -0.087582 0.733395 0.674137 7.061100 -0.056830 -0.679314 0.731644 2.298900 0.000000 0.000000 0.000000 1.000000
0.996623 0.019641 0.079725 0.000000 -0.069255 0.722691 0.687693 7.061100 -0.044109 -0.690893 0.721611 2.298900 0.000000 0.000000 0.000000 1.000000
0.998055 0.015898 0.060278 0.000000 -0.054025 0.703024 0.709111 7.061100 -0.031103 -0.710989 0.702515 2.298900 0.000000 0.000000 0.000000 1.000000
0.998891 0.013393 0.045148 0.000000 -0.042038 0.685722 0.726649 7.061100 -0.021227 -0.727741 0.685524 2.298900 0.000000 0.000000 0.000000 1.000000
0.999578 0.008942 0.027637 0.000000 -0.026419 0.675371 0.737005 7.061100 -0.012074 -0.737424 0.675322 2.298900 0.000000 0.000000 0.000000 1.000000
0.999998 0.002015 0.000528 0.000000 -0.001745 0.671800 0.740731 7.061100 0.001138 -0.740730 0.671802 2.298900 0.000000 0.000000 0.000000 1.000000</float_array>
        <technique_common>
          <accessor source="#mixamorig_Head-Matrix-animation-output-transform-array" count="20" stride="16">
            <param type="float4x4"/>
          </accessor>
        </technique_common>
      </source>
      <source id="mixamorig_Head-Interpolations">
        <Name_array id="mixamorig_Head-Interpolations-array" count="20">
 LINEAR LINEAR LINEAR LINEAR LINEAR LINEAR LINEAR LINEAR LINEAR LINEAR LINEAR
LINEAR LINEAR LINEAR LINEAR LINEAR LINEAR LINEAR LINEAR LINEAR</Name_array>
        <technique_common>
          <accessor source="#mixamorig_Head-Interpolations-array" count="20">
            <param type="name"/>
          </accessor>
        </technique_common>
      </source>
      <sampler id="mixamorig_Head-Matrix-animation-transform">
        <input semantic="INPUT" source="#mixamorig_Head-Matrix-animation-input"/>
        <input semantic="OUTPUT" source="#mixamorig_Head-Matrix-animation-output-transform"/>
        <input semantic="INTERPOLATION" source="#mixamorig_Head-Interpolations"/>
      </sampler>
      <channel source="#mixamorig_Head-Matrix-animation-transform" target="mixamorig_Head/matrix"/>
    </animation>
    <animation id="mixamorig_LeftShoulder-anim" name="mixamorig_LeftShoulder">
      <source id="mixamorig_LeftShoulder-Matrix-animation-input">
        <float_array id="mixamorig_LeftShoulder-Matrix-animation-input-array" count="20">

0.000000 0.033333 0.066667 0.100000 0.133333 0.166667 0.200000 0.233333 0.266667 0.300000 0.333333 0.366667 0.400000 0.433333 0.466667 0.500000
0.533333 0.566667 0.600000 0.633333</float_array>
        <technique_common>
          <accessor source="#mixamorig_LeftShoulder-Matrix-animation-input-array" count="20">
            <param name="TIME" type="float"/>
          </accessor>
        </technique_common>
      </source>
      <source id="mixamorig_LeftShoulder-Matrix-animation-output-transform">
        <float_array id="mixamorig_LeftShoulder-Matrix-animation-output-transform-array" count="320">

-0.212948 0.967510 -0.136301 6.916900 0.032772 -0.132350 -0.990661 14.057100 -0.976514 -0.215426 -0.003523 -0.221900 0.000000 0.000000 0.000000 1.000000
-0.211126 0.969009 -0.128249 6.916900 0.030750 -0.124557 -0.991736 14.057100 -0.976975 -0.213325 -0.003500 -0.221900 0.000000 0.000000 0.000000 1.000000
-0.204826 0.970949 -0.123713 6.916900 0.029624 -0.120185 -0.992309 14.057100 -0.978350 -0.206915 -0.004147 -0.221900 0.000000 0.000000 0.000000 1.000000
-0.195979 0.972363 -0.126897 6.916900 0.030424 -0.123315 -0.991901 14.057100 -0.980136 -0.198253 -0.005416 -0.221900 0.000000 0.000000 0.000000 1.000000
-0.188616 0.972606 -0.135873 6.916900 0.032545 -0.132090 -0.990703 14.057100 -0.981512 -0.191284 -0.006739 -0.221900 0.000000 0.000000 0.000000 1.000000
-0.186916 0.972036 -0.142159 6.916900 0.034009 -0.138220 -0.989818 14.057100 -0.981787 -0.189848 -0.007222 -0.221900 0.000000 0.000000 0.000000 1.000000
-0.191541 0.971488 -0.139728 6.916900 0.033487 -0.135813 -0.990168 14.057100 -0.980913 -0.194337 -0.006518 -0.221900 0.000000 0.000000 0.000000 1.000000
-0.198413 0.971142 -0.132348 6.916900 0.031742 -0.128595 -0.991189 14.057100 -0.979604 -0.200866 -0.005311 -0.221900 0.000000 0.000000 0.000000 1.000000
-0.202157 0.970859 -0.128704 6.916900 0.030844 -0.125040 -0.991672 14.057100 -0.978867 -0.204443 -0.004667 -0.221900 0.000000 0.000000 0.000000 1.000000
-0.201429 0.970597 -0.131785 6.916900 0.031614 -0.128030 -0.991266 14.057100 -0.978993 -0.203836 -0.004896 -0.221900 0.000000 0.000000 0.000000 1.000000
-0.200675 0.969939 -0.137650 6.916900 0.033060 -0.133723 -0.990467 14.057100 -0.979100 -0.203313 -0.005231 -0.221900 0.000000 0.000000 0.000000 1.000000
-0.205466 0.968088 -0.143492 6.916900 0.034507 -0.139363 -0.989640 14.057100 -0.978056 -0.208289 -0.004771 -0.221900 0.000000 0.000000 0.000000 1.000000
-0.215245 0.964871 -0.150642 6.916900 0.036369 -0.146231 -0.988582 14.057100 -0.975883 -0.218266 -0.003616 -0.221900 0.000000 0.000000 0.000000 1.000000
-0.222189 0.961988 -0.158781 6.916900 0.038570 -0.154052 -0.987310 14.057100 -0.974240 -0.225494 -0.002875 -0.221900 0.000000 0.000000 0.000000 1.000000
-0.219434 0.961932 -0.162895 6.916900 0.039588 -0.158048 -0.986637 14.057100 -0.974824 -0.222950 -0.003399 -0.221900 0.000000 0.000000 0.000000 1.000000
-0.209695 0.964733 -0.159117 6.916900 0.038447 -0.154474 -0.987248 14.057100 -0.977011 -0.213138 -0.004699 -0.221900 0.000000 0.000000 0.000000 1.000000
-0.202802 0.967617 -0.150293 6.916900 0.036196 -0.145970 -0.988627 14.057100 -0.978551 -0.205935 -0.005421 -0.221900 0.000000 0.000000 0.000000 1.000000
-0.204339 0.968465 -0.142549 6.916900 0.034316 -0.138445 -0.989775 14.057100 -0.978298 -0.207142 -0.004944 -0.221900 0.000000 0.000000 0.000000 1.000000
-0.210272 0.967791 -0.138440 6.916900 0.033303 -0.134433 -0.990363 14.057100 -0.977075 -0.212857 -0.003963 -0.221900 0.000000 0.000000 0.000000 1.000000
-0.212948 0.967510 -0.136301 6.916900 0.032771 -0.132350 -0.990661 14.057100 -0.976514 -0.215426 -0.003523 -0.221900 0.000000 0.000000 0.000000 1.000000</float_array>
        <technique_common>
          <accessor source="#mixamorig_LeftShoulder-Matrix-animation-output-transform-array" count="20" stride="16">
            <param type="float4x4"/>
          </accessor>
        </technique_common>
      </source>
      <source id="mixamorig_LeftShoulder-Interpolations">
        <Name_array id="mixamorig_LeftShoulder-Interpolations-array" count="20">
 LINEAR LINEAR LINEAR LINEAR LINEAR LINEAR LINEAR LINEAR LINEAR LINEAR LINEAR
LINEAR LINEAR LINEAR LINEAR LINEAR LINEAR LINEAR LINEAR LINEAR</Name_array>
        <technique_common>
          <accessor source="#mixamorig_LeftShoulder-Interpolations-array" count="20">
            <param type="name"/>
          </accessor>
        </technique_common>
      </source>
      <sampler id="mixamorig_LeftShoulder-Matrix-animation-transform">
        <input semantic="INPUT" source="#mixamorig_LeftShoulder-Matrix-animation-input"/>
        <input semantic="OUTPUT" source="#mixamorig_LeftShoulder-Matrix-animation-output-transform"/>
        <input semantic="INTERPOLATION" source="#mixamorig_LeftShoulder-Interpolations"/>
      </sampler>
      <channel source="#mixamorig_LeftShoulder-Matrix-animation-transform" target="mixamorig_LeftShoulder/matrix"/>
    </animation>
    <animation id="mixamorig_LeftArm-anim" name="mixamorig_LeftArm">
      <source id="mixamorig_LeftArm-Matrix-animation-input">
        <float_array id="mixamorig_LeftArm-Matrix-animation-input-array" count="20">

0.000000 0.033333 0.066667 0.100000 0.133333 0.166667 0.200000 0.233333 0.266667 0.300000 0.333333 0.366667 0.400000 0.433333 0.466667 0.500000
0.533333 0.566667 0.600000 0.633333</float_array>
        <technique_common>
          <accessor source="#mixamorig_LeftArm-Matrix-animation-input-array" count="20">
            <param name="TIME" type="float"/>
          </accessor>
        </technique_common>
      </source>
      <source id="mixamorig_LeftArm-Matrix-animation-output-transform">
        <float_array id="mixamorig_LeftArm-Matrix-animation-output-transform-array" count="320">

0.777252 -0.049109 0.627270 0.000000 0.472791 0.703388 -0.530767 14.531800 -0.415149 0.709107 0.569928 0.000000 0.000000 0.000000 0.000000 1.000000
0.777211 0.001623 0.629238 0.000000 0.441174 0.711634 -0.546756 14.531800 -0.448675 0.702548 0.552374 0.000000 0.000000 0.000000 0.000000 1.000000
0.769692 0.059246 0.635660 0.000000 0.397694 0.734399 -0.549998 14.531800 -0.499413 0.676127 0.541700 0.000000 0.000000 0.000000 0.000000 1.000000
0.756526 0.120708 0.642727 0.000000 0.348313 0.757439 -0.552236 14.531800 -0.553486 0.641651 0.530978 0.000000 0.000000 0.000000 0.000000 1.000000
0.750240 0.160896 0.641290 0.000000 0.316889 0.763769 -0.562351 14.531800 -0.580277 0.625116 0.522023 0.000000 0.000000 0.000000 0.000000 1.000000
0.761516 0.152265 0.630007 0.000000 0.325643 0.750543 -0.575015 14.531800 -0.560402 0.643040 0.521967 0.000000 0.000000 0.000000 0.000000 1.000000
0.775964 0.102251 0.622435 -0.000000 0.368377 0.727554 -0.578760 14.531800 -0.512033 0.678388 0.526889 0.000000 0.000000 0.000000 0.000000 1.000000
0.774102 0.037358 0.631957 -0.000000 0.422239 0.713308 -0.559380 14.531800 -0.471677 0.699854 0.536399 -0.000000 0.000000 0.000000 0.000000 1.000000
0.758913 -0.027858 0.650596 0.000000 0.469566 0.715622 -0.517101 14.531800 -0.451175 0.697932 0.556176 -0.000000 0.000000 0.000000 0.000000 1.000000
0.748417 -0.074712 0.659007 -0.000000 0.499133 0.717757 -0.485481 14.531800 -0.436735 0.692274 0.574472 -0.000000 0.000000 0.000000 0.000000 1.000000
0.753560 -0.073735 0.653231 0.000000 0.503001 0.704449 -0.500740 14.531800 -0.423246 0.705914 0.567933 -0.000000 0.000000 0.000000 0.000000 1.000000
0.767978 -0.017516 0.640237 0.000000 0.480510 0.676678 -0.557868 14.531800 -0.423463 0.736071 0.528090 0.000000 0.000000 0.000000 0.000000 1.000000
0.778401 0.060766 0.624819 0.000000 0.446881 0.645389 -0.619492 14.531800 -0.440896 0.761433 0.475216 0.000000 0.000000 0.000000 0.000000 1.000000
0.779287 0.119930 0.615084 -0.000000 0.418479 0.631003 -0.653231 14.531800 -0.466462 0.766454 0.441545 0.000000 0.000000 0.000000 0.000000 1.000000
0.774222 0.139772 0.617287 -0.000000 0.401877 0.644904 -0.650072 14.531800 -0.488953 0.751374 0.443128 0.000000 0.000000 0.000000 0.000000 1.000000
0.770724 0.117656 0.626212 0.000000 0.402363 0.672183 -0.621510 14.531800 -0.494053 0.730977 0.470727 0.000000 0.000000 0.000000 0.000000 1.000000
0.770892 0.071051 0.632991 0.000000 0.419320 0.691444 -0.588283 14.531800 -0.479475 0.718928 0.503235 0.000000 0.000000 0.000000 0.000000 1.000000
0.772750 0.020507 0.634380 0.000000 0.442950 0.698421 -0.562142 14.531800 -0.454592 0.715394 0.530621 -0.000000 0.000000 0.000000 0.000000 1.000000
0.775229 -0.022348 0.631285 0.000000 0.462985 0.699967 -0.543774 14.531800 -0.429726 0.713825 0.552982 0.000000 0.000000 0.000000 0.000000 1.000000
0.777252 -0.049109 0.627270 0.000000 0.472790 0.703388 -0.530768 14.531800 -0.415149 0.709107 0.569928 0.000000 0.000000 0.000000 0.000000 1.000000</float_array>
        <technique_common>
          <accessor source="#mixamorig_LeftArm-Matrix-animation-output-transform-array" count="20" stride="16">
            <param type="float4x4"/>
          </accessor>
        </technique_common>
      </source>
      <source id="mixamorig_LeftArm-Interpolations">
        <Name_array id="mixamorig_LeftArm-Interpolations-array" count="20">
 LINEAR LINEAR LINEAR LINEAR LINEAR LINEAR LINEAR LINEAR LINEAR LINEAR LINEAR
LINEAR LINEAR LINEAR LINEAR LINEAR LINEAR LINEAR LINEAR LINEAR</Name_array>
        <technique_common>
          <accessor source="#mixamorig_LeftArm-Interpolations-array" count="20">
            <param type="name"/>
          </accessor>
        </technique_common>
      </source>
      <sampler id="mixamorig_LeftArm-Matrix-animation-transform">
