<?xml version="1.0" encoding="utf-8"?>
<COLLADA xmlns="http://www.collada.org/2005/11/COLLADASchema" version="1.4.1">
  <asset>
    <contributor>
      <author>Mixamo</author>
      <authoring_tool>COLLADA Mixamo exporter</authoring_tool>
      <comments/>
    </contributor>
    <created>2025-01-18T14:13:41Z</created>
    <modified>2025-01-18T14:13:41Z</modified>
    <revision/>
    <title/>
    <unit meter="0.010000"/>
    <up_axis>Y_UP</up_axis>
  </asset>
  <library_animations>
    <animation id="mixamorig_Hips-anim" name="mixamorig_Hips">
      <source id="mixamorig_Hips-Matrix-animation-input">
        <float_array id="mixamorig_Hips-Matrix-animation-input-array" count="31">

0.000000 0.033333 0.066667 0.100000 0.133333 0.166667 0.200000 0.233333 0.266667 0.300000 0.333333 0.366667 0.400000 0.433333 0.466667 0.500000
0.533333 0.566667 0.600000 0.633333 0.666667 0.700000 0.733333 0.766667 0.800000 0.833333 0.866667 0.900000 0.933333 0.966667 1.000000</float_array>
        <technique_common>
          <accessor source="#mixamorig_Hips-Matrix-animation-input-array" count="31">
            <param name="TIME" type="float"/>
          </accessor>
        </technique_common>
      </source>
      <source id="mixamorig_Hips-Matrix-animation-output-transform">
        <float_array id="mixamorig_Hips-Matrix-animation-output-transform-array" count="496">

0.345250 -0.035827 -0.937827 0.547977 0.020596 0.999320 -0.030594 75.569923 0.938285 -0.008753 0.345753 0.026328 0.000000 0.000000 0.000000 1.000000
0.423251 -0.024849 -0.905672 0.054962 -0.003077 0.999579 -0.028863 76.132980 0.906007 0.015003 0.422996 -0.558235 0.000000 0.000000 0.000000 1.000000
0.573718 -0.004889 -0.819039 -0.546541 -0.047526 0.998099 -0.039249 76.107666 0.817673 0.061444 0.572394 -0.609437 0.000000 0.000000 0.000000 1.000000
0.700445 0.059926 -0.711186 -1.491184 -0.116058 0.992769 -0.030652 76.107651 0.704207 0.104009 0.702335 2.143811 0.000000 0.000000 0.000000 1.000000
0.837919 0.117320 -0.533037 -2.014175 -0.132940 0.991082 0.009157 76.988678 0.529357 0.063189 0.846043 8.831562 0.000000 0.000000 0.000000 1.000000
0.949353 0.078527 -0.304242 -1.695389 -0.043480 0.991784 0.120311 78.214600 0.311190 -0.100989 0.944967 15.493648 0.000000 0.000000 0.000000 1.000000
0.988055 -0.088073 0.126457 -2.524295 0.053580 0.965729 0.253963 80.466263 -0.144490 -0.244154 0.958912 19.701115 0.000000 0.000000 0.000000 1.000000
0.748361 -0.137084 0.648971 -6.473804 -0.109970 0.939227 0.325208 85.360275 -0.654112 -0.314740 0.687805 24.022938 0.000000 0.000000 0.000000 1.000000
0.287749 -0.069998 0.955144 -9.456524 -0.463690 0.862452 0.202898 89.392326 -0.837969 -0.501275 0.215712 30.302082 0.000000 0.000000 0.000000 1.000000
-0.230391 0.013089 0.973010 -6.862875 -0.740565 0.646289 -0.184047 92.465057 -0.631255 -0.762980 -0.139206 35.553581 0.000000 0.000000 0.000000 1.000000
-0.537004 0.021490 0.843306 -1.362339 -0.745620 0.455478 -0.486406 93.831596 -0.394560 -0.889987 -0.228570 39.390778 0.000000 0.000000 0.000000 1.000000
-0.601027 0.039171 0.798268 0.062297 -0.754951 0.300005 -0.583134 92.482140 -0.262326 -0.953133 -0.150739 41.818657 0.000000 0.000000 0.000000 1.000000
-0.575680 -0.018679 0.817461 -0.730379 -0.787392 0.282219 -0.548056 92.301109 -0.220466 -0.959168 -0.177176 43.455673 0.000000 0.000000 0.000000 1.000000
-0.580486 -0.013804 0.814153 -1.416076 -0.782684 0.285241 -0.553212 91.885452 -0.224593 -0.958357 -0.176383 44.009617 0.000000 0.000000 0.000000 1.000000
-0.520247 -0.064356 0.851588 -3.286806 -0.798913 0.389054 -0.458666 91.720474 -0.301796 -0.918964 -0.253819 44.566540 0.000000 0.000000 0.000000 1.000000
-0.376892 -0.052319 0.924778 -4.722603 -0.803311 0.515514 -0.298223 90.854797 -0.461134 -0.855282 -0.236322 44.507587 0.000000 0.000000 0.000000 1.000000
-0.081431 -0.051216 0.995362 -4.661404 -0.739310 0.672868 -0.025861 90.271698 -0.668423 -0.737987 -0.092657 43.490383 0.000000 0.000000 0.000000 1.000000
0.437451 -0.141599 0.888024 -2.230691 -0.483345 0.795718 0.364981 89.979019 -0.758297 -0.588883 0.279647 38.315094 0.000000 0.000000 0.000000 1.000000
0.862926 -0.166306 0.477181 0.575115 -0.110353 0.859486 0.499106 87.695297 -0.493134 -0.483350 0.723320 32.108299 0.000000 0.000000 0.000000 1.000000
0.990102 -0.135374 -0.037030 3.178350 0.139975 0.933291 0.330718 85.651184 -0.010211 -0.332628 0.943003 27.235550 0.000000 0.000000 0.000000 1.000000
0.964850 -0.114139 -0.236721 3.950411 0.162111 0.967460 0.194268 85.072906 0.206844 -0.225815 0.951957 23.395071 0.000000 0.000000 0.000000 1.000000
0.848060 -0.046651 -0.527842 4.453396 0.109263 0.990106 0.088042 85.101112 0.518512 -0.132338 0.844767 19.278023 0.000000 0.000000 0.000000 1.000000
0.624949 -0.063807 -0.778054 5.282543 0.029282 0.997869 -0.058314 82.566437 0.780116 0.013660 0.625485 13.093224 0.000000 0.000000 0.000000 1.000000
0.505112 -0.099275 -0.857325 4.295872 -0.000827 0.993306 -0.115509 77.689636 0.863053 0.059054 0.501649 7.370632 0.000000 0.000000 0.000000 1.000000
0.426972 -0.049369 -0.902916 3.948411 -0.027519 0.997337 -0.067544 74.004128 0.903846 0.053687 0.424476 4.047439 0.000000 0.000000 0.000000 1.000000
0.368014 -0.034076 -0.929196 2.592013 -0.023421 0.998671 -0.045900 72.946709 0.929525 0.038654 0.366727 2.132888 0.000000 0.000000 0.000000 1.000000
0.365894 -0.039956 -0.929798 1.909502 -0.014284 0.998719 -0.048539 72.947937 0.930547 0.031041 0.364855 1.153169 0.000000 0.000000 0.000000 1.000000
0.336736 -0.036335 -0.940898 1.461866 0.000907 0.999267 -0.038264 73.212288 0.941599 0.012032 0.336523 0.540308 0.000000 0.000000 0.000000 1.000000
0.333944 -0.047002 -0.941420 1.148660 0.014089 0.998893 -0.044874 73.833405 0.942488 0.001721 0.334237 0.373624 0.000000 0.000000 0.000000 1.000000
0.328492 -0.041909 -0.943577 0.959670 0.024288 0.999060 -0.035917 74.582787 0.944194 -0.011119 0.329201 0.250714 0.000000 0.000000 0.000000 1.000000
0.345250 -0.035827 -0.937827 0.547979 0.020596 0.999320 -0.030594 75.569923 0.938285 -0.008753 0.345753 0.026334 0.000000 0.000000 0.000000 1.000000</float_array>
        <technique_common>
          <accessor source="#mixamorig_Hips-Matrix-animation-output-transform-array" count="31" stride="16">
            <param type="float4x4"/>
          </accessor>
        </technique_common>
      </source>
      <source id="mixamorig_Hips-Interpolations">
        <Name_array id="mixamorig_Hips-Interpolations-array" count="31">
 LINEAR LINEAR LINEAR LINEAR LINEAR LINEAR LINEAR LINEAR LINEAR LINEAR LINEAR
LINEAR LINEAR LINEAR LINEAR LINEAR LINEAR LINEAR LINEAR LINEAR LINEAR LINEAR LINEAR
LINEAR LINEAR LINEAR LINEAR LINEAR LINEAR LINEAR LINEAR</Name_array>
        <technique_common>
          <accessor source="#mixamorig_Hips-Interpolations-array" count="31">
            <param type="name"/>
          </accessor>
        </technique_common>
      </source>
      <sampler id="mixamorig_Hips-Matrix-animation-transform">
        <input semantic="INPUT" source="#mixamorig_Hips-Matrix-animation-input"/>
        <input semantic="OUTPUT" source="#mixamorig_Hips-Matrix-animation-output-transform"/>
        <input semantic="INTERPOLATION" source="#mixamorig_Hips-Interpolations"/>
      </sampler>
      <channel source="#mixamorig_Hips-Matrix-animation-transform" target="mixamorig_Hips/matrix"/>
    </animation>
    <animation id="mixamorig_Spine-anim" name="mixamorig_Spine">
      <source id="mixamorig_Spine-Matrix-animation-input">
        <float_array id="mixamorig_Spine-Matrix-animation-input-array" count="31">

0.000000 0.033333 0.066667 0.100000 0.133333 0.166667 0.200000 0.233333 0.266667 0.300000 0.333333 0.366667 0.400000 0.433333 0.466667 0.500000
0.533333 0.566667 0.600000 0.633333 0.666667 0.700000 0.733333 0.766667 0.800000 0.833333 0.866667 0.900000 0.933333 0.966667 1.000000</float_array>
        <technique_common>
          <accessor source="#mixamorig_Spine-Matrix-animation-input-array" count="31">
            <param name="TIME" type="float"/>
          </accessor>
        </technique_common>
      </source>
      <source id="mixamorig_Spine-Matrix-animation-output-transform">
        <float_array id="mixamorig_Spine-Matrix-animation-output-transform-array" count="496">

0.999490 0.025608 0.019102 0.000000 -0.021084 0.977936 -0.207838 10.969700 -0.024003 0.207329 0.977977 -0.921700 0.000000 0.000000 0.000000 1.000000
0.999998 -0.002001 -0.000825 0.000000 0.001796 0.979842 -0.199765 10.969700 0.001208 0.199763 0.979844 -0.921700 0.000000 0.000000 0.000000 1.000000
0.998326 -0.050165 -0.028781 0.000000 0.044083 0.982161 -0.182803 10.969700 0.037438 0.181228 0.982728 -0.921700 0.000000 0.000000 0.000000 1.000000
0.992198 -0.121646 -0.027320 -0.000000 0.116540 0.982773 -0.143442 10.969700 0.044299 0.139139 0.989282 -0.921700 0.000000 0.000000 0.000000 1.000000
0.983621 -0.179893 -0.011364 0.000000 0.178695 0.981454 -0.069397 10.969700 0.023638 0.066229 0.997524 -0.921700 0.000000 0.000000 0.000000 1.000000
0.983434 -0.143758 0.110418 0.000000 0.147176 0.988833 -0.023421 10.969700 -0.105818 0.039284 0.993609 -0.921700 0.000000 0.000000 0.000000 1.000000
0.980482 -0.000711 0.196607 0.000000 0.011913 0.998371 -0.055800 10.969700 -0.196247 0.057053 0.978893 -0.921700 0.000000 0.000000 0.000000 1.000000
0.987197 0.140423 0.075657 0.000000 -0.130821 0.984160 -0.119648 10.969700 -0.091260 0.108219 0.989929 -0.921700 0.000000 0.000000 0.000000 1.000000
0.984489 0.135280 -0.111713 0.000000 -0.155483 0.967720 -0.198351 10.969700 0.081274 0.212644 0.973744 -0.921700 0.000000 0.000000 0.000000 1.000000
0.993129 -0.032418 -0.112441 0.000000 0.016382 0.989915 -0.140709 10.969700 0.115869 0.137901 0.983645 -0.921700 0.000000 0.000000 0.000000 1.000000
0.997561 0.002741 -0.069750 -0.000000 -0.004605 0.999636 -0.026578 10.969700 0.069651 0.026835 0.997210 -0.921700 0.000000 0.000000 0.000000 1.000000
0.999881 -0.006030 0.014226 -0.000000 0.005457 0.999187 0.039952 10.969700 -0.014455 -0.039869 0.999100 -0.921700 0.000000 0.000000 0.000000 1.000000
0.999913 0.010279 -0.008282 0.000000 -0.010522 0.999501 -0.029777 10.969700 0.007972 0.029861 0.999522 -0.921700 0.000000 0.000000 0.000000 1.000000
0.999143 0.008002 -0.040613 0.000000 -0.008979 0.999673 -0.023929 10.969700 0.040408 0.024273 0.998888 -0.921700 0.000000 0.000000 0.000000 1.000000
0.996997 0.003716 -0.077356 -0.000000 -0.013489 0.991912 -0.126210 10.969700 0.076261 0.126875 0.988983 -0.921700 0.000000 0.000000 0.000000 1.000000
0.982170 0.034176 -0.184863 0.000000 -0.060229 0.988709 -0.137211 10.969700 0.178086 0.145898 0.973139 -0.921700 0.000000 0.000000 0.000000 1.000000
0.955297 0.113502 -0.272991 -0.000000 -0.136598 0.988353 -0.067080 10.969700 0.262198 0.101371 0.959675 -0.921700 0.000000 0.000000 0.000000 1.000000
0.975706 0.145186 -0.164069 0.000000 -0.149368 0.988691 -0.013381 10.969700 0.160271 0.037562 0.986358 -0.921700 0.000000 0.000000 0.000000 1.000000
0.999257 0.030995 0.022886 0.000000 -0.030284 0.999068 -0.030768 10.969700 -0.023818 0.030052 0.999265 -0.921700 0.000000 0.000000 0.000000 1.000000
0.987989 -0.062205 0.141450 0.000000 0.064792 0.997804 -0.013754 10.969700 -0.140284 0.022754 0.989850 -0.921700 0.000000 0.000000 0.000000 1.000000
0.995163 -0.085649 0.048121 0.000000 0.087892 0.995039 -0.046609 10.969700 -0.043890 0.050613 0.997753 -0.921700 0.000000 0.000000 0.000000 1.000000
0.988951 -0.134645 0.062020 0.000000 0.141161 0.983094 -0.116616 10.969700 -0.045270 0.124082 0.991239 -0.921700 0.000000 0.000000 0.000000 1.000000
0.989442 -0.099415 0.105456 0.000000 0.116835 0.977697 -0.174520 10.969700 -0.085754 0.184998 0.978990 -0.921700 0.000000 0.000000 0.000000 1.000000
0.997309 -0.005841 0.073078 0.000000 0.020860 0.978227 -0.206487 10.969700 -0.070281 0.207456 0.975717 -0.921700 0.000000 0.000000 0.000000 1.000000
0.998687 0.014730 0.049073 0.000000 -0.001624 0.966402 -0.257029 10.969700 -0.051210 0.256612 0.965157 -0.921700 0.000000 0.000000 0.000000 1.000000
0.998241 0.042008 0.041846 0.000000 -0.030065 0.966887 -0.253426 10.969700 -0.051107 0.251722 0.966449 -0.921700 0.000000 0.000000 0.000000 1.000000
0.998827 0.036633 0.031667 0.000000 -0.027927 0.970046 -0.241311 10.969700 -0.039559 0.240144 0.969931 -0.921700 0.000000 0.000000 0.000000 1.000000
0.998422 0.044604 0.034120 0.000000 -0.035331 0.971177 -0.235726 10.969700 -0.043651 0.234149 0.971220 -0.921700 0.000000 0.000000 0.000000 1.000000
0.998820 0.040418 0.026916 0.000000 -0.033466 0.974569 -0.221575 10.969700 -0.035187 0.220413 0.974772 -0.921700 0.000000 0.000000 0.000000 1.000000
0.999004 0.038069 0.023259 0.000000 -0.032073 0.975272 -0.218668 10.969700 -0.031009 0.217704 0.975522 -0.921700 0.000000 0.000000 0.000000 1.000000
0.999490 0.025608 0.019102 0.000000 -0.021084 0.977936 -0.207838 10.969700 -0.024002 0.207329 0.977977 -0.921700 0.000000 0.000000 0.000000 1.000000</float_array>
        <technique_common>
          <accessor source="#mixamorig_Spine-Matrix-animation-output-transform-array" count="31" stride="16">
            <param type="float4x4"/>
          </accessor>
        </technique_common>
      </source>
      <source id="mixamorig_Spine-Interpolations">
        <Name_array id="mixamorig_Spine-Interpolations-array" count="31">
 LINEAR LINEAR LINEAR LINEAR LINEAR LINEAR LINEAR LINEAR LINEAR LINEAR LINEAR
LINEAR LINEAR LINEAR LINEAR LINEAR LINEAR LINEAR LINEAR LINEAR LINEAR LINEAR LINEAR
LINEAR LINEAR LINEAR LINEAR LINEAR LINEAR LINEAR LINEAR</Name_array>
        <technique_common>
          <accessor source="#mixamorig_Spine-Interpolations-array" count="31">
            <param type="name"/>
          </accessor>
        </technique_common>
      </source>
      <sampler id="mixamorig_Spine-Matrix-animation-transform">
        <input semantic="INPUT" source="#mixamorig_Spine-Matrix-animation-input"/>
        <input semantic="OUTPUT" source="#mixamorig_Spine-Matrix-animation-output-transform"/>
        <input semantic="INTERPOLATION" source="#mixamorig_Spine-Interpolations"/>
      </sampler>
      <channel source="#mixamorig_Spine-Matrix-animation-transform" target="mixamorig_Spine/matrix"/>
    </animation>
    <animation id="mixamorig_Spine1-anim" name="mixamorig_Spine1">
      <source id="mixamorig_Spine1-Matrix-animation-input">
        <float_array id="mixamorig_Spine1-Matrix-animation-input-array" count="31">

0.000000 0.033333 0.066667 0.100000 0.133333 0.166667 0.200000 0.233333 0.266667 0.300000 0.333333 0.366667 0.400000 0.433333 0.466667 0.500000
0.533333 0.566667 0.600000 0.633333 0.666667 0.700000 0.733333 0.766667 0.800000 0.833333 0.866667 0.900000 0.933333 0.966667 1.000000</float_array>
        <technique_common>
          <accessor source="#mixamorig_Spine1-Matrix-animation-input-array" count="31">
            <param name="TIME" type="float"/>
          </accessor>
        </technique_common>
      </source>
      <source id="mixamorig_Spine1-Matrix-animation-output-transform">
        <float_array id="mixamorig_Spine1-Matrix-animation-output-transform-array" count="496">

0.999929 0.006345 0.010057 0.000000 -0.005131 0.993184 -0.116445 12.843100 -0.010727 0.116385 0.993146 0.000000 0.000000 0.000000 0.000000 1.000000
0.999994 -0.003176 0.001162 -0.000000 0.003287 0.993574 -0.113140 12.843100 -0.000795 0.113143 0.993578 0.000000 0.000000 0.000000 0.000000 1.000000
0.999732 -0.019954 -0.011750 -0.000000 0.018596 0.994176 -0.106155 12.843100 0.013800 0.105908 0.994280 0.000000 0.000000 0.000000 0.000000 1.000000
0.998728 -0.048569 -0.013539 0.000000 0.047158 0.994818 -0.090074 12.843100 0.017844 0.089321 0.995843 0.000000 0.000000 0.000000 0.000000 1.000000
0.997388 -0.071807 -0.007807 -0.000000 0.071211 0.995649 -0.060094 12.843100 0.012088 0.059381 0.998162 -0.000000 0.000000 0.000000 0.000000 1.000000
0.997357 -0.061502 0.038694 0.000000 0.063209 0.997006 -0.044540 12.843100 -0.035839 0.046868 0.998258 0.000000 0.000000 0.000000 0.000000 1.000000
0.997189 -0.012730 0.073832 0.000000 0.016722 0.998417 -0.053699 12.843100 -0.073032 0.054783 0.995824 0.000000 0.000000 0.000000 0.000000 1.000000
0.998519 0.043775 0.032317 0.000000 -0.041131 0.996074 -0.078395 12.843100 -0.035621 0.076950 0.996398 0.000000 0.000000 0.000000 0.000000 1.000000
0.997943 0.052537 -0.036727 -0.000000 -0.056442 0.991768 -0.114941 12.843100 0.030386 0.116778 0.992693 0.000000 0.000000 0.000000 0.000000 1.000000
0.998999 -0.007046 -0.044163 0.000000 0.003050 0.995947 -0.089893 12.843100 0.044617 0.089668 0.994972 0.000000 0.000000 0.000000 0.000000 1.000000
0.999646 0.011608 -0.023942 0.000000 -0.012608 0.999035 -0.042065 12.843100 0.023431 0.042352 0.998828 -0.000000 0.000000 0.000000 0.000000 1.000000
0.999930 0.005315 0.010609 -0.000000 -0.005139 0.999850 -0.016564 12.843100 -0.010695 0.016508 0.999807 0.000000 0.000000 0.000000 0.000000 1.000000
0.999915 0.012963 0.001655 -0.000000 -0.012877 0.998929 -0.044450 12.843100 -0.002230 0.044425 0.999010 0.000000 0.000000 0.000000 0.000000 1.000000
0.999853 0.012769 -0.011476 0.000000 -0.013237 0.999047 -0.041590 12.843100 0.010934 0.041736 0.999069 0.000000 0.000000 0.000000 0.000000 1.000000
0.999479 0.013663 -0.029247 0.000000 -0.016004 0.996557 -0.081350 12.843100 0.028035 0.081776 0.996256 0.000000 0.000000 0.000000 0.000000 1.000000
0.997015 0.028264 -0.071856 -0.000000 -0.034386 0.995749 -0.085446 12.843100 0.069135 0.087662 0.993748 -0.000000 0.000000 0.000000 0.000000 1.000000
0.993023 0.056230 -0.103654 0.000000 -0.062787 0.996154 -0.061114 12.843100 0.099819 0.067195 0.992734 0.000000 0.000000 0.000000 0.000000 1.000000
0.996373 0.058403 -0.061879 0.000000 -0.061073 0.997243 -0.042160 12.843100 0.059246 0.045787 0.997193 0.000000 0.000000 0.000000 0.000000 1.000000
0.999915 0.009517 0.008921 0.000000 -0.009106 0.998941 -0.045096 12.843100 -0.009341 0.045011 0.998943 0.000000 0.000000 0.000000 0.000000 1.000000
0.998176 -0.028722 0.053101 0.000000 0.030762 0.998804 -0.037995 12.843100 -0.051947 0.039559 0.997866 0.000000 0.000000 0.000000 0.000000 1.000000
0.999232 -0.035132 0.017329 0.000000 0.035986 0.998012 -0.051744 12.843100 -0.015477 0.052328 0.998510 0.000000 0.000000 0.000000 0.000000 1.000000
0.998122 -0.056941 0.022609 0.000000 0.058523 0.995320 -0.076899 12.843100 -0.018124 0.078078 0.996783 0.000000 0.000000 0.000000 0.000000 1.000000
0.998253 -0.044643 0.038706 0.000000 0.048338 0.993764 -0.100485 12.843100 -0.033979 0.102181 0.994185 -0.000000 0.000000 0.000000 0.000000 1.000000
0.999530 -0.008849 0.029350 0.000000 0.012171 0.993291 -0.114996 12.843100 -0.028135 0.115299 0.992932 -0.000000 0.000000 0.000000 0.000000 1.000000
0.999746 -0.002415 0.022422 0.000000 0.005461 0.990582 -0.136810 12.843100 -0.021881 0.136898 0.990344 0.000000 0.000000 0.000000 0.000000 1.000000
0.999745 0.010347 0.020080 0.000000 -0.007520 0.990666 -0.136106 12.843100 -0.021301 0.135921 0.990491 0.000000 0.000000 0.000000 0.000000 1.000000
0.999833 0.008940 0.015919 0.000000 -0.006780 0.991376 -0.130875 12.843100 -0.016952 0.130745 0.991271 0.000000 0.000000 0.000000 0.000000 1.000000
0.999779 0.012209 0.017085 -0.000000 -0.009911 0.991643 -0.128634 12.843100 -0.018513 0.128437 0.991545 0.000000 0.000000 0.000000 0.000000 1.000000
0.999839 0.011311 0.013905 0.000000 -0.009523 0.992417 -0.122549 12.843100 -0.015186 0.122397 0.992365 -0.000000 0.000000 0.000000 0.000000 1.000000
0.999865 0.010918 0.012268 -0.000000 -0.009351 0.992585 -0.121190 12.843100 -0.013500 0.121059 0.992553 0.000000 0.000000 0.000000 0.000000 1.000000
0.999929 0.006345 0.010057 -0.000000 -0.005131 0.993184 -0.116445 12.843100 -0.010728 0.116385 0.993146 0.000000 0.000000 0.000000 0.000000 1.000000</float_array>
        <technique_common>
          <accessor source="#mixamorig_Spine1-Matrix-animation-output-transform-array" count="31" stride="16">
            <param type="float4x4"/>
          </accessor>
        </technique_common>
      </source>
      <source id="mixamorig_Spine1-Interpolations">
        <Name_array id="mixamorig_Spine1-Interpolations-array" count="31">
 LINEAR LINEAR LINEAR LINEAR LINEAR LINEAR LINEAR LINEAR LINEAR LINEAR LINEAR
LINEAR LINEAR LINEAR LINEAR LINEAR LINEAR LINEAR LINEAR LINEAR LINEAR LINEAR LINEAR
LINEAR LINEAR LINEAR LINEAR LINEAR LINEAR LINEAR LINEAR</Name_array>
        <technique_common>
          <accessor source="#mixamorig_Spine1-Interpolations-array" count="31">
            <param type="name"/>
          </accessor>
        </technique_common>
      </source>
      <sampler id="mixamorig_Spine1-Matrix-animation-transform">
        <input semantic="INPUT" source="#mixamorig_Spine1-Matrix-animation-input"/>
        <input semantic="OUTPUT" source="#mixamorig_Spine1-Matrix-animation-output-transform"/>
        <input semantic="INTERPOLATION" source="#mixamorig_Spine1-Interpolations"/>
      </sampler>
      <channel source="#mixamorig_Spine1-Matrix-animation-transform" target="mixamorig_Spine1/matrix"/>
    </animation>
    <animation id="mixamorig_Spine2-anim" name="mixamorig_Spine2">
      <source id="mixamorig_Spine2-Matrix-animation-input">
        <float_array id="mixamorig_Spine2-Matrix-animation-input-array" count="31">

0.000000 0.033333 0.066667 0.100000 0.133333 0.166667 0.200000 0.233333 0.266667 0.300000 0.333333 0.366667 0.400000 0.433333 0.466667 0.500000
0.533333 0.566667 0.600000 0.633333 0.666667 0.700000 0.733333 0.766667 0.800000 0.833333 0.866667 0.900000 0.933333 0.966667 1.000000</float_array>
        <technique_common>
          <accessor source="#mixamorig_Spine2-Matrix-animation-input-array" count="31">
            <param name="TIME" type="float"/>
          </accessor>
        </technique_common>
      </source>
      <source id="mixamorig_Spine2-Matrix-animation-output-transform">
        <float_array id="mixamorig_Spine2-Matrix-animation-output-transform-array" count="496">

0.999911 0.006072 0.011866 -0.000000 -0.004651 0.993203 -0.116301 14.677800 -0.012491 0.116236 0.993143 0.000000 0.000000 0.000000 0.000000 1.000000
0.999991 -0.003249 0.002609 -0.000000 0.003523 0.993576 -0.113112 14.677800 -0.002225 0.113120 0.993579 0.000000 0.000000 0.000000 0.000000 1.000000
0.999744 -0.019773 -0.010991 0.000000 0.018494 0.994167 -0.106259 14.677800 0.013028 0.106028 0.994278 0.000000 0.000000 0.000000 0.000000 1.000000
0.998738 -0.048396 -0.013391 0.000000 0.046997 0.994816 -0.090183 14.677800 0.017686 0.089440 0.995835 -0.000000 0.000000 0.000000 0.000000 1.000000
0.997391 -0.071778 -0.007740 0.000000 0.071186 0.995649 -0.060135 14.677800 0.012023 0.059427 0.998160 0.000000 0.000000 0.000000 0.000000 1.000000
0.997335 -0.061958 0.038515 -0.000000 0.063639 0.997000 -0.044061 14.677800 -0.035669 0.046394 0.998286 0.000000 0.000000 0.000000 0.000000 1.000000
0.997111 -0.013701 0.074718 0.000000 0.017634 0.998480 -0.052224 14.677800 -0.073889 0.053390 0.995836 0.000000 0.000000 0.000000 0.000000 1.000000
0.998491 0.043381 0.033658 0.000000 -0.040646 0.996118 -0.078083 14.677800 -0.036915 0.076597 0.996379 0.000000 0.000000 0.000000 0.000000 1.000000
0.997934 0.053279 -0.035906 -0.000000 -0.057081 0.991740 -0.114861 14.677800 0.029490 0.116673 0.992732 0.000000 0.000000 0.000000 0.000000 1.000000
0.998968 -0.006103 -0.045009 0.000000 0.002051 0.995982 -0.089531 14.677800 0.045375 0.089347 0.994966 0.000000 0.000000 0.000000 0.000000 1.000000
0.999611 0.011829 -0.025264 0.000000 -0.012865 0.999066 -0.041241 14.677800 0.024752 0.041550 0.998830 0.000000 0.000000 0.000000 0.000000 1.000000
0.999934 0.005364 0.010195 0.000000 -0.005193 0.999845 -0.016798 14.677800 -0.010284 0.016744 0.999807 0.000000 0.000000 0.000000 0.000000 1.000000
0.999915 0.013027 0.000560 -0.000000 -0.012989 0.998927 -0.044451 14.677800 -0.001139 0.044440 0.999011 0.000000 0.000000 0.000000 0.000000 1.000000
0.999838 0.012899 -0.012556 0.000000 -0.013407 0.999059 -0.041240 14.677800 0.012012 0.041402 0.999070 0.000000 0.000000 0.000000 0.000000 1.000000
0.999403 0.014111 -0.031548 0.000000 -0.016610 0.996623 -0.080415 14.677800 0.030306 0.080891 0.996262 0.000000 0.000000 0.000000 0.000000 1.000000
0.996805 0.029504 -0.074225 0.000000 -0.035656 0.995914 -0.082974 14.677800 0.071473 0.085355 0.993784 0.000000 0.000000 0.000000 0.000000 1.000000
0.992804 0.058052 -0.104738 0.000000 -0.064326 0.996268 -0.057545 14.677800 0.101007 0.063868 0.992834 0.000000 0.000000 0.000000 0.000000 1.000000
0.996329 0.059275 -0.061772 0.000000 -0.061879 0.997236 -0.041136 14.677800 0.059163 0.044807 0.997242 0.000000 0.000000 0.000000 0.000000 1.000000
0.999913 0.009451 0.009156 0.000000 -0.009029 0.998943 -0.045063 14.677800 -0.009572 0.044976 0.998942 0.000000 0.000000 0.000000 0.000000 1.000000
0.998154 -0.029005 0.053358 0.000000 0.031020 0.998821 -0.037329 14.677800 -0.052213 0.038916 0.997877 0.000000 0.000000 0.000000 0.000000 1.000000
0.999223 -0.035310 0.017532 0.000000 0.036171 0.998017 -0.051511 14.677800 -0.015678 0.052105 0.998519 -0.000000 0.000000 0.000000 0.000000 1.000000
0.998072 -0.057125 0.024276 -0.000000 0.058822 0.995358 -0.076175 14.677800 -0.019812 0.077456 0.996799 0.000000 0.000000 0.000000 0.000000 1.000000
0.998153 -0.045156 0.040642 0.000000 0.049009 0.993839 -0.099408 14.677800 -0.035903 0.101216 0.994216 0.000000 0.000000 0.000000 0.000000 1.000000
0.999460 -0.009572 0.031441 0.000000 0.013111 0.993354 -0.114352 14.677800 -0.030137 0.114702 0.992943 0.000000 0.000000 0.000000 0.000000 1.000000
0.999680 -0.003174 0.025111 -0.000000 0.006569 0.990644 -0.136315 14.677800 -0.024444 0.136436 0.990347 0.000000 0.000000 0.000000 0.000000 1.000000
0.999704 0.009634 0.022338 -0.000000 -0.006513 0.990713 -0.135813 14.677800 -0.023439 0.135627 0.990483 0.000000 0.000000 0.000000 0.000000 1.000000
0.999799 0.008410 0.018177 0.000000 -0.005965 0.991414 -0.130627 14.677800 -0.019120 0.130492 0.991265 0.000000 0.000000 0.000000 0.000000 1.000000
0.999745 0.011639 0.019358 0.000000 -0.009060 0.991684 -0.128379 14.677800 -0.020692 0.128171 0.991536 -0.000000 0.000000 0.000000 0.000000 1.000000
0.999812 0.010891 0.016015 0.000000 -0.008852 0.992448 -0.122347 14.677800 -0.017226 0.122183 0.992358 0.000000 0.000000 0.000000 0.000000 1.000000
0.999843 0.010570 0.014240 0.000000 -0.008770 0.992611 -0.121025 14.677800 -0.015414 0.120881 0.992547 0.000000 0.000000 0.000000 0.000000 1.000000
0.999911 0.006072 0.011866 0.000000 -0.004651 0.993203 -0.116302 14.677800 -0.012491 0.116236 0.993143 0.000000 0.000000 0.000000 0.000000 1.000000</float_array>
        <technique_common>
          <accessor source="#mixamorig_Spine2-Matrix-animation-output-transform-array" count="31" stride="16">
            <param type="float4x4"/>
          </accessor>
        </technique_common>
      </source>
      <source id="mixamorig_Spine2-Interpolations">
        <Name_array id="mixamorig_Spine2-Interpolations-array" count="31">
 LINEAR LINEAR LINEAR LINEAR LINEAR LINEAR LINEAR LINEAR LINEAR LINEAR LINEAR
LINEAR LINEAR LINEAR LINEAR LINEAR LINEAR LINEAR LINEAR LINEAR LINEAR LINEAR LINEAR
LINEAR LINEAR LINEAR LINEAR LINEAR LINEAR LINEAR LINEAR</Name_array>
        <technique_common>
          <accessor source="#mixamorig_Spine2-Interpolations-array" count="31">
            <param type="name"/>
          </accessor>
        </technique_common>
      </source>
      <sampler id="mixamorig_Spine2-Matrix-animation-transform">
        <input semantic="INPUT" source="#mixamorig_Spine2-Matrix-animation-input"/>
        <input semantic="OUTPUT" source="#mixamorig_Spine2-Matrix-animation-output-transform"/>
        <input semantic="INTERPOLATION" source="#mixamorig_Spine2-Interpolations"/>
      </sampler>
      <channel source="#mixamorig_Spine2-Matrix-animation-transform" target="mixamorig_Spine2/matrix"/>
    </animation>
    <animation id="mixamorig_Neck-anim" name="mixamorig_Neck">
      <source id="mixamorig_Neck-Matrix-animation-input">
        <float_array id="mixamorig_Neck-Matrix-animation-input-array" count="31">

0.000000 0.033333 0.066667 0.100000 0.133333 0.166667 0.200000 0.233333 0.266667 0.300000 0.333333 0.366667 0.400000 0.433333 0.466667 0.500000
0.533333 0.566667 0.600000 0.633333 0.666667 0.700000 0.733333 0.766667 0.800000 0.833333 0.866667 0.900000 0.933333 0.966667 1.000000</float_array>
        <technique_common>
          <accessor source="#mixamorig_Neck-Matrix-animation-input-array" count="31">
            <param name="TIME" type="float"/>
          </accessor>
        </technique_common>
      </source>
      <source id="mixamorig_Neck-Matrix-animation-output-transform">
        <float_array id="mixamorig_Neck-Matrix-animation-output-transform-array" count="496">

0.985555 0.101887 0.135279 -0.000000 -0.092642 0.993022 -0.072976 16.512501 -0.141771 0.059389 0.988116 -0.000000 0.000000 0.000000 0.000000 1.000000
0.987101 0.094450 0.129267 0.000000 -0.086597 0.994115 -0.065088 16.512501 -0.134654 0.053054 0.989471 0.000000 0.000000 0.000000 0.000000 1.000000
0.992550 0.054750 0.108846 0.000000 -0.051058 0.998031 -0.036424 16.512501 -0.110626 0.030595 0.993391 -0.000000 0.000000 0.000000 0.000000 1.000000
0.996863 0.002762 0.079102 0.000000 -0.001752 0.999916 -0.012833 16.512501 -0.079131 0.012654 0.996784 0.000000 0.000000 0.000000 0.000000 1.000000
0.999007 -0.026098 0.036104 -0.000000 0.026302 0.999641 -0.005185 16.512501 -0.035955 0.006129 0.999335 0.000000 0.000000 0.000000 0.000000 1.000000
0.999284 0.035720 -0.012468 0.000000 -0.035742 0.999360 -0.001575 16.512501 0.012404 0.002020 0.999921 0.000000 0.000000 0.000000 0.000000 1.000000
0.990872 0.117888 -0.065388 0.000000 -0.117812 0.993023 0.005023 16.512501 0.065524 0.002726 0.997847 0.000000 0.000000 0.000000 0.000000 1.000000
0.988951 0.095560 -0.113333 0.000000 -0.098054 0.995042 -0.016634 16.512501 0.111181 0.027563 0.993418 -0.000000 0.000000 0.000000 0.000000 1.000000
0.989713 0.020501 -0.141593 0.000000 -0.025230 0.999179 -0.031684 16.512501 0.140827 0.034930 0.989418 -0.000000 0.000000 0.000000 0.000000 1.000000
0.985843 -0.004630 -0.167608 -0.000000 -0.007620 0.997348 -0.072376 16.512501 0.167498 0.072628 0.983193 -0.000000 0.000000 0.000000 0.000000 1.000000
0.975982 -0.065331 -0.207822 0.000000 0.053207 0.996568 -0.063405 16.512501 0.211252 0.050825 0.976109 0.000000 0.000000 0.000000 0.000000 1.000000
0.976508 -0.047776 -0.210118 0.000000 0.043181 0.998718 -0.026405 16.512501 0.211110 0.016711 0.977319 0.000000 0.000000 0.000000 0.000000 1.000000
0.976360 -0.069440 -0.204695 -0.000000 0.058771 0.996599 -0.057753 16.512501 0.208009 0.044357 0.977121 0.000000 0.000000 0.000000 0.000000 1.000000
0.975122 -0.086238 -0.204205 0.000000 0.074608 0.995157 -0.063996 16.512501 0.208735 0.047169 0.976834 0.000000 0.000000 0.000000 0.000000 1.000000
0.974209 -0.094044 -0.205118 0.000000 0.087191 0.995297 -0.042217 16.512501 0.208124 0.023244 0.977826 -0.000000 0.000000 0.000000 0.000000 1.000000
0.978177 -0.080168 -0.191685 0.000000 0.072452 0.996267 -0.046943 16.512501 0.194732 0.032031 0.980333 0.000000 0.000000 0.000000 0.000000 1.000000
0.986589 -0.044080 -0.157156 -0.000000 0.031611 0.996215 -0.080975 16.512501 0.160131 0.074921 0.984248 0.000000 0.000000 0.000000 0.000000 1.000000
0.993147 0.014940 -0.115913 0.000000 -0.022831 0.997488 -0.067059 16.512501 0.114620 0.069246 0.990993 -0.000000 0.000000 0.000000 0.000000 1.000000
0.993145 0.096608 -0.065800 0.000000 -0.095472 0.995227 0.020198 16.512501 0.067437 -0.013777 0.997628 -0.000000 0.000000 0.000000 0.000000 1.000000
0.993272 0.114991 -0.013713 0.000000 -0.114683 0.993171 0.021420 16.512501 0.016083 -0.019704 0.999677 0.000000 0.000000 0.000000 0.000000 1.000000
0.998247 0.057208 0.015183 0.000000 -0.056840 0.998104 -0.023630 16.512501 -0.016506 0.022726 0.999605 0.000000 0.000000 0.000000 0.000000 1.000000
0.995069 0.078203 0.061001 0.000000 -0.075484 0.996100 -0.045680 16.512501 -0.064336 0.040851 0.997092 -0.000000 0.000000 0.000000 0.000000 1.000000
0.988119 0.112723 0.104471 0.000000 -0.111236 0.993593 -0.019969 16.512501 -0.106053 0.008111 0.994327 0.000000 0.000000 0.000000 0.000000 1.000000
0.989506 0.079721 0.120505 0.000000 -0.079530 0.996812 -0.006395 16.512501 -0.120631 -0.003256 0.992692 -0.000000 0.000000 0.000000 0.000000 1.000000
0.989498 0.065946 0.128624 0.000000 -0.060670 0.997165 -0.044518 16.512501 -0.131196 0.036247 0.990694 0.000000 0.000000 0.000000 0.000000 1.000000
0.988836 0.069595 0.131756 0.000000 -0.061438 0.995992 -0.065002 16.512501 -0.135752 0.056182 0.989149 0.000000 0.000000 0.000000 0.000000 1.000000
0.988309 0.080769 0.129313 0.000000 -0.073343 0.995427 -0.061205 16.512501 -0.133665 0.051005 0.989713 0.000000 0.000000 0.000000 0.000000 1.000000
0.987221 0.089666 0.131737 -0.000000 -0.081073 0.994302 -0.069215 16.512501 -0.137193 0.057651 0.988865 0.000000 0.000000 0.000000 0.000000 1.000000
0.985989 0.099639 0.133786 0.000000 -0.090632 0.993292 -0.071818 16.512501 -0.140044 0.058686 0.988405 -0.000000 0.000000 0.000000 0.000000 1.000000
0.985299 0.103247 0.136107 -0.000000 -0.093972 0.992901 -0.072910 16.512501 -0.142669 0.059048 0.988008 0.000000 0.000000 0.000000 0.000000 1.000000
0.985555 0.101887 0.135279 -0.000000 -0.092642 0.993022 -0.072976 16.512501 -0.141771 0.059389 0.988116 0.000000 0.000000 0.000000 0.000000 1.000000</float_array>
        <technique_common>
          <accessor source="#mixamorig_Neck-Matrix-animation-output-transform-array" count="31" stride="16">
            <param type="float4x4"/>
          </accessor>
        </technique_common>
      </source>
      <source id="mixamorig_Neck-Interpolations">
        <Name_array id="mixamorig_Neck-Interpolations-array" count="31">
 LINEAR LINEAR LINEAR LINEAR LINEAR LINEAR LINEAR LINEAR LINEAR LINEAR LINEAR
LINEAR LINEAR LINEAR LINEAR LINEAR LINEAR LINEAR LINEAR LINEAR LINEAR LINEAR LINEAR
LINEAR LINEAR LINEAR LINEAR LINEAR LINEAR LINEAR LINEAR</Name_array>
        <technique_common>
          <accessor source="#mixamorig_Neck-Interpolations-array" count="31">
            <param type="name"/>
          </accessor>
        </technique_common>
      </source>
      <sampler id="mixamorig_Neck-Matrix-animation-transform">
        <input semantic="INPUT" source="#mixamorig_Neck-Matrix-animation-input"/>
        <input semantic="OUTPUT" source="#mixamorig_Neck-Matrix-animation-output-transform"/>
        <input semantic="INTERPOLATION" source="#mixamorig_Neck-Interpolations"/>
      </sampler>
      <channel source="#mixamorig_Neck-Matrix-animation-transform" target="mixamorig_Neck/matrix"/>
    </animation>
    <animation id="mixamorig_Head-anim" name="mixamorig_Head">
      <source id="mixamorig_Head-Matrix-animation-input">
        <float_array id="mixamorig_Head-Matrix-animation-input-array" count="31">

0.000000 0.033333 0.066667 0.100000 0.133333 0.166667 0.200000 0.233333 0.266667 0.300000 0.333333 0.366667 0.400000 0.433333 0.466667 0.500000
0.533333 0.566667 0.600000 0.633333 0.666667 0.700000 0.733333 0.766667 0.800000 0.833333 0.866667 0.900000 0.933333 0.966667 1.000000</float_array>
        <technique_common>
          <accessor source="#mixamorig_Head-Matrix-animation-input-array" count="31">
            <param name="TIME" type="float"/>
          </accessor>
        </technique_common>
      </source>
      <source id="mixamorig_Head-Matrix-animation-output-transform">
        <float_array id="mixamorig_Head-Matrix-animation-output-transform-array" count="496">

0.835720 -0.009297 0.549077 0.000000 -0.131700 0.967284 0.216832 7.061100 -0.533130 -0.253524 0.807154 2.298900 0.000000 0.000000 0.000000 1.000000
0.849611 -0.005229 0.527384 -0.000000 -0.129069 0.967484 0.217521 7.061100 -0.511374 -0.252877 0.821310 2.298900 0.000000 0.000000 0.000000 1.000000
0.883343 0.009188 0.468638 -0.000000 -0.122025 0.969841 0.210992 7.061100 -0.452565 -0.243564 0.857823 2.298900 0.000000 0.000000 0.000000 1.000000
0.918056 0.055508 0.392545 -0.000000 -0.126885 0.979207 0.158283 7.061100 -0.375597 -0.195121 0.906010 2.298900 0.000000 0.000000 0.000000 1.000000
0.963708 0.124211 0.236302 0.000000 -0.151692 0.983167 0.101843 7.061100 -0.219675 -0.133992 0.966328 2.298900 0.000000 0.000000 0.000000 1.000000
0.992925 0.056037 -0.104688 -0.000000 -0.052368 0.997924 0.037479 7.061100 0.106571 -0.031732 0.993799 2.298900 0.000000 0.000000 0.000000 1.000000
0.864856 -0.118505 -0.487834 0.000000 0.108430 0.992897 -0.048965 7.061100 0.490171 -0.010548 0.871562 2.298900 0.000000 0.000000 0.000000 1.000000
0.690140 -0.336155 -0.640864 0.000000 0.263237 0.941513 -0.210378 7.061100 0.674102 -0.023509 0.738264 2.298900 0.000000 0.000000 0.000000 1.000000
0.574321 -0.493138 -0.653430 -0.000000 0.435961 0.859839 -0.265734 7.061100 0.692888 -0.132253 0.708813 2.298900 0.000000 0.000000 0.000000 1.000000
0.467303 -0.463529 -0.752840 -0.000000 0.478616 0.848599 -0.225402 7.061100 0.743340 -0.254990 0.618406 2.298900 0.000000 0.000000 0.000000 1.000000
0.325349 -0.477076 -0.816423 0.000000 0.528689 0.807614 -0.261243 7.061100 0.783987 -0.346639 0.514982 2.298900 0.000000 0.000000 0.000000 1.000000
0.342322 -0.396558 -0.851797 0.000000 0.556358 0.816101 -0.156350 7.061100 0.757154 -0.420382 0.499997 2.298900 0.000000 0.000000 0.000000 1.000000
0.388363 -0.400014 -0.830158 0.000000 0.502781 0.846947 -0.172894 7.061100 0.772260 -0.350242 0.530043 2.298900 0.000000 0.000000 0.000000 1.000000
0.397519 -0.412707 -0.819544 -0.000000 0.502583 0.845188 -0.181844 7.061100 0.767717 -0.339602 0.543398 2.298900 0.000000 0.000000 0.000000 1.000000
0.429459 -0.412219 -0.803518 0.000000 0.485045 0.855806 -0.179799 7.061100 0.761772 -0.312526 0.567478 2.298900 0.000000 0.000000 0.000000 1.000000
0.484990 -0.416988 -0.768703 0.000000 0.453848 0.871377 -0.186343 7.061100 0.747533 -0.258500 0.611859 2.298900 0.000000 0.000000 0.000000 1.000000
0.613771 -0.381113 -0.691403 0.000000 0.361164 0.914297 -0.183364 7.061100 0.702030 -0.137166 0.698813 2.298900 0.000000 0.000000 0.000000 1.000000
0.778312 -0.251898 -0.575133 -0.000000 0.192778 0.967623 -0.162920 7.061100 0.597551 0.015929 0.801673 2.298900 0.000000 0.000000 0.000000 1.000000
0.884102 -0.089378 -0.458666 0.000000 0.089730 0.995743 -0.021076 7.061100 0.458597 -0.022522 0.888359 2.298900 0.000000 0.000000 0.000000 1.000000
0.972405 0.025037 -0.231950 -0.000000 -0.001112 0.994711 0.102711 7.061100 0.233295 -0.099619 0.967290 2.298900 0.000000 0.000000 0.000000 1.000000
0.999628 0.026842 0.004896 0.000000 -0.027266 0.989436 0.142387 7.061100 -0.001022 -0.142467 0.989799 2.298900 0.000000 0.000000 0.000000 1.000000
0.976984 0.019484 0.212423 0.000000 -0.057134 0.983338 0.172577 7.061100 -0.205521 -0.180741 0.961818 2.298900 0.000000 0.000000 0.000000 1.000000
0.924446 -0.009475 0.381196 0.000000 -0.096968 0.960985 0.259046 7.061100 -0.368778 -0.276438 0.887460 2.298900 0.000000 0.000000 0.000000 1.000000
0.878320 -0.069535 0.472989 0.000000 -0.079418 0.954397 0.287784 7.061100 -0.471430 -0.290331 0.832744 2.298900 0.000000 0.000000 0.000000 1.000000
0.843382 -0.058373 0.534135 0.000000 -0.104748 0.957147 0.269996 7.061100 -0.527006 -0.283659 0.801126 2.298900 0.000000 0.000000 0.000000 1.000000
0.832678 -0.041031 0.552235 -0.000000 -0.111865 0.964228 0.240315 7.061100 -0.542341 -0.261881 0.798301 2.298900 0.000000 0.000000 0.000000 1.000000
0.844561 -0.031731 0.534519 0.000000 -0.120381 0.961436 0.247282 7.061100 -0.521753 -0.273190 0.808172 2.298900 0.000000 0.000000 0.000000 1.000000
0.841577 -0.024880 0.539564 0.000000 -0.118781 0.965960 0.229808 7.061100 -0.526915 -0.257491 0.809975 2.298900 0.000000 0.000000 0.000000 1.000000
0.839231 -0.015931 0.543541 0.000000 -0.128779 0.965313 0.227128 7.061100 -0.528306 -0.260610 0.808069 2.298900 0.000000 0.000000 0.000000 1.000000
0.833859 -0.010323 0.551881 0.000000 -0.133725 0.966262 0.220125 7.061100 -0.535534 -0.257354 0.804346 2.298900 0.000000 0.000000 0.000000 1.000000
0.835720 -0.009297 0.549077 0.000000 -0.131700 0.967284 0.216832 7.061100 -0.533130 -0.253524 0.807155 2.298900 0.000000 0.000000 0.000000 1.000000</float_array>
        <technique_common>
