<?xml version="1.0" encoding="utf-8"?>
<COLLADA xmlns="http://www.collada.org/2005/11/COLLADASchema" version="1.4.1">
  <asset>
    <contributor>
      <author>Mixamo</author>
      <authoring_tool>COLLADA Mixamo exporter</authoring_tool>
      <comments/>
    </contributor>
    <created>2024-05-26T15:01:34Z</created>
    <modified>2024-05-26T15:01:34Z</modified>
    <revision/>
    <title/>
    <unit meter="0.010000"/>
    <up_axis>Y_UP</up_axis>
  </asset>
  <library_animations>
    <animation id="mixamorig_Hips-anim" name="mixamorig_Hips">
      <source id="mixamorig_Hips-Matrix-animation-input">
        <float_array id="mixamorig_Hips-Matrix-animation-input-array" count="30">

0.000000 0.033333 0.066667 0.100000 0.133333 0.166667 0.200000 0.233333 0.266667 0.300000 0.333333 0.366667 0.400000 0.433333 0.466667 0.500000
0.533333 0.566667 0.600000 0.633333 0.666667 0.700000 0.733333 0.766667 0.800000 0.833333 0.866667 0.900000 0.933333 0.966667</float_array>
        <technique_common>
          <accessor source="#mixamorig_Hips-Matrix-animation-input-array" count="30">
            <param name="TIME" type="float"/>
          </accessor>
        </technique_common>
      </source>
      <source id="mixamorig_Hips-Matrix-animation-output-transform">
        <float_array id="mixamorig_Hips-Matrix-animation-output-transform-array" count="480">

0.980091 0.091636 0.176135 0.398511 -0.093917 0.995569 0.004638 101.541763 -0.174930 -0.021088 0.984355 1.635456 0.000000 0.000000 0.000000 1.000000
0.986522 0.071321 0.147266 0.605166 -0.070788 0.997452 -0.008866 102.061600 -0.147524 -0.001679 0.989057 6.964357 0.000000 0.000000 0.000000 1.000000
0.993321 0.048020 0.104918 0.863564 -0.045723 0.998661 -0.024190 102.057999 -0.105939 0.019231 0.994187 12.225324 0.000000 0.000000 0.000000 1.000000
0.998210 0.020178 0.056301 1.165378 -0.018072 0.999127 -0.037661 101.771179 -0.057012 0.036576 0.997703 17.509874 0.000000 0.000000 0.000000 1.000000
0.999950 -0.000845 0.009942 1.452246 0.001285 0.999013 -0.044402 101.341980 -0.009895 0.044412 0.998964 22.971090 0.000000 0.000000 0.000000 1.000000
0.999580 -0.005422 -0.028482 1.704409 0.004193 0.999065 -0.043027 100.739960 0.028689 0.042890 0.998668 28.758797 0.000000 0.000000 0.000000 1.000000
0.998191 -0.002997 -0.060049 2.101347 0.000503 0.999138 -0.041502 99.672615 0.060122 0.041396 0.997332 34.987942 0.000000 0.000000 0.000000 1.000000
0.996914 -0.008438 -0.078053 2.477123 0.005179 0.999110 -0.041862 98.703056 0.078337 0.041328 0.996070 41.118153 0.000000 0.000000 0.000000 1.000000
0.996539 -0.028629 -0.078037 2.944852 0.025898 0.999024 -0.035787 98.879906 0.078985 0.033643 0.996308 47.198402 0.000000 0.000000 0.000000 1.000000
0.996063 -0.045144 -0.076287 3.468240 0.043583 0.998807 -0.022007 98.924179 0.077189 0.018596 0.996843 53.563976 0.000000 0.000000 0.000000 1.000000
0.994716 -0.070494 -0.074634 4.096133 0.069728 0.997484 -0.012811 98.770226 0.075349 0.007539 0.997129 59.559490 0.000000 0.000000 0.000000 1.000000
0.992598 -0.102656 -0.064891 4.713459 0.102546 0.994716 -0.005033 98.751724 0.065064 -0.001658 0.997880 64.936844 0.000000 0.000000 0.000000 1.000000
0.990530 -0.125119 -0.056536 5.155366 0.125338 0.992114 0.000328 99.264771 0.056049 -0.007411 0.998400 70.157837 0.000000 0.000000 0.000000 1.000000
0.989392 -0.133514 -0.057257 5.355724 0.133814 0.991005 0.001422 100.097557 0.056552 -0.009069 0.998358 75.296059 0.000000 0.000000 0.000000 1.000000
0.989958 -0.127594 -0.060854 5.320271 0.127930 0.991782 0.001636 101.035431 0.060145 -0.009404 0.998145 80.425072 0.000000 0.000000 0.000000 1.000000
0.992212 -0.115133 -0.047530 5.185233 0.114997 0.993350 -0.005593 101.661285 0.047857 0.000084 0.998854 85.525246 0.000000 0.000000 0.000000 1.000000
0.995409 -0.093745 -0.019290 4.959072 0.093479 0.995519 -0.014289 102.088692 0.020543 0.012420 0.999712 90.676941 0.000000 0.000000 0.000000 1.000000
0.997888 -0.063094 0.015436 4.559317 0.063389 0.997800 -0.019413 102.343109 -0.014178 0.020351 0.999692 95.792419 0.000000 0.000000 0.000000 1.000000
0.998150 -0.038256 0.047255 4.183736 0.039192 0.999050 -0.019040 102.263054 -0.046481 0.020857 0.998701 100.981575 0.000000 0.000000 0.000000 1.000000
0.996387 -0.028828 0.079882 3.783787 0.029899 0.999478 -0.012249 101.568657 -0.079487 0.014593 0.996729 106.619858 0.000000 0.000000 0.000000 1.000000
0.993026 -0.027045 0.114748 3.408838 0.028319 0.999554 -0.009482 99.944084 -0.114440 0.012665 0.993349 112.413353 0.000000 0.000000 0.000000 1.000000
0.989789 -0.022830 0.140701 3.008789 0.023518 0.999718 -0.003228 98.869316 -0.140588 0.006504 0.990047 118.364769 0.000000 0.000000 0.000000 1.000000
0.988818 -0.009871 0.148800 2.580700 0.009504 0.999950 0.003178 98.628738 -0.148824 -0.001728 0.988862 124.306969 0.000000 0.000000 0.000000 1.000000
0.988357 0.004559 0.152087 2.055547 -0.005889 0.999948 0.008298 98.751678 -0.152042 -0.009097 0.988332 130.254395 0.000000 0.000000 0.000000 1.000000
0.987669 0.025299 0.154497 1.465479 -0.027501 0.999548 0.012133 98.511024 -0.154120 -0.016232 0.987919 136.115738 0.000000 0.000000 0.000000 1.000000
0.986844 0.055407 0.151887 0.937001 -0.057639 0.998284 0.010327 98.211876 -0.151054 -0.018945 0.988344 141.423538 0.000000 0.000000 0.000000 1.000000
0.985139 0.083444 0.150129 0.569561 -0.085162 0.996354 0.005041 98.366493 -0.149161 -0.017751 0.988654 146.257065 0.000000 0.000000 0.000000 1.000000
0.982573 0.100739 0.156211 0.340143 -0.102076 0.994776 0.000542 99.512306 -0.155340 -0.016478 0.987724 151.057816 0.000000 0.000000 0.000000 1.000000
0.979390 0.103065 0.173701 0.286330 -0.104822 0.994491 0.000945 100.694389 -0.172647 -0.019134 0.984798 155.751114 0.000000 0.000000 0.000000 1.000000
0.980091 0.091636 0.176135 0.398514 -0.093917 0.995569 0.004638 101.541779 -0.174930 -0.021088 0.984355 160.448227 0.000000 0.000000 0.000000 1.000000</float_array>
        <technique_common>
          <accessor source="#mixamorig_Hips-Matrix-animation-output-transform-array" count="30" stride="16">
            <param type="float4x4"/>
          </accessor>
        </technique_common>
      </source>
      <source id="mixamorig_Hips-Interpolations">
        <Name_array id="mixamorig_Hips-Interpolations-array" count="30">
 LINEAR LINEAR LINEAR LINEAR LINEAR LINEAR LINEAR LINEAR LINEAR LINEAR LINEAR
LINEAR LINEAR LINEAR LINEAR LINEAR LINEAR LINEAR LINEAR LINEAR LINEAR LINEAR LINEAR
LINEAR LINEAR LINEAR LINEAR LINEAR LINEAR LINEAR</Name_array>
        <technique_common>
          <accessor source="#mixamorig_Hips-Interpolations-array" count="30">
            <param type="name"/>
          </accessor>
        </technique_common>
      </source>
      <sampler id="mixamorig_Hips-Matrix-animation-transform">
        <input semantic="INPUT" source="#mixamorig_Hips-Matrix-animation-input"/>
        <input semantic="OUTPUT" source="#mixamorig_Hips-Matrix-animation-output-transform"/>
        <input semantic="INTERPOLATION" source="#mixamorig_Hips-Interpolations"/>
      </sampler>
      <channel source="#mixamorig_Hips-Matrix-animation-transform" target="mixamorig_Hips/matrix"/>
    </animation>
    <animation id="mixamorig_Spine-anim" name="mixamorig_Spine">
      <source id="mixamorig_Spine-Matrix-animation-input">
        <float_array id="mixamorig_Spine-Matrix-animation-input-array" count="30">

0.000000 0.033333 0.066667 0.100000 0.133333 0.166667 0.200000 0.233333 0.266667 0.300000 0.333333 0.366667 0.400000 0.433333 0.466667 0.500000
0.533333 0.566667 0.600000 0.633333 0.666667 0.700000 0.733333 0.766667 0.800000 0.833333 0.866667 0.900000 0.933333 0.966667</float_array>
        <technique_common>
          <accessor source="#mixamorig_Spine-Matrix-animation-input-array" count="30">
            <param name="TIME" type="float"/>
          </accessor>
        </technique_common>
      </source>
      <source id="mixamorig_Spine-Matrix-animation-output-transform">
        <float_array id="mixamorig_Spine-Matrix-animation-output-transform-array" count="480">

0.997294 -0.071210 -0.018253 0.004700 0.071523 0.997293 0.017072 5.245300 0.016988 -0.018332 0.999688 0.258800 0.000000 0.000000 0.000000 1.000000
0.998271 -0.058277 -0.007702 0.004700 0.058448 0.997998 0.024171 5.245300 0.006278 -0.024580 0.999678 0.258800 0.000000 0.000000 0.000000 1.000000
0.999061 -0.043202 0.003135 0.004700 0.043076 0.998537 0.032684 5.245300 -0.004543 -0.032518 0.999461 0.258800 0.000000 0.000000 0.000000 1.000000
0.999479 -0.030243 0.011272 0.004700 0.029781 0.998791 0.039109 5.245300 -0.012441 -0.038753 0.999171 0.258800 0.000000 0.000000 0.000000 1.000000
0.999502 -0.025736 0.018281 0.004700 0.024911 0.998721 0.043988 5.245300 -0.019390 -0.043510 0.998865 0.258800 0.000000 0.000000 0.000000 1.000000
0.998957 -0.036799 0.027050 0.004700 0.035432 0.998150 0.049406 5.245300 -0.028818 -0.048396 0.998412 0.258800 0.000000 0.000000 0.000000 1.000000
0.997849 -0.053892 0.037311 0.004700 0.051499 0.996724 0.062367 5.245300 -0.040550 -0.060311 0.997356 0.258800 0.000000 0.000000 0.000000 1.000000
0.997982 -0.050501 0.038497 0.004700 0.048030 0.996881 0.062624 5.245300 -0.041540 -0.060649 0.997294 0.258800 0.000000 0.000000 0.000000 1.000000
0.999192 -0.024969 0.031500 0.004700 0.023209 0.998213 0.055070 5.245300 -0.032818 -0.054294 0.997986 0.258800 0.000000 0.000000 0.000000 1.000000
0.999585 -0.006040 0.028175 0.004700 0.004705 0.998873 0.047237 5.245300 -0.028429 -0.047085 0.998486 0.258800 0.000000 0.000000 0.000000 1.000000
0.999598 0.010802 0.026219 0.004700 -0.011707 0.999332 0.034622 5.245300 -0.025827 -0.034916 0.999056 0.258800 0.000000 0.000000 0.000000 1.000000
0.999279 0.031029 0.021890 0.004700 -0.031475 0.999298 0.020328 5.245300 -0.021244 -0.021002 0.999554 0.258800 0.000000 0.000000 0.000000 1.000000
0.999005 0.041308 0.016820 0.004700 -0.041447 0.999108 0.008048 5.245300 -0.016472 -0.008738 0.999826 0.258800 0.000000 0.000000 0.000000 1.000000
0.999095 0.040381 0.013336 0.004700 -0.040363 0.999184 -0.001603 5.245300 -0.013390 0.001063 0.999910 0.258800 0.000000 0.000000 0.000000 1.000000
0.999383 0.034197 0.007980 0.004700 -0.034133 0.999385 -0.008071 5.245300 -0.008251 0.007794 0.999936 0.258800 0.000000 0.000000 0.000000 1.000000
0.999649 0.026437 -0.001432 0.004700 -0.026444 0.999639 -0.004735 5.245300 0.001306 0.004771 0.999988 0.258800 0.000000 0.000000 0.000000 1.000000
0.999843 0.013587 -0.011384 0.004700 -0.013522 0.999892 0.005766 5.245300 0.011462 -0.005611 0.999919 0.258800 0.000000 0.000000 0.000000 1.000000
0.999790 -0.002626 -0.020313 0.004700 0.002950 0.999869 0.015920 5.245300 0.020269 -0.015977 0.999667 0.258800 0.000000 0.000000 0.000000 1.000000
0.999581 -0.009939 -0.027174 0.004700 0.010598 0.999651 0.024212 5.245300 0.026924 -0.024490 0.999337 0.258800 0.000000 0.000000 0.000000 1.000000
0.999307 0.001402 -0.037207 0.004700 -0.000202 0.999480 0.032245 5.245300 0.037233 -0.032215 0.998787 0.258800 0.000000 0.000000 0.000000 1.000000
0.998691 0.016994 -0.048253 0.004700 -0.015039 0.999062 0.040598 5.245300 0.048897 -0.039819 0.998010 0.258800 0.000000 0.000000 0.000000 1.000000
0.998520 0.017521 -0.051491 0.004700 -0.015577 0.999160 0.037913 5.245300 0.052112 -0.037055 0.997954 0.258800 0.000000 0.000000 0.000000 1.000000
0.998897 0.000113 -0.046965 0.004700 0.001493 0.999415 0.034175 5.245300 0.046941 -0.034207 0.998312 0.258800 0.000000 0.000000 0.000000 1.000000
0.998893 -0.017245 -0.043764 0.004700 0.018722 0.999261 0.033573 5.245300 0.043153 -0.034355 0.998478 0.258800 0.000000 0.000000 0.000000 1.000000
0.998585 -0.032253 -0.042289 0.004700 0.033564 0.998966 0.030670 5.245300 0.041256 -0.032046 0.998635 0.258800 0.000000 0.000000 0.000000 1.000000
0.997565 -0.057137 -0.039988 0.004700 0.058268 0.997916 0.027713 5.245300 0.038321 -0.029976 0.998816 0.258800 0.000000 0.000000 0.000000 1.000000
0.996502 -0.075407 -0.036015 0.004700 0.076385 0.996723 0.026613 5.245300 0.033890 -0.029271 0.998997 0.258800 0.000000 0.000000 0.000000 1.000000
0.996282 -0.079972 -0.032046 0.004700 0.080915 0.996290 0.029298 5.245300 0.029584 -0.031782 0.999057 0.258800 0.000000 0.000000 0.000000 1.000000
0.996618 -0.077793 -0.026482 0.004700 0.078402 0.996662 0.022778 5.245300 0.024622 -0.024777 0.999390 0.258800 0.000000 0.000000 0.000000 1.000000
0.997294 -0.071210 -0.018253 0.004700 0.071523 0.997293 0.017072 5.245300 0.016988 -0.018332 0.999688 0.258800 0.000000 0.000000 0.000000 1.000000</float_array>
        <technique_common>
          <accessor source="#mixamorig_Spine-Matrix-animation-output-transform-array" count="30" stride="16">
            <param type="float4x4"/>
          </accessor>
        </technique_common>
      </source>
      <source id="mixamorig_Spine-Interpolations">
        <Name_array id="mixamorig_Spine-Interpolations-array" count="30">
 LINEAR LINEAR LINEAR LINEAR LINEAR LINEAR LINEAR LINEAR LINEAR LINEAR LINEAR
LINEAR LINEAR LINEAR LINEAR LINEAR LINEAR LINEAR LINEAR LINEAR LINEAR LINEAR LINEAR
LINEAR LINEAR LINEAR LINEAR LINEAR LINEAR LINEAR</Name_array>
        <technique_common>
          <accessor source="#mixamorig_Spine-Interpolations-array" count="30">
            <param type="name"/>
          </accessor>
        </technique_common>
      </source>
      <sampler id="mixamorig_Spine-Matrix-animation-transform">
        <input semantic="INPUT" source="#mixamorig_Spine-Matrix-animation-input"/>
        <input semantic="OUTPUT" source="#mixamorig_Spine-Matrix-animation-output-transform"/>
        <input semantic="INTERPOLATION" source="#mixamorig_Spine-Interpolations"/>
      </sampler>
      <channel source="#mixamorig_Spine-Matrix-animation-transform" target="mixamorig_Spine/matrix"/>
    </animation>
    <animation id="mixamorig_Spine1-anim" name="mixamorig_Spine1">
      <source id="mixamorig_Spine1-Matrix-animation-input">
        <float_array id="mixamorig_Spine1-Matrix-animation-input-array" count="30">

0.000000 0.033333 0.066667 0.100000 0.133333 0.166667 0.200000 0.233333 0.266667 0.300000 0.333333 0.366667 0.400000 0.433333 0.466667 0.500000
0.533333 0.566667 0.600000 0.633333 0.666667 0.700000 0.733333 0.766667 0.800000 0.833333 0.866667 0.900000 0.933333 0.966667</float_array>
        <technique_common>
          <accessor source="#mixamorig_Spine1-Matrix-animation-input-array" count="30">
            <param name="TIME" type="float"/>
          </accessor>
        </technique_common>
      </source>
      <source id="mixamorig_Spine1-Matrix-animation-output-transform">
        <float_array id="mixamorig_Spine1-Matrix-animation-output-transform-array" count="480">

0.999100 -0.009308 -0.041374 -0.000000 0.011050 0.999053 0.042073 11.066900 0.040944 -0.042492 0.998257 0.000000 0.000000 0.000000 0.000000 1.000000
0.999750 -0.002005 -0.022281 0.000000 0.003071 0.998849 0.047877 11.066900 0.022159 -0.047933 0.998605 0.000000 0.000000 0.000000 0.000000 1.000000
0.999999 0.000355 -0.001198 -0.000000 -0.000294 0.998742 0.050147 11.066900 0.001214 -0.050146 0.998741 0.000000 0.000000 0.000000 0.000000 1.000000
0.999857 0.007327 0.015209 -0.000000 -0.008109 0.998614 0.051999 11.066900 -0.014807 -0.052115 0.998531 0.000000 0.000000 0.000000 0.000000 1.000000
0.999494 0.012869 0.029100 0.000000 -0.014255 0.998749 0.047933 11.066900 -0.028446 -0.048324 0.998427 0.000000 0.000000 0.000000 0.000000 1.000000
0.999107 0.018793 0.037829 -0.000000 -0.020307 0.998992 0.040045 11.066900 -0.037039 -0.040777 0.998482 0.000000 0.000000 0.000000 0.000000 1.000000
0.998713 0.024660 0.044315 0.000000 -0.026080 0.999155 0.031764 11.066900 -0.043494 -0.032879 0.998513 0.000000 0.000000 0.000000 0.000000 1.000000
0.998458 0.024117 0.049995 0.000000 -0.025815 0.999102 0.033594 11.066900 -0.049140 -0.034833 0.998184 0.000000 0.000000 0.000000 0.000000 1.000000
0.998472 0.019790 0.051594 -0.000000 -0.021863 0.998964 0.039919 11.066900 -0.050750 -0.040986 0.997870 0.000000 0.000000 0.000000 0.000000 1.000000
0.998580 0.017828 0.050194 -0.000000 -0.020103 0.998777 0.045178 11.066900 -0.049327 -0.046123 0.997717 0.000000 0.000000 0.000000 0.000000 1.000000
0.998739 0.021800 0.045217 0.000000 -0.024129 0.998375 0.051621 11.066900 -0.044018 -0.052647 0.997643 0.000000 0.000000 0.000000 0.000000 1.000000
0.999013 0.026302 0.035803 -0.000000 -0.028149 0.998245 0.052104 11.066900 -0.034370 -0.053061 0.998000 0.000000 0.000000 0.000000 0.000000 1.000000
0.999132 0.030926 0.027917 0.000000 -0.032253 0.998307 0.048394 11.066900 -0.026373 -0.049252 0.998438 0.000000 0.000000 0.000000 0.000000 1.000000
0.999165 0.033846 0.022877 0.000000 -0.034878 0.998316 0.046349 11.066900 -0.021269 -0.047109 0.998663 0.000000 0.000000 0.000000 0.000000 1.000000
0.999411 0.031125 0.014452 0.000000 -0.031752 0.998465 0.045381 11.066900 -0.013018 -0.045814 0.998865 0.000000 0.000000 0.000000 0.000000 1.000000
0.999626 0.027294 -0.001777 0.000000 -0.027180 0.998521 0.047084 11.066900 0.003060 -0.047019 0.998889 0.000000 0.000000 0.000000 0.000000 1.000000
0.999510 0.023162 -0.021050 0.000000 -0.022168 0.998682 0.046299 11.066900 0.022094 -0.045810 0.998706 0.000000 0.000000 0.000000 0.000000 1.000000
0.999036 0.018626 -0.039741 0.000000 -0.016937 0.998957 0.042408 11.066900 0.040489 -0.041694 0.998310 0.000000 0.000000 0.000000 0.000000 1.000000
0.998482 0.011649 -0.053833 0.000000 -0.009848 0.999387 0.033590 11.066900 0.054191 -0.033009 0.997985 -0.000000 0.000000 0.000000 0.000000 1.000000
0.997916 0.001486 -0.064503 0.000000 -0.000096 0.999768 0.021548 11.066900 0.064520 -0.021497 0.997685 0.000000 0.000000 0.000000 0.000000 1.000000
0.997181 -0.006529 -0.074752 0.000000 0.007517 0.999888 0.012934 11.066900 0.074659 -0.013459 0.997118 0.000000 0.000000 0.000000 0.000000 1.000000
0.996635 -0.006765 -0.081686 0.000000 0.007977 0.999863 0.014520 11.066900 0.081576 -0.015122 0.996552 -0.000000 0.000000 0.000000 0.000000 1.000000
0.996458 -0.001416 -0.084080 0.000000 0.003201 0.999772 0.021103 11.066900 0.084031 -0.021297 0.996236 0.000000 0.000000 0.000000 0.000000 1.000000
0.996339 0.003752 -0.085407 0.000000 -0.001260 0.999572 0.029221 11.066900 0.085480 -0.029006 0.995918 0.000000 0.000000 0.000000 0.000000 1.000000
0.996600 0.001310 -0.082381 0.000000 0.001734 0.999319 0.036866 11.066900 0.082373 -0.036883 0.995919 -0.000000 0.000000 0.000000 0.000000 1.000000
0.996973 -0.000916 -0.077746 0.000000 0.004284 0.999059 0.043156 11.066900 0.077633 -0.043359 0.996039 0.000000 0.000000 0.000000 0.000000 1.000000
0.997452 -0.007878 -0.070900 0.000000 0.011010 0.998975 0.043896 11.066900 0.070482 -0.044565 0.996517 -0.000000 0.000000 0.000000 0.000000 1.000000
0.997806 -0.016335 -0.064156 0.000000 0.018946 0.999008 0.040296 11.066900 0.063434 -0.041423 0.997126 -0.000000 0.000000 0.000000 0.000000 1.000000
0.998294 -0.017952 -0.055564 0.000000 0.020232 0.998965 0.040737 11.066900 0.054775 -0.041791 0.997624 0.000000 0.000000 0.000000 0.000000 1.000000
0.999100 -0.009308 -0.041374 0.000000 0.011050 0.999053 0.042073 11.066900 0.040944 -0.042492 0.998257 0.000000 0.000000 0.000000 0.000000 1.000000</float_array>
        <technique_common>
          <accessor source="#mixamorig_Spine1-Matrix-animation-output-transform-array" count="30" stride="16">
            <param type="float4x4"/>
          </accessor>
        </technique_common>
      </source>
      <source id="mixamorig_Spine1-Interpolations">
        <Name_array id="mixamorig_Spine1-Interpolations-array" count="30">
 LINEAR LINEAR LINEAR LINEAR LINEAR LINEAR LINEAR LINEAR LINEAR LINEAR LINEAR
LINEAR LINEAR LINEAR LINEAR LINEAR LINEAR LINEAR LINEAR LINEAR LINEAR LINEAR LINEAR
LINEAR LINEAR LINEAR LINEAR LINEAR LINEAR LINEAR</Name_array>
        <technique_common>
          <accessor source="#mixamorig_Spine1-Interpolations-array" count="30">
            <param type="name"/>
          </accessor>
        </technique_common>
      </source>
      <sampler id="mixamorig_Spine1-Matrix-animation-transform">
        <input semantic="INPUT" source="#mixamorig_Spine1-Matrix-animation-input"/>
        <input semantic="OUTPUT" source="#mixamorig_Spine1-Matrix-animation-output-transform"/>
        <input semantic="INTERPOLATION" source="#mixamorig_Spine1-Interpolations"/>
      </sampler>
      <channel source="#mixamorig_Spine1-Matrix-animation-transform" target="mixamorig_Spine1/matrix"/>
    </animation>
    <animation id="mixamorig_Spine2-anim" name="mixamorig_Spine2">
      <source id="mixamorig_Spine2-Matrix-animation-input">
        <float_array id="mixamorig_Spine2-Matrix-animation-input-array" count="30">

0.000000 0.033333 0.066667 0.100000 0.133333 0.166667 0.200000 0.233333 0.266667 0.300000 0.333333 0.366667 0.400000 0.433333 0.466667 0.500000
0.533333 0.566667 0.600000 0.633333 0.666667 0.700000 0.733333 0.766667 0.800000 0.833333 0.866667 0.900000 0.933333 0.966667</float_array>
        <technique_common>
          <accessor source="#mixamorig_Spine2-Matrix-animation-input-array" count="30">
            <param name="TIME" type="float"/>
          </accessor>
        </technique_common>
      </source>
      <source id="mixamorig_Spine2-Matrix-animation-output-transform">
        <float_array id="mixamorig_Spine2-Matrix-animation-output-transform-array" count="480">

0.999195 -0.004393 -0.039871 -0.000000 0.001077 0.996565 -0.082810 8.141900 0.040098 0.082700 0.995767 0.000000 0.000000 0.000000 0.000000 1.000000
0.999754 0.004950 -0.021631 0.000000 -0.006618 0.996952 -0.077741 8.141900 0.021180 0.077865 0.996739 0.000000 0.000000 0.000000 0.000000 1.000000
0.999955 0.009425 -0.001067 0.000000 -0.009479 0.997054 -0.076119 8.141900 0.000347 0.076125 0.997098 0.000000 0.000000 0.000000 0.000000 1.000000
0.999733 0.017862 0.014631 0.000000 -0.016722 0.997070 -0.074643 8.141900 -0.015921 0.074379 0.997103 0.000000 0.000000 0.000000 0.000000 1.000000
0.999304 0.024499 0.028133 0.000000 -0.022207 0.996620 -0.079086 8.141900 -0.029975 0.078406 0.996471 0.000000 0.000000 0.000000 0.000000 1.000000
0.998849 0.030958 0.036650 0.000000 -0.027657 0.995792 -0.087371 8.141900 -0.039201 0.086257 0.995501 0.000000 0.000000 0.000000 0.000000 1.000000
0.998388 0.036892 0.043131 0.000000 -0.032613 0.994846 -0.096014 8.141900 -0.046451 0.094453 0.994445 -0.000000 0.000000 0.000000 0.000000 1.000000
0.998132 0.036682 0.048851 0.000000 -0.031950 0.995026 -0.094354 8.141900 -0.052069 0.092617 0.994339 0.000000 0.000000 0.000000 0.000000 1.000000
0.998201 0.032692 0.050254 0.000000 -0.028195 0.995746 -0.087722 8.141900 -0.052908 0.086147 0.994877 0.000000 0.000000 0.000000 0.000000 1.000000
0.998341 0.030891 0.048584 0.000000 -0.026831 0.996262 -0.082109 8.141900 -0.050938 0.080669 0.995439 0.000000 0.000000 0.000000 0.000000 1.000000
0.998475 0.034838 0.042834 0.000000 -0.031541 0.996657 -0.075370 8.141900 -0.045317 0.073904 0.996235 0.000000 0.000000 0.000000 0.000000 1.000000
0.998724 0.038715 0.032415 0.000000 -0.036210 0.996558 -0.074576 8.141900 -0.035191 0.073307 0.996688 0.000000 0.000000 0.000000 0.000000 1.000000
0.998809 0.042646 0.023707 -0.000000 -0.040676 0.996110 -0.078164 8.141900 -0.026948 0.077106 0.996659 0.000000 0.000000 0.000000 0.000000 1.000000
0.998815 0.045094 0.018331 0.000000 -0.043486 0.995826 -0.080253 8.141900 -0.021874 0.079361 0.996606 0.000000 0.000000 0.000000 0.000000 1.000000
0.999087 0.041458 0.010285 -0.000000 -0.040489 0.995876 -0.081186 8.141900 -0.013608 0.080696 0.996646 0.000000 0.000000 0.000000 0.000000 1.000000
0.999346 0.035768 -0.005238 0.000000 -0.036071 0.996201 -0.079258 8.141900 0.002384 0.079396 0.996840 0.000000 0.000000 0.000000 0.000000 1.000000
0.999282 0.029667 -0.023583 0.000000 -0.031459 0.996326 -0.079654 8.141900 0.021133 0.080339 0.996544 0.000000 0.000000 0.000000 0.000000 1.000000
0.998865 0.023541 -0.041413 0.000000 -0.026918 0.996190 -0.082954 8.141900 0.039302 0.083975 0.995693 0.000000 0.000000 0.000000 0.000000 1.000000
0.998368 0.015709 -0.054910 0.000000 -0.020700 0.995587 -0.091529 8.141900 0.053230 0.092517 0.994287 0.000000 0.000000 0.000000 0.000000 1.000000
0.997872 0.005224 -0.064995 0.000000 -0.011968 0.994524 -0.103819 8.141900 0.064097 0.104376 0.992470 0.000000 0.000000 0.000000 0.000000 1.000000
0.997196 -0.002927 -0.074774 0.000000 -0.005542 0.993602 -0.112801 8.141900 0.074626 0.112899 0.990800 0.000000 0.000000 0.000000 0.000000 1.000000
0.996655 -0.003828 -0.081630 -0.000000 -0.005300 0.993771 -0.111315 8.141900 0.081547 0.111376 0.990427 -0.000000 0.000000 0.000000 0.000000 1.000000
0.996446 0.001046 -0.084229 0.000000 -0.009858 0.994501 -0.104266 8.141900 0.083656 0.104725 0.990976 0.000000 0.000000 0.000000 0.000000 1.000000
0.996303 0.005895 -0.085711 0.000000 -0.014116 0.995317 -0.095625 8.141900 0.084746 0.096481 0.991720 -0.000000 0.000000 0.000000 0.000000 1.000000
0.996611 0.003318 -0.082187 0.000000 -0.010536 0.996104 -0.087549 8.141900 0.081576 0.088118 0.992764 -0.000000 0.000000 0.000000 0.000000 1.000000
0.997044 0.001176 -0.076829 0.000000 -0.007374 0.996732 -0.080441 8.141900 0.076483 0.080770 0.993794 0.000000 0.000000 0.000000 0.000000 1.000000
0.997595 -0.005223 -0.069118 -0.000000 -0.000283 0.996842 -0.079415 8.141900 0.069315 0.079244 0.994442 0.000000 0.000000 0.000000 0.000000 1.000000
0.998001 -0.012844 -0.061878 0.000000 0.007655 0.996489 -0.083375 8.141900 0.062731 0.082735 0.994595 0.000000 0.000000 0.000000 0.000000 1.000000
0.998484 -0.014068 -0.053221 0.000000 0.009586 0.996457 -0.083556 8.141900 0.054208 0.082919 0.995081 -0.000000 0.000000 0.000000 0.000000 1.000000
0.999195 -0.004393 -0.039871 0.000000 0.001077 0.996565 -0.082810 8.141900 0.040098 0.082700 0.995767 0.000000 0.000000 0.000000 0.000000 1.000000</float_array>
        <technique_common>
          <accessor source="#mixamorig_Spine2-Matrix-animation-output-transform-array" count="30" stride="16">
            <param type="float4x4"/>
          </accessor>
        </technique_common>
      </source>
      <source id="mixamorig_Spine2-Interpolations">
        <Name_array id="mixamorig_Spine2-Interpolations-array" count="30">
 LINEAR LINEAR LINEAR LINEAR LINEAR LINEAR LINEAR LINEAR LINEAR LINEAR LINEAR
LINEAR LINEAR LINEAR LINEAR LINEAR LINEAR LINEAR LINEAR LINEAR LINEAR LINEAR LINEAR
LINEAR LINEAR LINEAR LINEAR LINEAR LINEAR LINEAR</Name_array>
        <technique_common>
          <accessor source="#mixamorig_Spine2-Interpolations-array" count="30">
            <param type="name"/>
          </accessor>
        </technique_common>
      </source>
      <sampler id="mixamorig_Spine2-Matrix-animation-transform">
        <input semantic="INPUT" source="#mixamorig_Spine2-Matrix-animation-input"/>
        <input semantic="OUTPUT" source="#mixamorig_Spine2-Matrix-animation-output-transform"/>
        <input semantic="INTERPOLATION" source="#mixamorig_Spine2-Interpolations"/>
      </sampler>
      <channel source="#mixamorig_Spine2-Matrix-animation-transform" target="mixamorig_Spine2/matrix"/>
    </animation>
    <animation id="mixamorig_Neck-anim" name="mixamorig_Neck">
      <source id="mixamorig_Neck-Matrix-animation-input">
        <float_array id="mixamorig_Neck-Matrix-animation-input-array" count="30">

0.000000 0.033333 0.066667 0.100000 0.133333 0.166667 0.200000 0.233333 0.266667 0.300000 0.333333 0.366667 0.400000 0.433333 0.466667 0.500000
0.533333 0.566667 0.600000 0.633333 0.666667 0.700000 0.733333 0.766667 0.800000 0.833333 0.866667 0.900000 0.933333 0.966667</float_array>
        <technique_common>
          <accessor source="#mixamorig_Neck-Matrix-animation-input-array" count="30">
            <param name="TIME" type="float"/>
          </accessor>
        </technique_common>
      </source>
      <source id="mixamorig_Neck-Matrix-animation-output-transform">
        <float_array id="mixamorig_Neck-Matrix-animation-output-transform-array" count="480">

0.999651 0.017169 -0.020092 -0.112200 -0.015963 0.998146 0.058730 18.919500 0.021063 -0.058388 0.998072 -3.736100 0.000000 0.000000 0.000000 1.000000
0.999657 0.012774 -0.022852 -0.112200 -0.011595 0.998631 0.051004 18.919500 0.023473 -0.050721 0.998437 -3.736100 0.000000 0.000000 0.000000 1.000000
0.999580 0.019045 -0.021836 -0.112200 -0.017833 0.998358 0.054439 18.919500 0.022837 -0.054027 0.998278 -3.736100 0.000000 0.000000 0.000000 1.000000
0.999497 0.026028 -0.018133 -0.112200 -0.024876 0.997823 0.061084 18.919500 0.019684 -0.060603 0.997968 -3.736100 0.000000 0.000000 0.000000 1.000000
0.999148 0.039470 -0.012017 -0.112200 -0.038506 0.996664 0.071966 18.919500 0.014818 -0.071442 0.997335 -3.736100 0.000000 0.000000 0.000000 1.000000
0.998739 0.049698 -0.007127 -0.112200 -0.048931 0.995302 0.083543 18.919500 0.011245 -0.083089 0.996479 -3.736100 0.000000 0.000000 0.000000 1.000000
0.998585 0.052922 -0.005308 -0.112200 -0.052227 0.994534 0.090417 18.919500 0.010064 -0.090012 0.995890 -3.736100 0.000000 0.000000 0.000000 1.000000
0.998641 0.051890 -0.004908 -0.112200 -0.051240 0.994641 0.089797 18.919500 0.009542 -0.089423 0.995948 -3.736100 0.000000 0.000000 0.000000 1.000000
0.998876 0.047037 -0.005929 -0.112200 -0.046378 0.995425 0.083536 18.919500 0.009831 -0.083167 0.996487 -3.736100 0.000000 0.000000 0.000000 1.000000
0.999116 0.041379 -0.007393 -0.112200 -0.040668 0.996054 0.078888 18.919500 0.010628 -0.078518 0.996856 -3.736100 0.000000 0.000000 0.000000 1.000000
0.999164 0.040216 -0.007352 -0.112200 -0.039519 0.996154 0.078204 18.919500 0.010468 -0.077848 0.996910 -3.736100 0.000000 0.000000 0.000000 1.000000
0.998930 0.046016 -0.004576 -0.112200 -0.045480 0.995529 0.082791 18.919500 0.008365 -0.082495 0.996556 -3.736100 0.000000 0.000000 0.000000 1.000000
0.998565 0.053524 -0.001513 -0.112200 -0.053175 0.994573 0.089427 18.919500 0.006291 -0.089218 0.995992 -3.736100 0.000000 0.000000 0.000000 1.000000
0.998250 0.059115 0.001656 -0.112200 -0.059027 0.994281 0.088997 18.919500 0.003615 -0.088939 0.996031 -3.736100 0.000000 0.000000 0.000000 1.000000
0.998143 0.060620 0.005966 -0.112200 -0.060906 0.994675 0.083137 18.919500 -0.000894 -0.083346 0.996520 -3.736100 0.000000 0.000000 0.000000 1.000000
0.998240 0.058502 0.009737 -0.112200 -0.059059 0.995569 0.073168 18.919500 -0.005414 -0.073614 0.997272 -3.736100 0.000000 0.000000 0.000000 1.000000
0.998424 0.054899 0.011667 -0.112200 -0.055550 0.996289 0.065745 18.919500 -0.008014 -0.066289 0.997768 -3.736100 0.000000 0.000000 0.000000 1.000000
0.998900 0.045869 0.009752 -0.112200 -0.046408 0.996795 0.065162 18.919500 -0.006732 -0.065543 0.997827 -3.736100 0.000000 0.000000 0.000000 1.000000
0.999237 0.038482 0.006669 -0.112200 -0.038865 0.996605 0.072576 18.919500 -0.003853 -0.072779 0.997341 -3.736100 0.000000 0.000000 0.000000 1.000000
0.999424 0.033748 0.003636 -0.112200 -0.033936 0.995737 0.085768 18.919500 -0.000726 -0.085842 0.996308 -3.736100 0.000000 0.000000 0.000000 1.000000
0.999544 0.030172 0.001134 -0.112200 -0.030140 0.994850 0.096770 18.919500 0.001792 -0.096760 0.995306 -3.736100 0.000000 0.000000 0.000000 1.000000
0.999581 0.028917 -0.000810 -0.112200 -0.028705 0.994924 0.096452 18.919500 0.003595 -0.096389 0.995337 -3.736100 0.000000 0.000000 0.000000 1.000000
0.999545 0.030134 -0.001203 -0.112200 -0.029917 0.995785 0.086706 18.919500 0.003811 -0.086631 0.996233 -3.736100 0.000000 0.000000 0.000000 1.000000
0.999470 0.032544 0.000049 -0.112200 -0.032446 0.996368 0.078733 18.919500 0.002514 -0.078692 0.996896 -3.736100 0.000000 0.000000 0.000000 1.000000
0.999305 0.037272 0.000964 -0.112200 -0.037234 0.996286 0.077645 18.919500 0.001934 -0.077627 0.996981 -3.736100 0.000000 0.000000 0.000000 1.000000
0.999280 0.037935 0.000671 -0.112200 -0.037878 0.996478 0.074810 18.919500 0.002170 -0.074782 0.997198 -3.736100 0.000000 0.000000 0.000000 1.000000
0.999305 0.037254 -0.001210 -0.112200 -0.037054 0.996400 0.076247 18.919500 0.004046 -0.076149 0.997088 -3.736100 0.000000 0.000000 0.000000 1.000000
0.999437 0.033139 -0.005167 -0.112200 -0.032661 0.996678 0.074608 18.919500 0.007622 -0.074397 0.997200 -3.736100 0.000000 0.000000 0.000000 1.000000
0.999485 0.029992 -0.011399 -0.112200 -0.029125 0.997133 0.069840 18.919500 0.013461 -0.069472 0.997493 -3.736100 0.000000 0.000000 0.000000 1.000000
0.999651 0.017169 -0.020092 -0.112200 -0.015963 0.998146 0.058730 18.919500 0.021063 -0.058388 0.998072 -3.736100 0.000000 0.000000 0.000000 1.000000</float_array>
        <technique_common>
          <accessor source="#mixamorig_Neck-Matrix-animation-output-transform-array" count="30" stride="16">
            <param type="float4x4"/>
          </accessor>
        </technique_common>
      </source>
      <source id="mixamorig_Neck-Interpolations">
        <Name_array id="mixamorig_Neck-Interpolations-array" count="30">
 LINEAR LINEAR LINEAR LINEAR LINEAR LINEAR LINEAR LINEAR LINEAR LINEAR LINEAR
LINEAR LINEAR LINEAR LINEAR LINEAR LINEAR LINEAR LINEAR LINEAR LINEAR LINEAR LINEAR
LINEAR LINEAR LINEAR LINEAR LINEAR LINEAR LINEAR</Name_array>
        <technique_common>
          <accessor source="#mixamorig_Neck-Interpolations-array" count="30">
            <param type="name"/>
          </accessor>
        </technique_common>
      </source>
      <sampler id="mixamorig_Neck-Matrix-animation-transform">
        <input semantic="INPUT" source="#mixamorig_Neck-Matrix-animation-input"/>
        <input semantic="OUTPUT" source="#mixamorig_Neck-Matrix-animation-output-transform"/>
        <input semantic="INTERPOLATION" source="#mixamorig_Neck-Interpolations"/>
      </sampler>
      <channel source="#mixamorig_Neck-Matrix-animation-transform" target="mixamorig_Neck/matrix"/>
    </animation>
    <animation id="mixamorig_Head-anim" name="mixamorig_Head">
      <source id="mixamorig_Head-Matrix-animation-input">
        <float_array id="mixamorig_Head-Matrix-animation-input-array" count="30">

0.000000 0.033333 0.066667 0.100000 0.133333 0.166667 0.200000 0.233333 0.266667 0.300000 0.333333 0.366667 0.400000 0.433333 0.466667 0.500000
0.533333 0.566667 0.600000 0.633333 0.666667 0.700000 0.733333 0.766667 0.800000 0.833333 0.866667 0.900000 0.933333 0.966667</float_array>
        <technique_common>
          <accessor source="#mixamorig_Head-Matrix-animation-input-array" count="30">
            <param name="TIME" type="float"/>
          </accessor>
        </technique_common>
      </source>
      <source id="mixamorig_Head-Matrix-animation-output-transform">
        <float_array id="mixamorig_Head-Matrix-animation-output-transform-array" count="480">

0.997739 -0.005402 -0.066997 0.000000 0.006991 0.999699 0.023496 8.673000 0.066850 -0.023911 0.997476 3.319300 0.000000 0.000000 0.000000 1.000000
0.997133 -0.014698 -0.074225 0.000000 0.015232 0.999862 0.006634 8.673000 0.074117 -0.007745 0.997219 3.319300 0.000000 0.000000 0.000000 1.000000
0.996778 -0.016717 -0.078449 0.000000 0.016540 0.999859 -0.002910 8.673000 0.078486 0.001603 0.996914 3.319300 0.000000 0.000000 0.000000 1.000000
0.997361 -0.013776 -0.071277 -0.000000 0.013481 0.999898 -0.004614 8.673000 0.071334 0.003640 0.997446 3.319300 0.000000 0.000000 0.000000 1.000000
0.997983 -0.007778 -0.062996 0.000000 0.007746 0.999970 -0.000751 8.673000 0.063000 0.000262 0.998014 3.319300 0.000000 0.000000 0.000000 1.000000
0.998450 -0.001014 -0.055649 0.000000 0.001473 0.999965 0.008198 8.673000 0.055639 -0.008268 0.998417 3.319300 0.000000 0.000000 0.000000 1.000000
0.998653 0.008668 -0.051160 0.000000 -0.007715 0.999793 0.018810 8.673000 0.051313 -0.018390 0.998513 3.319300 0.000000 0.000000 0.000000 1.000000
0.998745 0.018962 -0.046357 0.000000 -0.018217 0.999699 0.016442 8.673000 0.046655 -0.015577 0.998790 3.319300 0.000000 0.000000 0.000000 1.000000
0.998765 0.025933 -0.042384 0.000000 -0.025758 0.999657 0.004687 8.673000 0.042491 -0.003589 0.999090 3.319300 0.000000 0.000000 0.000000 1.000000
0.998939 0.022368 -0.040254 0.000000 -0.022763 0.999697 -0.009374 8.673000 0.040032 0.010281 0.999146 3.319300 0.000000 0.000000 0.000000 1.000000
0.999106 0.017086 -0.038668 0.000000 -0.017586 0.999766 -0.012608 8.673000 0.038443 0.013277 0.999173 3.319300 0.000000 0.000000 0.000000 1.000000
0.999299 0.010978 -0.035798 0.000000 -0.010994 0.999940 -0.000265 8.673000 0.035793 0.000658 0.999359 3.319300 0.000000 0.000000 0.000000 1.000000
0.999393 0.004343 -0.034556 -0.000000 -0.003813 0.999875 0.015376 8.673000 0.034618 -0.015235 0.999284 3.319300 0.000000 0.000000 0.000000 1.000000
0.999565 0.005218 -0.029040 -0.000000 -0.004422 0.999614 0.027420 8.673000 0.029172 -0.027280 0.999202 3.319300 0.000000 0.000000 0.000000 1.000000
0.999840 0.014446 -0.010534 -0.000000 -0.014092 0.999357 0.032967 8.673000 0.011004 -0.032813 0.999401 3.319300 0.000000 0.000000 0.000000 1.000000
0.999685 0.022379 0.011401 0.000000 -0.022738 0.999216 0.032394 8.673000 -0.010667 -0.032643 0.999410 3.319300 0.000000 0.000000 0.000000 1.000000
0.999347 0.024340 0.026703 0.000000 -0.025042 0.999341 0.026286 8.673000 -0.026046 -0.026937 0.999298 3.319300 0.000000 0.000000 0.000000 1.000000
0.999236 0.022042 0.032273 0.000000 -0.022816 0.999456 0.023825 8.673000 -0.031730 -0.024543 0.999195 3.319300 0.000000 0.000000 0.000000 1.000000
0.999407 0.017363 0.029741 0.000000 -0.018162 0.999476 0.026788 8.673000 -0.029261 -0.027312 0.999199 3.319300 0.000000 0.000000 0.000000 1.000000
0.999616 0.014396 0.023694 0.000000 -0.015265 0.999203 0.036884 8.673000 -0.023144 -0.037232 0.999039 3.319300 0.000000 0.000000 0.000000 1.000000
0.999763 0.011704 0.018369 0.000000 -0.012483 0.999001 0.042898 8.673000 -0.017849 -0.043117 0.998911 3.319300 0.000000 0.000000 0.000000 1.000000
0.999917 0.006938 0.010828 0.000000 -0.007361 0.999191 0.039528 8.673000 -0.010545 -0.039604 0.999160 3.319300 0.000000 0.000000 0.000000 1.000000
0.999978 0.003281 0.005840 -0.000000 -0.003452 0.999561 0.029418 8.673000 -0.005740 -0.029438 0.999550 3.319300 0.000000 0.000000 0.000000 1.000000
0.999973 0.001334 0.007247 0.000000 -0.001429 0.999912 0.013168 8.673000 -0.007229 -0.013178 0.999887 3.319300 0.000000 0.000000 0.000000 1.000000
0.999971 0.005869 0.004864 0.000000 -0.005863 0.999982 -0.001285 8.673000 -0.004871 0.001256 0.999987 3.319300 0.000000 0.000000 0.000000 1.000000
0.999857 0.016572 0.003437 -0.000000 -0.016579 0.999861 0.001981 8.673000 -0.003404 -0.002038 0.999992 3.319300 0.000000 0.000000 0.000000 1.000000
0.999717 0.023529 -0.003611 0.000000 -0.023483 0.999649 0.012286 8.673000 0.003898 -0.012197 0.999918 3.319300 0.000000 0.000000 0.000000 1.000000
0.999628 0.021981 -0.016146 0.000000 -0.021667 0.999577 0.019388 8.673000 0.016565 -0.019031 0.999682 3.319300 0.000000 0.000000 0.000000 1.000000
0.999041 0.008367 -0.042982 0.000000 -0.007396 0.999715 0.022699 8.673000 0.043160 -0.022360 0.998818 3.319300 0.000000 0.000000 0.000000 1.000000
0.997739 -0.005402 -0.066997 -0.000000 0.006991 0.999699 0.023496 8.673000 0.066850 -0.023911 0.997476 3.319300 0.000000 0.000000 0.000000 1.000000</float_array>
        <technique_common>
          <accessor source="#mixamorig_Head-Matrix-animation-output-transform-array" count="30" stride="16">
            <param type="float4x4"/>
          </accessor>
        </technique_common>
      </source>
      <source id="mixamorig_Head-Interpolations">
        <Name_array id="mixamorig_Head-Interpolations-array" count="30">
 LINEAR LINEAR LINEAR LINEAR LINEAR LINEAR LINEAR LINEAR LINEAR LINEAR LINEAR
LINEAR LINEAR LINEAR LINEAR LINEAR LINEAR LINEAR LINEAR LINEAR LINEAR LINEAR LINEAR
LINEAR LINEAR LINEAR LINEAR LINEAR LINEAR LINEAR</Name_array>
        <technique_common>
          <accessor source="#mixamorig_Head-Interpolations-array" count="30">
            <param type="name"/>
          </accessor>
        </technique_common>
      </source>
      <sampler id="mixamorig_Head-Matrix-animation-transform">
        <input semantic="INPUT" source="#mixamorig_Head-Matrix-animation-input"/>
        <input semantic="OUTPUT" source="#mixamorig_Head-Matrix-animation-output-transform"/>
        <input semantic="INTERPOLATION" source="#mixamorig_Head-Interpolations"/>
      </sampler>
