<?xml version="1.0" encoding="utf-8"?>
<COLLADA xmlns="http://www.collada.org/2005/11/COLLADASchema" version="1.4.1">
  <asset>
    <contributor>
      <author>Mixamo</author>
      <authoring_tool>COLLADA Mixamo exporter</authoring_tool>
      <comments/>
    </contributor>
    <created>2025-02-15T22:23:02Z</created>
    <modified>2025-02-15T22:23:02Z</modified>
    <revision/>
    <title/>
    <unit meter="0.010000"/>
    <up_axis>Y_UP</up_axis>
  </asset>
  <library_animations>
    <animation id="mixamorig_Hips-anim" name="mixamorig_Hips">
      <source id="mixamorig_Hips-Matrix-animation-input">
        <float_array id="mixamorig_Hips-Matrix-animation-input-array" count="22">

0.000000 0.033333 0.066667 0.100000 0.133333 0.166667 0.200000 0.233333 0.266667 0.300000 0.333333 0.366667 0.400000 0.433333 0.466667 0.500000
0.533333 0.566667 0.600000 0.633333 0.666667 0.700000</float_array>
        <technique_common>
          <accessor source="#mixamorig_Hips-Matrix-animation-input-array" count="22">
            <param name="TIME" type="float"/>
          </accessor>
        </technique_common>
      </source>
      <source id="mixamorig_Hips-Matrix-animation-output-transform">
        <float_array id="mixamorig_Hips-Matrix-animation-output-transform-array" count="352">

-0.021428 -0.043873 -0.998807 3.396362 -0.010685 0.998990 -0.043652 97.081108 0.999713 0.009737 -0.021875 -0.029790 0.000000 0.000000 0.000000 1.000000
-0.021586 -0.041315 -0.998913 3.424783 -0.008098 0.999120 -0.041149 97.079117 0.999734 0.007201 -0.021902 -0.036170 0.000000 0.000000 0.000000 1.000000
-0.020163 -0.039691 -0.999009 3.500030 -0.002058 0.999211 -0.039658 97.077240 0.999795 0.001256 -0.020229 -0.077021 0.000000 0.000000 0.000000 1.000000
-0.019863 -0.037609 -0.999095 3.588676 0.005047 0.999276 -0.037716 97.063202 0.999790 -0.005791 -0.019658 -0.158763 0.000000 0.000000 0.000000 1.000000
-0.020686 -0.038543 -0.999043 3.685050 0.010806 0.999190 -0.038772 97.024750 0.999728 -0.011598 -0.020253 -0.312083 0.000000 0.000000 0.000000 1.000000
-0.017038 -0.041535 -0.998992 3.803716 0.013049 0.999042 -0.041760 97.027718 0.999770 -0.013747 -0.016479 -0.556472 0.000000 0.000000 0.000000 1.000000
-0.005075 -0.042196 -0.999096 3.874730 0.005177 0.999095 -0.042222 97.136848 0.999974 -0.005386 -0.004852 -0.756778 0.000000 0.000000 0.000000 1.000000
-0.004330 -0.046526 -0.998908 3.809388 -0.012402 0.998843 -0.046470 97.203705 0.999914 0.012187 -0.004902 -0.818775 0.000000 0.000000 0.000000 1.000000
-0.009418 -0.051714 -0.998618 3.631282 -0.028197 0.998278 -0.051431 97.229065 0.999558 0.027674 -0.010860 -0.747271 0.000000 0.000000 0.000000 1.000000
-0.009399 -0.056631 -0.998351 3.403368 -0.037355 0.997718 -0.056244 97.233162 0.999258 0.036764 -0.011493 -0.626413 0.000000 0.000000 0.000000 1.000000
-0.000831 -0.062139 -0.998067 3.211166 -0.038879 0.997315 -0.062060 97.217705 0.999244 0.038753 -0.003245 -0.467912 0.000000 0.000000 0.000000 1.000000
0.031912 -0.067667 -0.997197 3.083076 -0.036000 0.996980 -0.068805 97.165024 0.998842 0.038095 0.029380 -0.264694 0.000000 0.000000 0.000000 1.000000
0.073116 -0.073325 -0.994624 3.008575 -0.031484 0.996627 -0.075787 97.050392 0.996826 0.036855 0.070560 -0.105638 0.000000 0.000000 0.000000 1.000000
0.124863 -0.078621 -0.989054 2.801734 -0.025123 0.996285 -0.082368 96.901001 0.991856 0.035132 0.122424 -0.036591 0.000000 0.000000 0.000000 1.000000
0.189047 -0.083087 -0.978447 2.447401 -0.016740 0.995996 -0.087812 96.691727 0.981825 0.032980 0.186899 -0.030762 0.000000 0.000000 0.000000 1.000000
0.267128 -0.086284 -0.959791 2.022961 -0.006251 0.995807 -0.091262 96.382698 0.963641 0.030378 0.265468 -0.026711 0.000000 0.000000 0.000000 1.000000
0.349274 -0.086973 -0.932976 1.579895 0.005412 0.995854 -0.090808 95.944466 0.937005 0.026667 0.348296 -0.016824 0.000000 0.000000 0.000000 1.000000
0.406674 -0.086380 -0.909481 1.132865 0.014868 0.996014 -0.087950 95.436142 0.913452 0.022245 0.406337 -0.000875 0.000000 0.000000 0.000000 1.000000
0.441402 -0.085404 -0.893236 0.712292 0.021715 0.996185 -0.084516 94.923080 0.897047 0.017909 0.441573 0.009401 0.000000 0.000000 0.000000 1.000000
0.459588 -0.084272 -0.884125 0.359406 0.026250 0.996342 -0.081323 94.472824 0.887744 0.014167 0.460119 0.011145 0.000000 0.000000 0.000000 1.000000
0.466708 -0.084234 -0.880391 0.109793 0.029218 0.996379 -0.079843 94.151115 0.883929 0.011541 0.467479 0.009142 0.000000 0.000000 0.000000 1.000000
0.467959 -0.084240 -0.879726 0.005195 0.030220 0.996390 -0.079337 94.028595 0.883233 0.010541 0.468815 0.007552 0.000000 0.000000 0.000000 1.000000</float_array>
        <technique_common>
          <accessor source="#mixamorig_Hips-Matrix-animation-output-transform-array" count="22" stride="16">
            <param type="float4x4"/>
          </accessor>
        </technique_common>
      </source>
      <source id="mixamorig_Hips-Interpolations">
        <Name_array id="mixamorig_Hips-Interpolations-array" count="22">
 LINEAR LINEAR LINEAR LINEAR LINEAR LINEAR LINEAR LINEAR LINEAR LINEAR LINEAR
LINEAR LINEAR LINEAR LINEAR LINEAR LINEAR LINEAR LINEAR LINEAR LINEAR LINEAR</Name_array>
        <technique_common>
          <accessor source="#mixamorig_Hips-Interpolations-array" count="22">
            <param type="name"/>
          </accessor>
        </technique_common>
      </source>
      <sampler id="mixamorig_Hips-Matrix-animation-transform">
        <input semantic="INPUT" source="#mixamorig_Hips-Matrix-animation-input"/>
        <input semantic="OUTPUT" source="#mixamorig_Hips-Matrix-animation-output-transform"/>
        <input semantic="INTERPOLATION" source="#mixamorig_Hips-Interpolations"/>
      </sampler>
      <channel source="#mixamorig_Hips-Matrix-animation-transform" target="mixamorig_Hips/matrix"/>
    </animation>
    <animation id="mixamorig_Spine-anim" name="mixamorig_Spine">
      <source id="mixamorig_Spine-Matrix-animation-input">
        <float_array id="mixamorig_Spine-Matrix-animation-input-array" count="22">

0.000000 0.033333 0.066667 0.100000 0.133333 0.166667 0.200000 0.233333 0.266667 0.300000 0.333333 0.366667 0.400000 0.433333 0.466667 0.500000
0.533333 0.566667 0.600000 0.633333 0.666667 0.700000</float_array>
        <technique_common>
          <accessor source="#mixamorig_Spine-Matrix-animation-input-array" count="22">
            <param name="TIME" type="float"/>
          </accessor>
        </technique_common>
      </source>
      <source id="mixamorig_Spine-Matrix-animation-output-transform">
        <float_array id="mixamorig_Spine-Matrix-animation-output-transform-array" count="352">

0.989746 0.139888 -0.028896 0.000000 -0.140231 0.990066 -0.010193 10.181600 0.027183 0.014141 0.999530 0.000000 0.000000 0.000000 0.000000 1.000000
0.990072 0.137514 -0.029123 0.000000 -0.137850 0.990404 -0.009844 10.181600 0.027490 0.013761 0.999527 0.000000 0.000000 0.000000 0.000000 1.000000
0.990857 0.131495 -0.030199 0.000000 -0.131845 0.991221 -0.009894 10.181600 0.028632 0.013785 0.999495 0.000000 0.000000 0.000000 0.000000 1.000000
0.991928 0.122846 -0.031440 0.000000 -0.123218 0.992327 -0.010180 10.181600 0.029949 0.013971 0.999454 0.000000 0.000000 0.000000 0.000000 1.000000
0.993087 0.113006 -0.031755 0.000000 -0.113355 0.993510 -0.009391 10.181600 0.030487 0.012926 0.999452 0.000000 0.000000 0.000000 0.000000 1.000000
0.994167 0.102870 -0.032394 -0.000000 -0.103160 0.994637 -0.007408 10.181600 0.031459 0.010707 0.999448 0.000000 0.000000 0.000000 0.000000 1.000000
0.994531 0.093917 -0.045700 -0.000000 -0.094278 0.995529 -0.005812 10.181600 0.044950 0.010088 0.998938 0.000000 0.000000 0.000000 0.000000 1.000000
0.994791 0.082792 -0.059461 -0.000000 -0.083282 0.996509 -0.005802 10.181600 0.058773 0.010724 0.998214 0.000000 0.000000 0.000000 0.000000 1.000000
0.995072 0.072583 -0.067546 0.000000 -0.073210 0.997293 -0.006853 10.181600 0.066866 0.011765 0.997693 0.000000 0.000000 0.000000 0.000000 1.000000
0.995183 0.066439 -0.072087 0.000000 -0.067212 0.997704 -0.008342 10.181600 0.071367 0.013147 0.997363 0.000000 0.000000 0.000000 0.000000 1.000000
0.995092 0.066520 -0.073257 -0.000000 -0.067414 0.997677 -0.009804 10.181600 0.072434 0.014694 0.997265 0.000000 0.000000 0.000000 0.000000 1.000000
0.995046 0.070474 -0.070115 -0.000000 -0.072488 0.997015 -0.026594 10.181600 0.068031 0.031544 0.997184 0.000000 0.000000 0.000000 0.000000 1.000000
0.995378 0.072024 -0.063529 0.000000 -0.075703 0.995468 -0.057552 10.181600 0.059096 0.062096 0.996319 -0.000000 0.000000 0.000000 0.000000 1.000000
0.995949 0.071123 -0.055016 -0.000000 -0.075980 0.992864 -0.091917 10.181600 0.048086 0.095725 0.994246 0.000000 0.000000 0.000000 0.000000 1.000000
0.996309 0.072874 -0.045362 0.000000 -0.077883 0.989622 -0.120759 10.181600 0.036092 0.123846 0.991645 0.000000 0.000000 0.000000 0.000000 1.000000
0.996457 0.076335 -0.035291 0.000000 -0.080541 0.986971 -0.139287 10.181600 0.024199 0.141636 0.989623 0.000000 0.000000 0.000000 0.000000 1.000000
0.996646 0.077757 -0.025522 0.000000 -0.080758 0.984937 -0.152898 10.181600 0.013249 0.154446 0.987912 0.000000 0.000000 0.000000 0.000000 1.000000
0.996841 0.077638 -0.016760 0.000000 -0.079334 0.983438 -0.162958 10.181600 0.003830 0.163773 0.986491 0.000000 0.000000 0.000000 0.000000 1.000000
0.997006 0.076705 -0.009722 -0.000000 -0.077241 0.982431 -0.169889 10.181600 -0.003480 0.170132 0.985415 0.000000 0.000000 0.000000 0.000000 1.000000
0.997140 0.075455 -0.004329 -0.000000 -0.075054 0.981842 -0.174223 10.181600 -0.008896 0.174050 0.984697 0.000000 0.000000 0.000000 0.000000 1.000000
0.997232 0.074353 -0.000593 0.000000 -0.073291 0.981573 -0.176474 10.181600 -0.012539 0.176029 0.984305 -0.000000 0.000000 0.000000 0.000000 1.000000
0.997267 0.073880 0.000816 0.000000 -0.072568 0.981510 -0.177120 10.181600 -0.013887 0.176577 0.984189 0.000000 0.000000 0.000000 0.000000 1.000000</float_array>
        <technique_common>
          <accessor source="#mixamorig_Spine-Matrix-animation-output-transform-array" count="22" stride="16">
            <param type="float4x4"/>
          </accessor>
        </technique_common>
      </source>
      <source id="mixamorig_Spine-Interpolations">
        <Name_array id="mixamorig_Spine-Interpolations-array" count="22">
 LINEAR LINEAR LINEAR LINEAR LINEAR LINEAR LINEAR LINEAR LINEAR LINEAR LINEAR
LINEAR LINEAR LINEAR LINEAR LINEAR LINEAR LINEAR LINEAR LINEAR LINEAR LINEAR</Name_array>
        <technique_common>
          <accessor source="#mixamorig_Spine-Interpolations-array" count="22">
            <param type="name"/>
          </accessor>
        </technique_common>
      </source>
      <sampler id="mixamorig_Spine-Matrix-animation-transform">
        <input semantic="INPUT" source="#mixamorig_Spine-Matrix-animation-input"/>
        <input semantic="OUTPUT" source="#mixamorig_Spine-Matrix-animation-output-transform"/>
        <input semantic="INTERPOLATION" source="#mixamorig_Spine-Interpolations"/>
      </sampler>
      <channel source="#mixamorig_Spine-Matrix-animation-transform" target="mixamorig_Spine/matrix"/>
    </animation>
    <animation id="mixamorig_Spine1-anim" name="mixamorig_Spine1">
      <source id="mixamorig_Spine1-Matrix-animation-input">
        <float_array id="mixamorig_Spine1-Matrix-animation-input-array" count="22">

0.000000 0.033333 0.066667 0.100000 0.133333 0.166667 0.200000 0.233333 0.266667 0.300000 0.333333 0.366667 0.400000 0.433333 0.466667 0.500000
0.533333 0.566667 0.600000 0.633333 0.666667 0.700000</float_array>
        <technique_common>
          <accessor source="#mixamorig_Spine1-Matrix-animation-input-array" count="22">
            <param name="TIME" type="float"/>
          </accessor>
        </technique_common>
      </source>
      <source id="mixamorig_Spine1-Matrix-animation-output-transform">
        <float_array id="mixamorig_Spine1-Matrix-animation-output-transform-array" count="352">

0.999776 0.020021 -0.006812 0.000000 -0.019926 0.999707 0.013759 10.133000 0.007086 -0.013620 0.999882 0.000000 0.000000 0.000000 0.000000 1.000000
0.999738 0.022242 -0.005379 0.000000 -0.022173 0.999676 0.012514 10.133000 0.005656 -0.012392 0.999907 0.000000 0.000000 0.000000 0.000000 1.000000
0.999604 0.027979 -0.002875 0.000000 -0.027942 0.999535 0.012180 10.133000 0.003214 -0.012095 0.999922 0.000000 0.000000 0.000000 0.000000 1.000000
0.999381 0.035162 0.001109 0.000000 -0.035173 0.999303 0.012517 10.133000 -0.000668 -0.012548 0.999921 0.000000 0.000000 0.000000 0.000000 1.000000
0.999072 0.042352 0.007888 0.000000 -0.042472 0.998975 0.015657 10.133000 -0.007217 -0.015977 0.999846 -0.000000 0.000000 0.000000 0.000000 1.000000
0.998782 0.047244 0.014231 -0.000000 -0.047535 0.998651 0.020871 10.133000 -0.013226 -0.021522 0.999681 0.000000 0.000000 0.000000 0.000000 1.000000
0.998708 0.050579 -0.005003 0.000000 -0.050451 0.998460 0.023068 10.133000 0.006162 -0.022786 0.999721 0.000000 0.000000 0.000000 0.000000 1.000000
0.998481 0.048383 -0.026372 0.000000 -0.047812 0.998617 0.021856 10.133000 0.027393 -0.020562 0.999413 0.000000 0.000000 0.000000 0.000000 1.000000
0.998241 0.045509 -0.037999 0.000000 -0.044776 0.998799 0.019909 10.133000 0.038859 -0.018172 0.999079 -0.000000 0.000000 0.000000 0.000000 1.000000
0.998020 0.044054 -0.044884 0.000000 -0.043230 0.998881 0.019164 10.133000 0.045678 -0.017185 0.998808 0.000000 0.000000 0.000000 0.000000 1.000000
0.997566 0.043701 -0.054339 0.000000 -0.042688 0.998895 0.019663 10.133000 0.055138 -0.017295 0.998329 0.000000 0.000000 0.000000 0.000000 1.000000
0.997348 0.042730 -0.058923 0.000000 -0.041890 0.999003 0.015418 10.133000 0.059523 -0.012909 0.998143 0.000000 0.000000 0.000000 0.000000 1.000000
0.997552 0.043169 -0.055021 0.000000 -0.042826 0.999055 0.007404 10.133000 0.055289 -0.005030 0.998458 -0.000000 0.000000 0.000000 0.000000 1.000000
0.997848 0.045487 -0.047218 0.000000 -0.045646 0.998955 -0.002298 10.133000 0.047064 0.004449 0.998882 0.000000 0.000000 0.000000 0.000000 1.000000
0.998206 0.047227 -0.036800 0.000000 -0.047720 0.998781 -0.012618 10.133000 0.036160 0.014352 0.999243 0.000000 0.000000 0.000000 0.000000 1.000000
0.998546 0.047721 -0.025063 0.000000 -0.048284 0.998583 -0.022353 10.133000 0.023961 0.023531 0.999436 0.000000 0.000000 0.000000 0.000000 1.000000
0.998768 0.047798 -0.013307 0.000000 -0.048182 0.998380 -0.030267 10.133000 0.011839 0.030871 0.999453 0.000000 0.000000 0.000000 0.000000 1.000000
0.998864 0.047566 -0.002835 0.000000 -0.047637 0.998234 -0.035482 10.133000 0.001143 0.035577 0.999366 0.000000 0.000000 0.000000 0.000000 1.000000
0.998874 0.047156 0.005114 0.000000 -0.046925 0.998154 -0.038552 10.133000 -0.006922 0.038268 0.999244 -0.000000 0.000000 0.000000 0.000000 1.000000
0.998849 0.046699 0.010983 0.000000 -0.046225 0.998126 -0.040105 10.133000 -0.012836 0.039552 0.999135 0.000000 0.000000 0.000000 0.000000 1.000000
0.998810 0.046332 0.015206 0.000000 -0.045681 0.998127 -0.040683 10.133000 -0.017062 0.039940 0.999056 0.000000 0.000000 0.000000 0.000000 1.000000
0.998791 0.046185 0.016832 -0.000000 -0.045468 0.998134 -0.040756 10.133000 -0.018683 0.039941 0.999027 0.000000 0.000000 0.000000 0.000000 1.000000</float_array>
        <technique_common>
          <accessor source="#mixamorig_Spine1-Matrix-animation-output-transform-array" count="22" stride="16">
            <param type="float4x4"/>
          </accessor>
        </technique_common>
      </source>
      <source id="mixamorig_Spine1-Interpolations">
        <Name_array id="mixamorig_Spine1-Interpolations-array" count="22">
 LINEAR LINEAR LINEAR LINEAR LINEAR LINEAR LINEAR LINEAR LINEAR LINEAR LINEAR
LINEAR LINEAR LINEAR LINEAR LINEAR LINEAR LINEAR LINEAR LINEAR LINEAR LINEAR</Name_array>
        <technique_common>
          <accessor source="#mixamorig_Spine1-Interpolations-array" count="22">
            <param type="name"/>
          </accessor>
        </technique_common>
      </source>
      <sampler id="mixamorig_Spine1-Matrix-animation-transform">
        <input semantic="INPUT" source="#mixamorig_Spine1-Matrix-animation-input"/>
        <input semantic="OUTPUT" source="#mixamorig_Spine1-Matrix-animation-output-transform"/>
        <input semantic="INTERPOLATION" source="#mixamorig_Spine1-Interpolations"/>
      </sampler>
      <channel source="#mixamorig_Spine1-Matrix-animation-transform" target="mixamorig_Spine1/matrix"/>
    </animation>
    <animation id="mixamorig_Spine2-anim" name="mixamorig_Spine2">
      <source id="mixamorig_Spine2-Matrix-animation-input">
        <float_array id="mixamorig_Spine2-Matrix-animation-input-array" count="22">

0.000000 0.033333 0.066667 0.100000 0.133333 0.166667 0.200000 0.233333 0.266667 0.300000 0.333333 0.366667 0.400000 0.433333 0.466667 0.500000
0.533333 0.566667 0.600000 0.633333 0.666667 0.700000</float_array>
        <technique_common>
          <accessor source="#mixamorig_Spine2-Matrix-animation-input-array" count="22">
            <param name="TIME" type="float"/>
          </accessor>
        </technique_common>
      </source>
      <source id="mixamorig_Spine2-Matrix-animation-output-transform">
        <float_array id="mixamorig_Spine2-Matrix-animation-output-transform-array" count="352">

0.999780 0.020100 -0.005956 0.000000 -0.020346 0.998796 -0.044633 9.203100 0.005052 0.044745 0.998986 -0.000000 0.000000 0.000000 0.000000 1.000000
0.999737 0.022471 -0.004615 0.000000 -0.022659 0.998694 -0.045795 9.203100 0.003580 0.045887 0.998940 0.000000 0.000000 0.000000 0.000000 1.000000
0.999591 0.028501 -0.002380 0.000000 -0.028580 0.998533 -0.045989 9.203100 0.001066 0.046039 0.998939 0.000000 0.000000 0.000000 0.000000 1.000000
0.999349 0.036049 0.001293 0.000000 -0.035952 0.998314 -0.045564 9.203100 -0.002934 0.045488 0.998961 0.000000 0.000000 0.000000 0.000000 1.000000
0.999017 0.043642 0.007762 0.000000 -0.043274 0.998160 -0.042479 9.203100 -0.009602 0.042102 0.999067 0.000000 0.000000 0.000000 0.000000 1.000000
0.998710 0.048851 0.013864 0.000000 -0.048302 0.998127 -0.037541 9.203100 -0.015672 0.036823 0.999199 -0.000000 0.000000 0.000000 0.000000 1.000000
0.998645 0.051732 -0.005613 0.000000 -0.051900 0.998005 -0.035945 9.203100 0.003742 0.036187 0.999338 0.000000 0.000000 0.000000 0.000000 1.000000
0.998439 0.048758 -0.027227 0.000000 -0.049765 0.998051 -0.037650 9.203100 0.025338 0.038947 0.998920 0.000000 0.000000 0.000000 0.000000 1.000000
0.998213 0.045209 -0.039081 0.000000 -0.046767 0.998108 -0.039914 9.203100 0.037203 0.041670 0.998439 0.000000 0.000000 0.000000 0.000000 1.000000
0.997999 0.043301 -0.046084 0.000000 -0.045194 0.998142 -0.040859 9.203100 0.044229 0.042860 0.998102 0.000000 0.000000 0.000000 0.000000 1.000000
0.997536 0.042647 -0.055698 0.000000 -0.044939 0.998166 -0.040562 9.203100 0.053866 0.042965 0.997623 0.000000 0.000000 0.000000 0.000000 1.000000
0.997362 0.040842 -0.060010 0.000000 -0.043548 0.998060 -0.044496 9.203100 0.058077 0.046992 0.997206 0.000000 0.000000 0.000000 0.000000 1.000000
0.997678 0.040312 -0.054895 0.000000 -0.043148 0.997741 -0.051495 9.203100 0.052695 0.053744 0.997163 -0.000000 0.000000 0.000000 0.000000 1.000000
0.998109 0.041533 -0.045316 0.000000 -0.044207 0.997237 -0.059702 9.203100 0.042711 0.061593 0.997187 0.000000 0.000000 0.000000 0.000000 1.000000
0.998555 0.042432 -0.032988 0.000000 -0.044601 0.996682 -0.068086 9.203100 0.029989 0.069459 0.997134 0.000000 0.000000 0.000000 0.000000 1.000000
0.998868 0.043325 -0.019622 0.000000 -0.044689 0.996145 -0.075489 9.203100 0.016276 0.076281 0.996954 -0.000000 0.000000 0.000000 0.000000 1.000000
0.998998 0.044212 -0.006930 0.000000 -0.044630 0.995681 -0.081409 9.203100 0.003300 0.081636 0.996657 0.000000 0.000000 0.000000 0.000000 1.000000
0.998980 0.045038 0.003379 0.000000 -0.044575 0.995225 -0.086835 9.203100 -0.007274 0.086596 0.996217 0.000000 0.000000 0.000000 0.000000 1.000000
0.998900 0.045761 0.010202 0.000000 -0.044638 0.994795 -0.091597 9.203100 -0.014341 0.091041 0.995744 -0.000000 0.000000 0.000000 0.000000 1.000000
0.998816 0.046335 0.014828 0.000000 -0.044715 0.994433 -0.095412 9.203100 -0.019166 0.094636 0.995327 -0.000000 0.000000 0.000000 0.000000 1.000000
0.998754 0.046712 0.017576 0.000000 -0.044775 0.994184 -0.097951 9.203100 -0.022050 0.097042 0.995036 0.000000 0.000000 0.000000 0.000000 1.000000
0.998733 0.046812 0.018488 -0.000000 -0.044764 0.994091 -0.098886 9.203100 -0.023008 0.097933 0.994927 0.000000 0.000000 0.000000 0.000000 1.000000</float_array>
        <technique_common>
          <accessor source="#mixamorig_Spine2-Matrix-animation-output-transform-array" count="22" stride="16">
            <param type="float4x4"/>
          </accessor>
        </technique_common>
      </source>
      <source id="mixamorig_Spine2-Interpolations">
        <Name_array id="mixamorig_Spine2-Interpolations-array" count="22">
 LINEAR LINEAR LINEAR LINEAR LINEAR LINEAR LINEAR LINEAR LINEAR LINEAR LINEAR
LINEAR LINEAR LINEAR LINEAR LINEAR LINEAR LINEAR LINEAR LINEAR LINEAR LINEAR</Name_array>
        <technique_common>
          <accessor source="#mixamorig_Spine2-Interpolations-array" count="22">
            <param type="name"/>
          </accessor>
        </technique_common>
      </source>
      <sampler id="mixamorig_Spine2-Matrix-animation-transform">
        <input semantic="INPUT" source="#mixamorig_Spine2-Matrix-animation-input"/>
        <input semantic="OUTPUT" source="#mixamorig_Spine2-Matrix-animation-output-transform"/>
        <input semantic="INTERPOLATION" source="#mixamorig_Spine2-Interpolations"/>
      </sampler>
      <channel source="#mixamorig_Spine2-Matrix-animation-transform" target="mixamorig_Spine2/matrix"/>
    </animation>
    <animation id="mixamorig_Neck-anim" name="mixamorig_Neck">
      <source id="mixamorig_Neck-Matrix-animation-input">
        <float_array id="mixamorig_Neck-Matrix-animation-input-array" count="22">

0.000000 0.033333 0.066667 0.100000 0.133333 0.166667 0.200000 0.233333 0.266667 0.300000 0.333333 0.366667 0.400000 0.433333 0.466667 0.500000
0.533333 0.566667 0.600000 0.633333 0.666667 0.700000</float_array>
        <technique_common>
          <accessor source="#mixamorig_Neck-Matrix-animation-input-array" count="22">
            <param name="TIME" type="float"/>
          </accessor>
        </technique_common>
      </source>
      <source id="mixamorig_Neck-Matrix-animation-output-transform">
        <float_array id="mixamorig_Neck-Matrix-animation-output-transform-array" count="352">

0.991081 -0.084411 0.103114 0.000000 0.076223 0.993801 0.080926 16.860500 -0.109306 -0.072345 0.991372 0.000000 0.000000 0.000000 0.000000 1.000000
0.991184 -0.083416 0.102940 -0.000000 0.075099 0.993784 0.082185 16.860500 -0.109156 -0.073729 0.991287 -0.000000 0.000000 0.000000 0.000000 1.000000
0.991335 -0.082864 0.101923 0.000000 0.074639 0.993831 0.082033 16.860500 -0.108092 -0.073715 0.991404 0.000000 0.000000 0.000000 0.000000 1.000000
0.991480 -0.082802 0.100555 0.000000 0.074818 0.993924 0.080734 16.860500 -0.106629 -0.072523 0.991650 0.000000 0.000000 0.000000 0.000000 1.000000
0.991500 -0.084612 0.098840 0.000000 0.076879 0.993858 0.079596 16.860500 -0.104968 -0.071320 0.991915 0.000000 0.000000 0.000000 0.000000 1.000000
0.991287 -0.084716 0.100864 0.000000 0.076735 0.993793 0.080539 16.860500 -0.107060 -0.072098 0.991635 0.000000 0.000000 0.000000 0.000000 1.000000
0.989991 -0.080971 0.115595 0.000000 0.071274 0.993769 0.085698 16.860500 -0.121814 -0.076601 0.989593 0.000000 0.000000 0.000000 0.000000 1.000000
0.988636 -0.075043 0.130258 -0.000000 0.063042 0.993580 0.093935 16.860500 -0.136471 -0.084656 0.987020 0.000000 0.000000 0.000000 0.000000 1.000000
0.988002 -0.070034 0.137648 -0.000000 0.056597 0.993455 0.099222 16.860500 -0.143696 -0.090241 0.985499 0.000000 0.000000 0.000000 0.000000 1.000000
0.988063 -0.065214 0.139564 0.000000 0.051475 0.993667 0.099883 16.860500 -0.145194 -0.091506 0.985163 0.000000 0.000000 0.000000 0.000000 1.000000
0.987655 -0.061516 0.144058 0.000000 0.047736 0.994116 0.097238 16.860500 -0.149192 -0.089161 0.984780 0.000000 0.000000 0.000000 0.000000 1.000000
0.988822 -0.059976 0.136509 -0.000000 0.048708 0.995237 0.084440 16.860500 -0.140923 -0.076847 0.987034 -0.000000 0.000000 0.000000 0.000000 1.000000
0.990085 -0.061958 0.126064 0.000000 0.054142 0.996447 0.064512 16.860500 -0.129614 -0.057047 0.989922 0.000000 0.000000 0.000000 0.000000 1.000000
0.991650 -0.065760 0.110931 0.000000 0.061641 0.997290 0.040156 16.860500 -0.113271 -0.032983 0.993017 0.000000 0.000000 0.000000 0.000000 1.000000
0.993334 -0.069943 0.091631 -0.000000 0.069139 0.997536 0.011932 16.860500 -0.092240 -0.005517 0.995722 0.000000 0.000000 0.000000 0.000000 1.000000
0.994962 -0.073636 0.068037 0.000000 0.075071 0.997001 -0.018786 16.860500 -0.066450 0.023799 0.997506 0.000000 0.000000 0.000000 0.000000 1.000000
0.995996 -0.077302 0.044905 0.000000 0.079266 0.995894 -0.043719 16.860500 -0.041341 0.047103 0.998034 -0.000000 0.000000 0.000000 0.000000 1.000000
0.996454 -0.078915 0.029186 0.000000 0.080529 0.995003 -0.059033 16.860500 -0.024382 0.061174 0.997829 -0.000000 0.000000 0.000000 0.000000 1.000000
0.996813 -0.076872 0.021323 0.000000 0.078139 0.994698 -0.066853 16.860500 -0.016071 0.068306 0.997535 0.000000 0.000000 0.000000 0.000000 1.000000
0.997175 -0.072984 0.017767 0.000000 0.074052 0.994823 -0.069595 16.860500 -0.012596 0.070714 0.997417 -0.000000 0.000000 0.000000 0.000000 1.000000
0.997411 -0.069254 0.019359 0.000000 0.070440 0.995102 -0.069352 16.860500 -0.014461 0.070536 0.997404 0.000000 0.000000 0.000000 0.000000 1.000000
0.997570 -0.066090 0.022031 -0.000000 0.067462 0.995350 -0.068759 16.860500 -0.017384 0.070078 0.997390 0.000000 0.000000 0.000000 0.000000 1.000000</float_array>
        <technique_common>
          <accessor source="#mixamorig_Neck-Matrix-animation-output-transform-array" count="22" stride="16">
            <param type="float4x4"/>
          </accessor>
        </technique_common>
      </source>
      <source id="mixamorig_Neck-Interpolations">
        <Name_array id="mixamorig_Neck-Interpolations-array" count="22">
 LINEAR LINEAR LINEAR LINEAR LINEAR LINEAR LINEAR LINEAR LINEAR LINEAR LINEAR
LINEAR LINEAR LINEAR LINEAR LINEAR LINEAR LINEAR LINEAR LINEAR LINEAR LINEAR</Name_array>
        <technique_common>
          <accessor source="#mixamorig_Neck-Interpolations-array" count="22">
            <param type="name"/>
          </accessor>
        </technique_common>
      </source>
      <sampler id="mixamorig_Neck-Matrix-animation-transform">
        <input semantic="INPUT" source="#mixamorig_Neck-Matrix-animation-input"/>
        <input semantic="OUTPUT" source="#mixamorig_Neck-Matrix-animation-output-transform"/>
        <input semantic="INTERPOLATION" source="#mixamorig_Neck-Interpolations"/>
      </sampler>
      <channel source="#mixamorig_Neck-Matrix-animation-transform" target="mixamorig_Neck/matrix"/>
    </animation>
    <animation id="mixamorig_Head-anim" name="mixamorig_Head">
      <source id="mixamorig_Head-Matrix-animation-input">
        <float_array id="mixamorig_Head-Matrix-animation-input-array" count="22">

0.000000 0.033333 0.066667 0.100000 0.133333 0.166667 0.200000 0.233333 0.266667 0.300000 0.333333 0.366667 0.400000 0.433333 0.466667 0.500000
0.533333 0.566667 0.600000 0.633333 0.666667 0.700000</float_array>
        <technique_common>
          <accessor source="#mixamorig_Head-Matrix-animation-input-array" count="22">
            <param name="TIME" type="float"/>
          </accessor>
        </technique_common>
      </source>
      <source id="mixamorig_Head-Matrix-animation-output-transform">
        <float_array id="mixamorig_Head-Matrix-animation-output-transform-array" count="352">

0.203327 0.071731 0.976480 -0.000000 -0.086062 0.994762 -0.055154 9.589500 -0.975321 -0.072824 0.208435 1.839800 0.000000 0.000000 0.000000 1.000000
0.205078 0.073696 0.975967 0.000000 -0.084503 0.994771 -0.057359 9.589500 -0.975091 -0.070710 0.210233 1.839800 0.000000 0.000000 0.000000 1.000000
0.207518 0.076035 0.975272 0.000000 -0.082885 0.994756 -0.059917 9.589500 -0.974713 -0.068402 0.212732 1.839800 0.000000 0.000000 0.000000 1.000000
0.205328 0.078088 0.975573 0.000000 -0.080871 0.994757 -0.062603 9.589500 -0.975346 -0.066042 0.210567 1.839800 0.000000 0.000000 0.000000 1.000000
0.198470 0.080670 0.976781 0.000000 -0.076178 0.994862 -0.066685 9.589500 -0.977142 -0.061175 0.203596 1.839800 0.000000 0.000000 0.000000 1.000000
0.186431 0.066285 0.980229 0.000000 -0.063073 0.996471 -0.055388 9.589500 -0.980441 -0.051500 0.189954 1.839800 0.000000 0.000000 0.000000 1.000000
0.135934 0.011206 0.990654 0.000000 -0.050311 0.998724 -0.004394 9.589500 -0.989440 -0.049243 0.136325 1.839800 0.000000 0.000000 0.000000 1.000000
0.086170 -0.042437 0.995376 0.000000 -0.045277 0.997893 0.046464 9.589500 -0.995251 -0.049072 0.084067 1.839800 0.000000 0.000000 0.000000 1.000000
0.056430 -0.071837 0.995819 0.000000 -0.045060 0.996209 0.074419 9.589500 -0.997389 -0.049072 0.052979 1.839800 0.000000 0.000000 0.000000 1.000000
0.043843 -0.080146 0.995818 -0.000000 -0.046644 0.995526 0.082176 9.589500 -0.997949 -0.050052 0.039908 1.839800 0.000000 0.000000 0.000000 1.000000
0.041225 -0.080284 0.995919 0.000000 -0.033769 0.996085 0.081695 9.589500 -0.998579 -0.036999 0.038352 1.839800 0.000000 0.000000 0.000000 1.000000
0.066280 -0.072193 0.995186 0.000000 -0.051217 0.995818 0.075650 9.589500 -0.996486 -0.055985 0.062305 1.839800 0.000000 0.000000 0.000000 1.000000
0.116975 -0.058797 0.991393 -0.000000 -0.095727 0.992930 0.070183 9.589500 -0.988511 -0.103113 0.110519 1.839800 0.000000 0.000000 0.000000 1.000000
0.179675 -0.046452 0.982629 0.000000 -0.146733 0.986444 0.073463 9.589500 -0.972721 -0.157384 0.170423 1.839800 0.000000 0.000000 0.000000 1.000000
0.253513 -0.038222 0.966577 -0.000000 -0.191964 0.977358 0.088997 9.589500 -0.948093 -0.208110 0.240436 1.839800 0.000000 0.000000 0.000000 1.000000
0.336650 -0.036136 0.940936 0.000000 -0.222554 0.967899 0.116797 9.589500 -0.914952 -0.248729 0.317801 1.839800 0.000000 0.000000 0.000000 1.000000
0.421622 -0.036084 0.906053 0.000000 -0.236755 0.960167 0.148411 9.589500 -0.875318 -0.277086 0.396285 1.839800 0.000000 0.000000 0.000000 1.000000
0.484580 -0.036795 0.873973 -0.000000 -0.240394 0.955045 0.173496 9.589500 -0.841067 -0.294170 0.453950 1.839800 0.000000 0.000000 0.000000 1.000000
0.526252 -0.039286 0.849421 0.000000 -0.237665 0.952325 0.191289 9.589500 -0.816440 -0.302544 0.491826 1.839800 0.000000 0.000000 0.000000 1.000000
0.551475 -0.042094 0.833129 0.000000 -0.232415 0.951427 0.201914 9.589500 -0.801161 -0.304982 0.514905 1.839800 0.000000 0.000000 0.000000 1.000000
0.567025 -0.042776 0.822589 0.000000 -0.228366 0.951339 0.206887 9.589500 -0.791411 -0.305161 0.529665 1.839800 0.000000 0.000000 0.000000 1.000000
0.573479 -0.043865 0.818045 -0.000000 -0.225846 0.951404 0.209342 9.589500 -0.787474 -0.304805 0.535703 1.839800 0.000000 0.000000 0.000000 1.000000</float_array>
        <technique_common>
          <accessor source="#mixamorig_Head-Matrix-animation-output-transform-array" count="22" stride="16">
            <param type="float4x4"/>
          </accessor>
        </technique_common>
      </source>
      <source id="mixamorig_Head-Interpolations">
        <Name_array id="mixamorig_Head-Interpolations-array" count="22">
 LINEAR LINEAR LINEAR LINEAR LINEAR LINEAR LINEAR LINEAR LINEAR LINEAR LINEAR
LINEAR LINEAR LINEAR LINEAR LINEAR LINEAR LINEAR LINEAR LINEAR LINEAR LINEAR</Name_array>
        <technique_common>
          <accessor source="#mixamorig_Head-Interpolations-array" count="22">
            <param type="name"/>
          </accessor>
        </technique_common>
      </source>
      <sampler id="mixamorig_Head-Matrix-animation-transform">
        <input semantic="INPUT" source="#mixamorig_Head-Matrix-animation-input"/>
        <input semantic="OUTPUT" source="#mixamorig_Head-Matrix-animation-output-transform"/>
        <input semantic="INTERPOLATION" source="#mixamorig_Head-Interpolations"/>
      </sampler>
      <channel source="#mixamorig_Head-Matrix-animation-transform" target="mixamorig_Head/matrix"/>
    </animation>
    <animation id="mixamorig_LeftShoulder-anim" name="mixamorig_LeftShoulder">
      <source id="mixamorig_LeftShoulder-Matrix-animation-input">
        <float_array id="mixamorig_LeftShoulder-Matrix-animation-input-array" count="22">

0.000000 0.033333 0.066667 0.100000 0.133333 0.166667 0.200000 0.233333 0.266667 0.300000 0.333333 0.366667 0.400000 0.433333 0.466667 0.500000
0.533333 0.566667 0.600000 0.633333 0.666667 0.700000</float_array>
        <technique_common>
          <accessor source="#mixamorig_LeftShoulder-Matrix-animation-input-array" count="22">
            <param name="TIME" type="float"/>
          </accessor>
        </technique_common>
      </source>
      <source id="mixamorig_LeftShoulder-Matrix-animation-output-transform">
        <float_array id="mixamorig_LeftShoulder-Matrix-animation-output-transform-array" count="352">

-0.167875 0.972727 0.160065 4.570400 0.214065 0.194464 -0.957267 11.205300 -0.962286 -0.126437 -0.240873 -0.996700 0.000000 0.000000 0.000000 1.000000
-0.167706 0.968442 0.184379 4.570400 0.221023 0.219203 -0.950315 11.205300 -0.960741 -0.118621 -0.250809 -0.996700 0.000000 0.000000 0.000000 1.000000
-0.156838 0.970831 0.181353 4.570400 0.218515 0.213185 -0.952262 11.205300 -0.963148 -0.109723 -0.245576 -0.996700 0.000000 0.000000 0.000000 1.000000
-0.138356 0.974961 0.174096 4.570400 0.216212 0.201280 -0.955373 11.205300 -0.966494 -0.094540 -0.238647 -0.996700 0.000000 0.000000 0.000000 1.000000
-0.111880 0.980623 0.160812 4.570400 0.215277 0.181903 -0.959462 11.205300 -0.970123 -0.072725 -0.231457 -0.996700 0.000000 0.000000 0.000000 1.000000
-0.088803 0.986029 0.140929 4.570400 0.212709 0.156998 -0.964420 11.205300 -0.973072 -0.055667 -0.223679 -0.996700 0.000000 0.000000 0.000000 1.000000
-0.081306 0.989522 0.119312 4.570400 0.205953 0.133804 -0.969371 11.205300 -0.975178 -0.054243 -0.214674 -0.996700 0.000000 0.000000 0.000000 1.000000
-0.085629 0.990908 0.103773 4.570400 0.198077 0.119007 -0.972935 11.205300 -0.976439 -0.062756 -0.206467 -0.996700 0.000000 0.000000 0.000000 1.000000
-0.096440 0.991154 0.091180 4.570400 0.190429 0.108289 -0.975710 11.205300 -0.976952 -0.076734 -0.199188 -0.996700 0.000000 0.000000 0.000000 1.000000
-0.108483 0.990871 0.080034 4.570400 0.184193 0.099151 -0.977876 11.205300 -0.976885 -0.091341 -0.193268 -0.996700 0.000000 0.000000 0.000000 1.000000
-0.117492 0.990695 0.068694 4.570400 0.180278 0.089301 -0.979554 11.205300 -0.976573 -0.102705 -0.189092 -0.996700 0.000000 0.000000 0.000000 1.000000
-0.125955 0.990493 0.055304 4.570400 0.179375 0.077568 -0.980718 11.205300 -0.975684 -0.113607 -0.187440 -0.996700 0.000000 0.000000 0.000000 1.000000
-0.134518 0.990177 0.038149 4.570400 0.181467 0.062464 -0.981411 11.205300 -0.974153 -0.125094 -0.188087 -0.996700 0.000000 0.000000 0.000000 1.000000
-0.142311 0.989689 0.016212 4.570400 0.184017 0.042547 -0.982002 11.205300 -0.972566 -0.136766 -0.188174 -0.996700 0.000000 0.000000 0.000000 1.000000
-0.148814 0.988821 -0.009376 4.570400 0.188572 0.019069 -0.981874 11.205300 -0.970719 -0.147884 -0.189302 -0.996700 0.000000 0.000000 0.000000 1.000000
-0.153271 0.987361 -0.040327 4.570400 0.196615 -0.009523 -0.980435 11.205300 -0.968427 -0.158201 -0.192670 -0.996700 0.000000 0.000000 0.000000 1.000000
-0.155202 0.984618 -0.080247 4.570400 0.206192 -0.047155 -0.977375 11.205300 -0.966125 -0.168237 -0.195702 -0.996700 0.000000 0.000000 0.000000 1.000000
-0.154407 0.979140 -0.132072 4.570400 0.215833 -0.097018 -0.971599 11.205300 -0.964145 -0.178527 -0.196350 -0.996700 0.000000 0.000000 0.000000 1.000000
-0.151545 0.970987 -0.184980 4.570400 0.224687 -0.148403 -0.963064 11.205300 -0.962575 -0.187510 -0.195679 -0.996700 0.000000 0.000000 0.000000 1.000000
-0.148053 0.962669 -0.226603 4.570400 0.232104 -0.188906 -0.954171 11.205300 -0.961357 -0.193863 -0.195471 -0.996700 0.000000 0.000000 0.000000 1.000000
-0.145106 0.956299 -0.253844 4.570400 0.237161 -0.215463 -0.947275 11.205300 -0.960572 -0.197657 -0.195532 -0.996700 0.000000 0.000000 0.000000 1.000000
-0.143884 0.953814 -0.263696 4.570400 0.239045 -0.225078 -0.944562 11.205300 -0.960289 -0.198943 -0.195620 -0.996700 0.000000 0.000000 0.000000 1.000000</float_array>
        <technique_common>
          <accessor source="#mixamorig_LeftShoulder-Matrix-animation-output-transform-array" count="22" stride="16">
            <param type="float4x4"/>
          </accessor>
        </technique_common>
      </source>
      <source id="mixamorig_LeftShoulder-Interpolations">
        <Name_array id="mixamorig_LeftShoulder-Interpolations-array" count="22">
 LINEAR LINEAR LINEAR LINEAR LINEAR LINEAR LINEAR LINEAR LINEAR LINEAR LINEAR
LINEAR LINEAR LINEAR LINEAR LINEAR LINEAR LINEAR LINEAR LINEAR LINEAR LINEAR</Name_array>
        <technique_common>
          <accessor source="#mixamorig_LeftShoulder-Interpolations-array" count="22">
            <param type="name"/>
          </accessor>
        </technique_common>
      </source>
      <sampler id="mixamorig_LeftShoulder-Matrix-animation-transform">
        <input semantic="INPUT" source="#mixamorig_LeftShoulder-Matrix-animation-input"/>
        <input semantic="OUTPUT" source="#mixamorig_LeftShoulder-Matrix-animation-output-transform"/>
        <input semantic="INTERPOLATION" source="#mixamorig_LeftShoulder-Interpolations"/>
      </sampler>
      <channel source="#mixamorig_LeftShoulder-Matrix-animation-transform" target="mixamorig_LeftShoulder/matrix"/>
    </animation>
    <animation id="mixamorig_LeftArm-anim" name="mixamorig_LeftArm">
      <source id="mixamorig_LeftArm-Matrix-animation-input">
        <float_array id="mixamorig_LeftArm-Matrix-animation-input-array" count="22">

0.000000 0.033333 0.066667 0.100000 0.133333 0.166667 0.200000 0.233333 0.266667 0.300000 0.333333 0.366667 0.400000 0.433333 0.466667 0.500000
0.533333 0.566667 0.600000 0.633333 0.666667 0.700000</float_array>
        <technique_common>
          <accessor source="#mixamorig_LeftArm-Matrix-animation-input-array" count="22">
            <param name="TIME" type="float"/>
          </accessor>
        </technique_common>
      </source>
      <source id="mixamorig_LeftArm-Matrix-animation-output-transform">
        <float_array id="mixamorig_LeftArm-Matrix-animation-output-transform-array" count="352">

0.726034 -0.109655 -0.678859 0.000000 0.090678 0.993850 -0.063556 10.830300 0.681654 -0.015414 0.731513 0.000000 0.000000 0.000000 0.000000 1.000000
0.734787 -0.113295 -0.668769 -0.000000 0.074848 0.993474 -0.086067 10.830300 0.674155 0.013185 0.738472 0.000000 0.000000 0.000000 0.000000 1.000000
0.732510 -0.117263 -0.670581 -0.000000 0.083372 0.993090 -0.082588 10.830300 0.675632 0.004589 0.737225 -0.000000 0.000000 0.000000 0.000000 1.000000
0.731215 -0.119929 -0.671522 0.000000 0.096813 0.992704 -0.071871 10.830300 0.675242 -0.012458 0.737491 -0.000000 0.000000 0.000000 0.000000 1.000000
0.732505 -0.125467 -0.669099 -0.000000 0.122188 0.991139 -0.052088 10.830300 0.669706 -0.043601 0.741345 0.000000 0.000000 0.000000 0.000000 1.000000
0.750608 -0.122275 -0.649335 0.000000 0.147805 0.988897 -0.015360 10.830300 0.644004 -0.084446 0.760347 0.000000 0.000000 0.000000 0.000000 1.000000
0.768379 -0.041323 -0.638660 0.000000 0.106938 0.992174 0.064463 10.830300 0.630998 -0.117829 0.766784 0.000000 0.000000 0.000000 0.000000 1.000000
0.781208 0.060740 -0.621308 0.000000 0.024497 0.991506 0.127732 10.830300 0.623790 -0.115005 0.773085 -0.000000 0.000000 0.000000 0.000000 1.000000
0.793414 0.111450 -0.598392 0.000000 -0.010737 0.985504 0.169313 10.830300 0.608588 -0.127910 0.783109 0.000000 0.000000 0.000000 0.000000 1.000000
