<?xml version="1.0" encoding="utf-8"?>
<COLLADA xmlns="http://www.collada.org/2005/11/COLLADASchema" version="1.4.1">
  <asset>
    <contributor>
      <author>Mixamo</author>
      <authoring_tool>COLLADA Mixamo exporter</authoring_tool>
      <comments/>
    </contributor>
    <created>2025-02-16T00:29:02Z</created>
    <modified>2025-02-16T00:29:02Z</modified>
    <revision/>
    <title/>
    <unit meter="0.010000"/>
    <up_axis>Y_UP</up_axis>
  </asset>
  <library_animations>
    <animation id="mixamorig_Hips-anim" name="mixamorig_Hips">
      <source id="mixamorig_Hips-Matrix-animation-input">
        <float_array id="mixamorig_Hips-Matrix-animation-input-array" count="154">

0.000000 0.033333 0.066667 0.100000 0.133333 0.166667 0.200000 0.233333 0.266667 0.300000 0.333333 0.366667 0.400000 0.433333 0.466667 0.500000
0.533333 0.566667 0.600000 0.633333 0.666667 0.700000 0.733333 0.766667 0.800000 0.833333 0.866667 0.900000 0.933333 0.966667 1.000000 1.033333
1.066667 1.100000 1.133333 1.166667 1.200000 1.233333 1.266667 1.300000 1.333333 1.366667 1.400000 1.433333 1.466667 1.500000 1.533333 1.566667
1.600000 1.633333 1.666667 1.700000 1.733333 1.766667 1.800000 1.833333 1.866667 1.900000 1.933333 1.966667 2.000000 2.033333 2.066667 2.100000
2.133333 2.166667 2.200000 2.233333 2.266667 2.300000 2.333333 2.366667 2.400000 2.433333 2.466667 2.500000 2.533333 2.566667 2.600000 2.633333
2.666667 2.700000 2.733333 2.766667 2.800000 2.833333 2.866667 2.900000 2.933333 2.966667 3.000000 3.033333 3.066667 3.100000 3.133333 3.166667
3.200000 3.233333 3.266667 3.300000 3.333333 3.366667 3.400000 3.433333 3.466667 3.500000 3.533333 3.566667 3.600000 3.633333 3.666667 3.700000
3.733333 3.766667 3.800000 3.833333 3.866667 3.900000 3.933333 3.966667 4.000000 4.033333 4.066667 4.100000 4.133333 4.166667 4.200000 4.233333
4.266667 4.300000 4.333333 4.366667 4.400000 4.433333 4.466667 4.500000 4.533333 4.566667 4.600000 4.633333 4.666667 4.700000 4.733333 4.766667
4.800000 4.833333 4.866667 4.900000 4.933333 4.966667 5.000000 5.033333 5.066667 5.100000</float_array>
        <technique_common>
          <accessor source="#mixamorig_Hips-Matrix-animation-input-array" count="154">
            <param name="TIME" type="float"/>
          </accessor>
        </technique_common>
      </source>
      <source id="mixamorig_Hips-Matrix-animation-output-transform">
        <float_array id="mixamorig_Hips-Matrix-animation-output-transform-array" count="2464">

0.467413 -0.083633 -0.880074 0.001302 0.029847 0.996440 -0.078840 94.021736 0.883535 0.010583 0.468245 0.002573 0.000000 0.000000 0.000000 1.000000
0.467451 -0.082567 -0.880155 0.007575 0.030004 0.996537 -0.077549 94.020737 0.883510 0.009842 0.468309 -0.003016 0.000000 0.000000 0.000000 1.000000
0.467501 -0.081386 -0.880238 0.013057 0.030178 0.996642 -0.076121 94.013092 0.883477 0.009023 0.468387 -0.010385 0.000000 0.000000 0.000000 1.000000
0.467564 -0.080102 -0.880322 0.017764 0.030368 0.996753 -0.074567 93.999260 0.883437 0.008132 0.468479 -0.019406 0.000000 0.000000 0.000000 1.000000
0.467638 -0.078725 -0.880407 0.021763 0.030570 0.996871 -0.072901 93.979706 0.883391 0.007177 0.468582 -0.029922 0.000000 0.000000 0.000000 1.000000
0.467725 -0.077265 -0.880491 0.025092 0.030786 0.996992 -0.071135 93.954926 0.883338 0.006165 0.468696 -0.041828 0.000000 0.000000 0.000000 1.000000
0.467818 -0.075734 -0.880574 0.027779 0.031012 0.997115 -0.069281 93.925285 0.883281 0.005103 0.468817 -0.054965 0.000000 0.000000 0.000000 1.000000
0.467919 -0.074140 -0.880656 0.029874 0.031246 0.997240 -0.067353 93.891418 0.883219 0.003998 0.468944 -0.069209 0.000000 0.000000 0.000000 1.000000
0.468030 -0.072496 -0.880734 0.031421 0.031488 0.997365 -0.065363 93.853592 0.883151 0.002859 0.469079 -0.084409 0.000000 0.000000 0.000000 1.000000
0.468146 -0.070811 -0.880810 0.032454 0.031736 0.997488 -0.063323 93.812431 0.883081 0.001691 0.469217 -0.100428 0.000000 0.000000 0.000000 1.000000
0.468267 -0.069096 -0.880881 0.033031 0.031988 0.997610 -0.061247 93.768333 0.883008 0.000502 0.469358 -0.117132 0.000000 0.000000 0.000000 1.000000
0.468393 -0.067361 -0.880949 0.033173 0.032243 0.997728 -0.059147 93.721725 0.882932 -0.000700 0.469501 -0.134397 0.000000 0.000000 0.000000 1.000000
0.468522 -0.065617 -0.881012 0.032935 0.032499 0.997843 -0.057036 93.673141 0.882854 -0.001909 0.469644 -0.152055 0.000000 0.000000 0.000000 1.000000
0.468654 -0.063875 -0.881069 0.032355 0.032754 0.997953 -0.054926 93.623016 0.882774 -0.003117 0.469787 -0.169992 0.000000 0.000000 0.000000 1.000000
0.468788 -0.062144 -0.881122 0.031463 0.033007 0.998058 -0.052831 93.571823 0.882694 -0.004317 0.469929 -0.188070 0.000000 0.000000 0.000000 1.000000
0.468923 -0.060437 -0.881169 0.030321 0.033257 0.998157 -0.050763 93.520020 0.882613 -0.005501 0.470068 -0.206141 0.000000 0.000000 0.000000 1.000000
0.469055 -0.058762 -0.881212 0.028955 0.033501 0.998250 -0.048734 93.468155 0.882534 -0.006663 0.470202 -0.224056 0.000000 0.000000 0.000000 1.000000
0.469186 -0.057130 -0.881249 0.027409 0.033739 0.998336 -0.046758 93.416550 0.882455 -0.007794 0.470333 -0.241696 0.000000 0.000000 0.000000 1.000000
0.469314 -0.055553 -0.881282 0.025712 0.033969 0.998416 -0.044847 93.365814 0.882378 -0.008888 0.470458 -0.258918 0.000000 0.000000 0.000000 1.000000
0.469439 -0.054040 -0.881310 0.023920 0.034189 0.998489 -0.043015 93.316360 0.882303 -0.009938 0.470577 -0.275576 0.000000 0.000000 0.000000 1.000000
0.469557 -0.052603 -0.881334 0.022070 0.034398 0.998556 -0.041273 93.268631 0.882232 -0.010936 0.470688 -0.291540 0.000000 0.000000 0.000000 1.000000
0.469671 -0.051251 -0.881353 0.020202 0.034594 0.998615 -0.039634 93.223114 0.882164 -0.011874 0.470793 -0.306663 0.000000 0.000000 0.000000 1.000000
0.469778 -0.049995 -0.881368 0.018350 0.034776 0.998668 -0.038112 93.180397 0.882099 -0.012746 0.470891 -0.320806 0.000000 0.000000 0.000000 1.000000
0.469876 -0.048845 -0.881380 0.016559 0.034943 0.998715 -0.036719 93.140747 0.882040 -0.013544 0.470979 -0.333833 0.000000 0.000000 0.000000 1.000000
0.469965 -0.047813 -0.881389 0.014870 0.035092 0.998755 -0.035468 93.104813 0.881987 -0.014261 0.471058 -0.345605 0.000000 0.000000 0.000000 1.000000
0.470043 -0.046908 -0.881396 0.013319 0.035223 0.998788 -0.034372 93.072968 0.881941 -0.014889 0.471126 -0.355975 0.000000 0.000000 0.000000 1.000000
0.470110 -0.046141 -0.881401 0.011950 0.035334 0.998816 -0.033442 93.045731 0.881900 -0.015422 0.471184 -0.364823 0.000000 0.000000 0.000000 1.000000
0.470164 -0.045523 -0.881404 0.010801 0.035423 0.998838 -0.032693 93.023598 0.881868 -0.015851 0.471230 -0.371980 0.000000 0.000000 0.000000 1.000000
0.470205 -0.045064 -0.881406 0.009911 0.035489 0.998853 -0.032136 93.006958 0.881843 -0.016170 0.471265 -0.377325 0.000000 0.000000 0.000000 1.000000
0.470231 -0.044775 -0.881407 0.009326 0.035531 0.998863 -0.031785 92.996323 0.881828 -0.016371 0.471287 -0.380733 0.000000 0.000000 0.000000 1.000000
0.470241 -0.044665 -0.881407 0.009082 0.035547 0.998867 -0.031652 92.992233 0.881822 -0.016447 0.471295 -0.382038 0.000000 0.000000 0.000000 1.000000
0.470233 -0.044771 -0.881406 0.009047 0.035532 0.998863 -0.031781 92.994965 0.881827 -0.016373 0.471289 -0.381006 0.000000 0.000000 0.000000 1.000000
0.470206 -0.045125 -0.881403 0.008967 0.035480 0.998851 -0.032210 93.004395 0.881843 -0.016127 0.471266 -0.377492 0.000000 0.000000 0.000000 1.000000
0.470161 -0.045712 -0.881396 0.008826 0.035396 0.998831 -0.032921 93.020271 0.881870 -0.015720 0.471230 -0.371597 0.000000 0.000000 0.000000 1.000000
0.470121 -0.046254 -0.881389 0.008697 0.035317 0.998812 -0.033579 93.034531 0.881895 -0.015342 0.471196 -0.366278 0.000000 0.000000 0.000000 1.000000
0.470074 -0.046866 -0.881382 0.008560 0.035229 0.998790 -0.034320 93.050797 0.881924 -0.014918 0.471156 -0.360222 0.000000 0.000000 0.000000 1.000000
0.470023 -0.047563 -0.881372 0.008398 0.035129 0.998764 -0.035165 93.069344 0.881955 -0.014433 0.471113 -0.353325 0.000000 0.000000 0.000000 1.000000
0.469964 -0.048340 -0.881361 0.008212 0.035016 0.998734 -0.036107 93.089958 0.881991 -0.013893 0.471062 -0.345638 0.000000 0.000000 0.000000 1.000000
0.469901 -0.049192 -0.881347 0.008023 0.034893 0.998701 -0.037139 93.112564 0.882029 -0.013301 0.471007 -0.337204 0.000000 0.000000 0.000000 1.000000
0.469833 -0.050114 -0.881332 0.007807 0.034760 0.998663 -0.038255 93.137093 0.882071 -0.012661 0.470947 -0.328092 0.000000 0.000000 0.000000 1.000000
0.469759 -0.051098 -0.881315 0.007586 0.034617 0.998622 -0.039448 93.163216 0.882116 -0.011977 0.470880 -0.318347 0.000000 0.000000 0.000000 1.000000
0.469680 -0.052141 -0.881296 0.007352 0.034466 0.998576 -0.040712 93.190910 0.882164 -0.011253 0.470809 -0.308038 0.000000 0.000000 0.000000 1.000000
0.469599 -0.053237 -0.881273 0.007106 0.034307 0.998527 -0.042040 93.219986 0.882213 -0.010492 0.470733 -0.297193 0.000000 0.000000 0.000000 1.000000
0.469515 -0.054381 -0.881248 0.006856 0.034141 0.998473 -0.043425 93.250313 0.882264 -0.009698 0.470655 -0.285896 0.000000 0.000000 0.000000 1.000000
0.469428 -0.055566 -0.881221 0.006597 0.033968 0.998416 -0.044861 93.281715 0.882317 -0.008875 0.470571 -0.274172 0.000000 0.000000 0.000000 1.000000
0.469336 -0.056787 -0.881192 0.006335 0.033791 0.998354 -0.046340 93.314095 0.882373 -0.008027 0.470483 -0.262106 0.000000 0.000000 0.000000 1.000000
0.469246 -0.058040 -0.881158 0.006066 0.033608 0.998289 -0.047857 93.347237 0.882428 -0.007157 0.470393 -0.249721 0.000000 0.000000 0.000000 1.000000
0.469153 -0.059318 -0.881123 0.005799 0.033422 0.998219 -0.049405 93.381104 0.882484 -0.006270 0.470300 -0.237102 0.000000 0.000000 0.000000 1.000000
0.469056 -0.060616 -0.881086 0.005524 0.033233 0.998147 -0.050978 93.415451 0.882543 -0.005370 0.470202 -0.224279 0.000000 0.000000 0.000000 1.000000
0.468961 -0.061929 -0.881045 0.005258 0.033041 0.998071 -0.052567 93.450150 0.882601 -0.004459 0.470102 -0.211317 0.000000 0.000000 0.000000 1.000000
0.468865 -0.063251 -0.881002 0.004987 0.032848 0.997991 -0.054168 93.485062 0.882659 -0.003542 0.470001 -0.198270 0.000000 0.000000 0.000000 1.000000
0.468768 -0.064576 -0.880957 0.004724 0.032654 0.997909 -0.055773 93.520111 0.882717 -0.002622 0.469897 -0.185188 0.000000 0.000000 0.000000 1.000000
0.468673 -0.065900 -0.880910 0.004459 0.032460 0.997825 -0.057376 93.555031 0.882775 -0.001704 0.469793 -0.172131 0.000000 0.000000 0.000000 1.000000
0.468578 -0.067216 -0.880861 0.004203 0.032267 0.997738 -0.058970 93.589783 0.882833 -0.000791 0.469687 -0.159137 0.000000 0.000000 0.000000 1.000000
0.468484 -0.068520 -0.880811 0.003953 0.032076 0.997650 -0.060549 93.624153 0.882890 0.000113 0.469581 -0.146279 0.000000 0.000000 0.000000 1.000000
0.468391 -0.069806 -0.880759 0.003705 0.031888 0.997560 -0.062105 93.658089 0.882946 0.001004 0.469474 -0.133606 0.000000 0.000000 0.000000 1.000000
0.468301 -0.071068 -0.880706 0.003469 0.031702 0.997470 -0.063633 93.691383 0.883000 0.001879 0.469369 -0.121163 0.000000 0.000000 0.000000 1.000000
0.468213 -0.072301 -0.880653 0.003236 0.031521 0.997379 -0.065125 93.723839 0.883053 0.002733 0.469265 -0.109009 0.000000 0.000000 0.000000 1.000000
0.468127 -0.073499 -0.880599 0.003017 0.031344 0.997289 -0.066575 93.755424 0.883105 0.003564 0.469162 -0.097197 0.000000 0.000000 0.000000 1.000000
0.468044 -0.074657 -0.880546 0.002813 0.031174 0.997200 -0.067977 93.785889 0.883155 0.004367 0.469061 -0.085785 0.000000 0.000000 0.000000 1.000000
0.467965 -0.075770 -0.880493 0.002616 0.031010 0.997112 -0.069324 93.815147 0.883203 0.005137 0.468964 -0.074819 0.000000 0.000000 0.000000 1.000000
0.467891 -0.076832 -0.880440 0.002427 0.030853 0.997027 -0.070610 93.843117 0.883247 0.005873 0.468871 -0.064362 0.000000 0.000000 0.000000 1.000000
0.467820 -0.077838 -0.880389 0.002259 0.030705 0.996944 -0.071827 93.869576 0.883290 0.006570 0.468781 -0.054456 0.000000 0.000000 0.000000 1.000000
0.467752 -0.078782 -0.880342 0.002093 0.030565 0.996866 -0.072969 93.894386 0.883331 0.007223 0.468694 -0.045165 0.000000 0.000000 0.000000 1.000000
0.467691 -0.079658 -0.880295 0.001946 0.030436 0.996791 -0.074030 93.917412 0.883368 0.007830 0.468615 -0.036534 0.000000 0.000000 0.000000 1.000000
0.467634 -0.080462 -0.880252 0.001815 0.030317 0.996722 -0.075003 93.938545 0.883402 0.008387 0.468541 -0.028612 0.000000 0.000000 0.000000 1.000000
0.467584 -0.081188 -0.880213 0.001692 0.030209 0.996659 -0.075881 93.957603 0.883432 0.008890 0.468474 -0.021467 0.000000 0.000000 0.000000 1.000000
0.467539 -0.081830 -0.880177 0.001590 0.030114 0.996603 -0.076658 93.974480 0.883459 0.009335 0.468415 -0.015145 0.000000 0.000000 0.000000 1.000000
0.467500 -0.082384 -0.880146 0.001495 0.030033 0.996553 -0.077328 93.989037 0.883483 0.009718 0.468363 -0.009702 0.000000 0.000000 0.000000 1.000000
0.467468 -0.082843 -0.880120 0.001424 0.029964 0.996512 -0.077883 94.001083 0.883502 0.010036 0.468320 -0.005185 0.000000 0.000000 0.000000 1.000000
0.467444 -0.083202 -0.880099 0.001367 0.029911 0.996480 -0.078317 94.010513 0.883517 0.010284 0.468287 -0.001643 0.000000 0.000000 0.000000 1.000000
0.467426 -0.083455 -0.880084 0.001325 0.029873 0.996457 -0.078624 94.017181 0.883528 0.010460 0.468262 0.000761 0.000000 0.000000 0.000000 1.000000
0.467414 -0.083615 -0.880075 0.001139 0.029850 0.996442 -0.078817 94.020782 0.883534 0.010570 0.468247 0.002090 0.000000 0.000000 0.000000 1.000000
0.467413 -0.083602 -0.880077 0.001631 0.029852 0.996443 -0.078801 94.022034 0.883535 0.010561 0.468246 0.002446 0.000000 0.000000 0.000000 1.000000
0.467418 -0.083451 -0.880089 0.002902 0.029874 0.996457 -0.078619 94.023201 0.883531 0.010456 0.468255 0.001981 0.000000 0.000000 0.000000 1.000000
0.467424 -0.083248 -0.880105 0.004316 0.029904 0.996475 -0.078374 94.024193 0.883527 0.010315 0.468266 0.001118 0.000000 0.000000 0.000000 1.000000
0.467433 -0.082991 -0.880125 0.005878 0.029942 0.996499 -0.078063 94.024506 0.883522 0.010137 0.468281 -0.000176 0.000000 0.000000 0.000000 1.000000
0.467446 -0.082652 -0.880149 0.007753 0.029991 0.996529 -0.077652 94.023888 0.883513 0.009901 0.468302 -0.002000 0.000000 0.000000 0.000000 1.000000
0.467467 -0.082159 -0.880184 0.009686 0.030064 0.996573 -0.077057 94.019653 0.883499 0.009560 0.468335 -0.005148 0.000000 0.000000 0.000000 1.000000
0.467516 -0.081073 -0.880259 0.014301 0.030224 0.996669 -0.075742 94.010178 0.883468 0.008805 0.468409 -0.012479 0.000000 0.000000 0.000000 1.000000
0.467582 -0.079765 -0.880343 0.018826 0.030417 0.996782 -0.074159 93.994896 0.883426 0.007898 0.468504 -0.021895 0.000000 0.000000 0.000000 1.000000
0.467660 -0.078367 -0.880428 0.022655 0.030624 0.996901 -0.072467 93.973999 0.883378 0.006928 0.468610 -0.032772 0.000000 0.000000 0.000000 1.000000
0.467747 -0.076888 -0.880512 0.025816 0.030841 0.997022 -0.070679 93.947968 0.883324 0.005904 0.468726 -0.044990 0.000000 0.000000 0.000000 1.000000
0.467843 -0.075340 -0.880595 0.028354 0.031069 0.997146 -0.068805 93.917244 0.883266 0.004831 0.468848 -0.058416 0.000000 0.000000 0.000000 1.000000
0.467946 -0.073733 -0.880676 0.030310 0.031306 0.997271 -0.066861 93.882332 0.883203 0.003717 0.468977 -0.072910 0.000000 0.000000 0.000000 1.000000
0.468059 -0.072078 -0.880753 0.031724 0.031550 0.997396 -0.064858 93.843666 0.883134 0.002569 0.469114 -0.088330 0.000000 0.000000 0.000000 1.000000
0.468176 -0.070385 -0.880828 0.032639 0.031799 0.997519 -0.062808 93.801704 0.883063 0.001396 0.469252 -0.104529 0.000000 0.000000 0.000000 1.000000
0.468299 -0.068664 -0.880898 0.033105 0.032051 0.997640 -0.060725 93.756912 0.882989 0.000203 0.469394 -0.121390 0.000000 0.000000 0.000000 1.000000
0.468425 -0.066927 -0.880965 0.033151 0.032306 0.997757 -0.058621 93.709778 0.882912 -0.001001 0.469537 -0.138760 0.000000 0.000000 0.000000 1.000000
0.468555 -0.065183 -0.881026 0.032820 0.032562 0.997871 -0.056510 93.660774 0.882834 -0.002210 0.469680 -0.156507 0.000000 0.000000 0.000000 1.000000
0.468687 -0.063442 -0.881083 0.032159 0.032817 0.997980 -0.054403 93.610321 0.882754 -0.003417 0.469822 -0.174487 0.000000 0.000000 0.000000 1.000000
0.468821 -0.061717 -0.881134 0.031205 0.033069 0.998083 -0.052313 93.558952 0.882674 -0.004613 0.469964 -0.192579 0.000000 0.000000 0.000000 1.000000
0.468956 -0.060017 -0.881180 0.029997 0.033318 0.998181 -0.050254 93.507080 0.882593 -0.005792 0.470103 -0.210623 0.000000 0.000000 0.000000 1.000000
0.469088 -0.058352 -0.881222 0.028585 0.033561 0.998272 -0.048237 93.455238 0.882513 -0.006947 0.470236 -0.228477 0.000000 0.000000 0.000000 1.000000
0.469218 -0.056733 -0.881258 0.026992 0.033797 0.998357 -0.046277 93.403824 0.882435 -0.008070 0.470365 -0.246031 0.000000 0.000000 0.000000 1.000000
0.469345 -0.055171 -0.881289 0.025273 0.034024 0.998435 -0.044384 93.353333 0.882359 -0.009154 0.470488 -0.263127 0.000000 0.000000 0.000000 1.000000
0.469469 -0.053676 -0.881316 0.023466 0.034242 0.998506 -0.042573 93.304276 0.882285 -0.010191 0.470605 -0.279625 0.000000 0.000000 0.000000 1.000000
0.469586 -0.052259 -0.881339 0.021605 0.034448 0.998571 -0.040856 93.257065 0.882214 -0.011175 0.470715 -0.295389 0.000000 0.000000 0.000000 1.000000
0.469698 -0.050930 -0.881357 0.019738 0.034640 0.998629 -0.039245 93.212212 0.882147 -0.012097 0.470818 -0.310280 0.000000 0.000000 0.000000 1.000000
0.469804 -0.049699 -0.881371 0.017901 0.034819 0.998680 -0.037754 93.170166 0.882084 -0.012951 0.470914 -0.324163 0.000000 0.000000 0.000000 1.000000
0.469899 -0.048578 -0.881382 0.016129 0.034981 0.998725 -0.036396 93.131424 0.882027 -0.013730 0.471000 -0.336893 0.000000 0.000000 0.000000 1.000000
0.469985 -0.047576 -0.881391 0.014469 0.035126 0.998763 -0.035182 93.096481 0.881975 -0.014425 0.471075 -0.348325 0.000000 0.000000 0.000000 1.000000
0.470061 -0.046705 -0.881397 0.012963 0.035252 0.998796 -0.034126 93.065735 0.881930 -0.015030 0.471141 -0.358325 0.000000 0.000000 0.000000 1.000000
0.470125 -0.045975 -0.881402 0.011637 0.035358 0.998822 -0.033240 93.039719 0.881892 -0.015538 0.471196 -0.366767 0.000000 0.000000 0.000000 1.000000
0.470175 -0.045395 -0.881405 0.010552 0.035442 0.998842 -0.032537 93.018913 0.881861 -0.015940 0.471239 -0.373490 0.000000 0.000000 0.000000 1.000000
0.470213 -0.044977 -0.881406 0.009735 0.035502 0.998856 -0.032031 93.003738 0.881839 -0.016230 0.471271 -0.378361 0.000000 0.000000 0.000000 1.000000
0.470235 -0.044732 -0.881407 0.009231 0.035537 0.998864 -0.031733 92.994667 0.881825 -0.016401 0.471291 -0.381253 0.000000 0.000000 0.000000 1.000000
0.470240 -0.044670 -0.881407 0.009068 0.035546 0.998866 -0.031659 92.992218 0.881822 -0.016443 0.471295 -0.382010 0.000000 0.000000 0.000000 1.000000
0.470228 -0.044838 -0.881405 0.009032 0.035522 0.998861 -0.031862 92.992027 0.881830 -0.016327 0.471285 -0.380351 0.000000 0.000000 0.000000 1.000000
0.470196 -0.045251 -0.881401 0.008936 0.035462 0.998847 -0.032363 92.993263 0.881849 -0.016040 0.471258 -0.376253 0.000000 0.000000 0.000000 1.000000
0.470150 -0.045871 -0.881394 0.008796 0.035373 0.998825 -0.033114 92.996178 0.881878 -0.015609 0.471220 -0.370040 0.000000 0.000000 0.000000 1.000000
0.470099 -0.046537 -0.881386 0.008637 0.035276 0.998802 -0.033921 93.001137 0.881908 -0.015145 0.471178 -0.363472 0.000000 0.000000 0.000000 1.000000
0.470041 -0.047317 -0.881375 0.008463 0.035163 0.998773 -0.034867 93.008110 0.881944 -0.014603 0.471128 -0.355742 0.000000 0.000000 0.000000 1.000000
0.469976 -0.048197 -0.881362 0.008254 0.035035 0.998740 -0.035933 93.017250 0.881984 -0.013991 0.471072 -0.347016 0.000000 0.000000 0.000000 1.000000
0.469904 -0.049163 -0.881347 0.008039 0.034896 0.998702 -0.037105 93.028679 0.882028 -0.013320 0.471009 -0.337450 0.000000 0.000000 0.000000 1.000000
0.469827 -0.050205 -0.881330 0.007807 0.034745 0.998660 -0.038367 93.042526 0.882075 -0.012596 0.470941 -0.327134 0.000000 0.000000 0.000000 1.000000
0.469743 -0.051310 -0.881311 0.007560 0.034584 0.998613 -0.039706 93.058884 0.882125 -0.011827 0.470866 -0.316188 0.000000 0.000000 0.000000 1.000000
0.469657 -0.052469 -0.881288 0.007303 0.034416 0.998562 -0.041111 93.077896 0.882178 -0.011022 0.470787 -0.304724 0.000000 0.000000 0.000000 1.000000
0.469568 -0.053673 -0.881263 0.007037 0.034241 0.998507 -0.042569 93.099701 0.882232 -0.010186 0.470705 -0.292812 0.000000 0.000000 0.000000 1.000000
0.469477 -0.054914 -0.881235 0.006763 0.034061 0.998448 -0.044072 93.124649 0.882288 -0.009325 0.470618 -0.280550 0.000000 0.000000 0.000000 1.000000
0.469383 -0.056182 -0.881206 0.006490 0.033876 0.998385 -0.045609 93.152802 0.882345 -0.008444 0.470528 -0.267997 0.000000 0.000000 0.000000 1.000000
0.469288 -0.057473 -0.881173 0.006204 0.033688 0.998319 -0.047172 93.183868 0.882402 -0.007548 0.470435 -0.255255 0.000000 0.000000 0.000000 1.000000
0.469192 -0.058778 -0.881138 0.005936 0.033498 0.998249 -0.048753 93.217468 0.882461 -0.006642 0.470339 -0.242352 0.000000 0.000000 0.000000 1.000000
0.469097 -0.060092 -0.881100 0.005662 0.033307 0.998176 -0.050344 93.253342 0.882519 -0.005730 0.470243 -0.229374 0.000000 0.000000 0.000000 1.000000
0.469001 -0.061409 -0.881060 0.005392 0.033114 0.998101 -0.051940 93.291245 0.882577 -0.004816 0.470144 -0.216361 0.000000 0.000000 0.000000 1.000000
0.468904 -0.062725 -0.881019 0.005112 0.032922 0.998023 -0.053533 93.330803 0.882636 -0.003903 0.470042 -0.203384 0.000000 0.000000 0.000000 1.000000
0.468808 -0.064034 -0.880976 0.004850 0.032731 0.997943 -0.055118 93.371765 0.882693 -0.002995 0.469940 -0.190464 0.000000 0.000000 0.000000 1.000000
0.468714 -0.065332 -0.880931 0.004593 0.032541 0.997861 -0.056690 93.413757 0.882750 -0.002095 0.469838 -0.177659 0.000000 0.000000 0.000000 1.000000
0.468622 -0.066615 -0.880884 0.004337 0.032353 0.997778 -0.058243 93.456558 0.882806 -0.001206 0.469736 -0.165011 0.000000 0.000000 0.000000 1.000000
0.468531 -0.067879 -0.880836 0.004089 0.032168 0.997694 -0.059773 93.499847 0.882861 -0.000329 0.469634 -0.152544 0.000000 0.000000 0.000000 1.000000
0.468441 -0.069120 -0.880787 0.003855 0.031986 0.997608 -0.061276 93.543289 0.882916 0.000531 0.469531 -0.140315 0.000000 0.000000 0.000000 1.000000
0.468353 -0.070334 -0.880737 0.003622 0.031808 0.997523 -0.062746 93.586601 0.882969 0.001373 0.469430 -0.128340 0.000000 0.000000 0.000000 1.000000
0.468269 -0.071519 -0.880687 0.003398 0.031634 0.997437 -0.064180 93.629501 0.883019 0.002193 0.469332 -0.116676 0.000000 0.000000 0.000000 1.000000
0.468187 -0.072671 -0.880636 0.003183 0.031465 0.997352 -0.065574 93.671661 0.883069 0.002991 0.469234 -0.105331 0.000000 0.000000 0.000000 1.000000
0.468106 -0.073785 -0.880586 0.002974 0.031301 0.997267 -0.066923 93.712799 0.883118 0.003763 0.469137 -0.094354 0.000000 0.000000 0.000000 1.000000
0.468030 -0.074860 -0.880536 0.002783 0.031143 0.997184 -0.068224 93.752586 0.883164 0.004508 0.469043 -0.083774 0.000000 0.000000 0.000000 1.000000
0.467957 -0.075892 -0.880487 0.002603 0.030991 0.997102 -0.069472 93.790764 0.883208 0.005222 0.468953 -0.073620 0.000000 0.000000 0.000000 1.000000
0.467888 -0.076876 -0.880438 0.002424 0.030846 0.997023 -0.070664 93.826965 0.883249 0.005904 0.468867 -0.063924 0.000000 0.000000 0.000000 1.000000
0.467823 -0.077811 -0.880390 0.002263 0.030709 0.996947 -0.071795 93.860931 0.883288 0.006552 0.468784 -0.054725 0.000000 0.000000 0.000000 1.000000
0.467759 -0.078692 -0.880346 0.002113 0.030579 0.996873 -0.072861 93.892166 0.883327 0.007162 0.468703 -0.046050 0.000000 0.000000 0.000000 1.000000
0.467700 -0.079516 -0.880303 0.001974 0.030457 0.996804 -0.073858 93.913651 0.883362 0.007732 0.468627 -0.037945 0.000000 0.000000 0.000000 1.000000
0.467647 -0.080279 -0.880262 0.001848 0.030344 0.996738 -0.074781 93.933655 0.883394 0.008260 0.468558 -0.030440 0.000000 0.000000 0.000000 1.000000
0.467599 -0.080976 -0.880224 0.001724 0.030241 0.996678 -0.075624 93.951981 0.883423 0.008743 0.468494 -0.023583 0.000000 0.000000 0.000000 1.000000
0.467555 -0.081603 -0.880189 0.001623 0.030148 0.996623 -0.076383 93.968491 0.883450 0.009177 0.468436 -0.017405 0.000000 0.000000 0.000000 1.000000
0.467516 -0.082156 -0.880159 0.001541 0.030066 0.996574 -0.077053 93.983002 0.883473 0.009561 0.468384 -0.011958 0.000000 0.000000 0.000000 1.000000
0.467483 -0.082631 -0.880132 0.001460 0.029996 0.996531 -0.077626 93.995453 0.883493 0.009889 0.468340 -0.007294 0.000000 0.000000 0.000000 1.000000
0.467456 -0.083020 -0.880110 0.001401 0.029938 0.996496 -0.078098 94.005653 0.883509 0.010158 0.468303 -0.003457 0.000000 0.000000 0.000000 1.000000
0.467435 -0.083319 -0.880092 0.001353 0.029894 0.996469 -0.078460 94.013527 0.883522 0.010366 0.468275 -0.000520 0.000000 0.000000 0.000000 1.000000
0.467423 -0.083490 -0.880083 0.001320 0.029868 0.996453 -0.078667 94.018921 0.883529 0.010484 0.468259 0.000940 0.000000 0.000000 0.000000 1.000000
0.467418 -0.083563 -0.880078 0.001308 0.029858 0.996447 -0.078755 94.021622 0.883532 0.010534 0.468252 0.001660 0.000000 0.000000 0.000000 1.000000
0.467415 -0.083595 -0.880077 0.001304 0.029853 0.996444 -0.078793 94.021942 0.883534 0.010556 0.468249 0.002000 0.000000 0.000000 0.000000 1.000000
0.467415 -0.083605 -0.880076 0.001303 0.029851 0.996443 -0.078805 94.021927 0.883534 0.010563 0.468249 0.002140 0.000000 0.000000 0.000000 1.000000
0.467415 -0.083611 -0.880075 0.001304 0.029850 0.996442 -0.078813 94.021858 0.883534 0.010568 0.468248 0.002271 0.000000 0.000000 0.000000 1.000000
0.467413 -0.083634 -0.880074 0.001304 0.029847 0.996440 -0.078840 94.021744 0.883535 0.010583 0.468245 0.002570 0.000000 0.000000 0.000000 1.000000</float_array>
        <technique_common>
          <accessor source="#mixamorig_Hips-Matrix-animation-output-transform-array" count="154" stride="16">
            <param type="float4x4"/>
          </accessor>
        </technique_common>
      </source>
      <source id="mixamorig_Hips-Interpolations">
        <Name_array id="mixamorig_Hips-Interpolations-array" count="154">
 LINEAR LINEAR LINEAR LINEAR LINEAR LINEAR LINEAR LINEAR LINEAR LINEAR LINEAR
LINEAR LINEAR LINEAR LINEAR LINEAR LINEAR LINEAR LINEAR LINEAR LINEAR LINEAR LINEAR
LINEAR LINEAR LINEAR LINEAR LINEAR LINEAR LINEAR LINEAR LINEAR LINEAR LINEAR LINEAR
LINEAR LINEAR LINEAR LINEAR LINEAR LINEAR LINEAR LINEAR LINEAR LINEAR LINEAR LINEAR
LINEAR LINEAR LINEAR LINEAR LINEAR LINEAR LINEAR LINEAR LINEAR LINEAR LINEAR LINEAR
LINEAR LINEAR LINEAR LINEAR LINEAR LINEAR LINEAR LINEAR LINEAR LINEAR LINEAR LINEAR
LINEAR LINEAR LINEAR LINEAR LINEAR LINEAR LINEAR LINEAR LINEAR LINEAR LINEAR LINEAR
LINEAR LINEAR LINEAR LINEAR LINEAR LINEAR LINEAR LINEAR LINEAR LINEAR LINEAR LINEAR
LINEAR LINEAR LINEAR LINEAR LINEAR LINEAR LINEAR LINEAR LINEAR LINEAR LINEAR LINEAR
LINEAR LINEAR LINEAR LINEAR LINEAR LINEAR LINEAR LINEAR LINEAR LINEAR LINEAR LINEAR
LINEAR LINEAR LINEAR LINEAR LINEAR LINEAR LINEAR LINEAR LINEAR LINEAR LINEAR LINEAR
LINEAR LINEAR LINEAR LINEAR LINEAR LINEAR LINEAR LINEAR LINEAR LINEAR LINEAR LINEAR
LINEAR LINEAR LINEAR LINEAR LINEAR LINEAR LINEAR LINEAR LINEAR LINEAR LINEAR</Name_array>
        <technique_common>
          <accessor source="#mixamorig_Hips-Interpolations-array" count="154">
            <param type="name"/>
          </accessor>
        </technique_common>
      </source>
      <sampler id="mixamorig_Hips-Matrix-animation-transform">
        <input semantic="INPUT" source="#mixamorig_Hips-Matrix-animation-input"/>
        <input semantic="OUTPUT" source="#mixamorig_Hips-Matrix-animation-output-transform"/>
        <input semantic="INTERPOLATION" source="#mixamorig_Hips-Interpolations"/>
      </sampler>
      <channel source="#mixamorig_Hips-Matrix-animation-transform" target="mixamorig_Hips/matrix"/>
    </animation>
    <animation id="mixamorig_Spine-anim" name="mixamorig_Spine">
      <source id="mixamorig_Spine-Matrix-animation-input">
        <float_array id="mixamorig_Spine-Matrix-animation-input-array" count="154">

0.000000 0.033333 0.066667 0.100000 0.133333 0.166667 0.200000 0.233333 0.266667 0.300000 0.333333 0.366667 0.400000 0.433333 0.466667 0.500000
0.533333 0.566667 0.600000 0.633333 0.666667 0.700000 0.733333 0.766667 0.800000 0.833333 0.866667 0.900000 0.933333 0.966667 1.000000 1.033333
1.066667 1.100000 1.133333 1.166667 1.200000 1.233333 1.266667 1.300000 1.333333 1.366667 1.400000 1.433333 1.466667 1.500000 1.533333 1.566667
1.600000 1.633333 1.666667 1.700000 1.733333 1.766667 1.800000 1.833333 1.866667 1.900000 1.933333 1.966667 2.000000 2.033333 2.066667 2.100000
2.133333 2.166667 2.200000 2.233333 2.266667 2.300000 2.333333 2.366667 2.400000 2.433333 2.466667 2.500000 2.533333 2.566667 2.600000 2.633333
2.666667 2.700000 2.733333 2.766667 2.800000 2.833333 2.866667 2.900000 2.933333 2.966667 3.000000 3.033333 3.066667 3.100000 3.133333 3.166667
3.200000 3.233333 3.266667 3.300000 3.333333 3.366667 3.400000 3.433333 3.466667 3.500000 3.533333 3.566667 3.600000 3.633333 3.666667 3.700000
3.733333 3.766667 3.800000 3.833333 3.866667 3.900000 3.933333 3.966667 4.000000 4.033333 4.066667 4.100000 4.133333 4.166667 4.200000 4.233333
4.266667 4.300000 4.333333 4.366667 4.400000 4.433333 4.466667 4.500000 4.533333 4.566667 4.600000 4.633333 4.666667 4.700000 4.733333 4.766667
4.800000 4.833333 4.866667 4.900000 4.933333 4.966667 5.000000 5.033333 5.066667 5.100000</float_array>
        <technique_common>
          <accessor source="#mixamorig_Spine-Matrix-animation-input-array" count="154">
            <param name="TIME" type="float"/>
          </accessor>
        </technique_common>
      </source>
      <source id="mixamorig_Spine-Matrix-animation-output-transform">
        <float_array id="mixamorig_Spine-Matrix-animation-output-transform-array" count="2464">

0.997196 0.074818 0.001306 0.000000 -0.073399 0.981373 -0.177535 10.181600 -0.014565 0.176942 0.984114 -0.000000 0.000000 0.000000 0.000000 1.000000
0.997196 0.074820 0.001304 0.000000 -0.073401 0.981372 -0.177540 10.181600 -0.014563 0.176946 0.984113 -0.000000 0.000000 0.000000 0.000000 1.000000
0.997196 0.074819 0.001299 0.000000 -0.073400 0.981373 -0.177539 10.181600 -0.014558 0.176946 0.984113 0.000000 0.000000 0.000000 0.000000 1.000000
0.997196 0.074819 0.001322 0.000000 -0.073394 0.981337 -0.177737 10.181600 -0.014595 0.177142 0.984077 0.000000 0.000000 0.000000 0.000000 1.000000
0.997196 0.074820 0.001369 0.000000 -0.073381 0.981277 -0.178074 10.181600 -0.014667 0.177475 0.984016 0.000000 0.000000 0.000000 0.000000 1.000000
0.997188 0.074933 0.001429 0.000000 -0.073475 0.981185 -0.178541 10.181600 -0.014781 0.177934 0.983931 0.000000 0.000000 0.000000 0.000000 1.000000
0.997177 0.075076 0.001499 0.000000 -0.073594 0.981069 -0.179128 10.181600 -0.014918 0.178512 0.983825 0.000000 0.000000 0.000000 0.000000 1.000000
0.997164 0.075243 0.001586 0.000000 -0.073732 0.980933 -0.179816 10.181600 -0.015086 0.179189 0.983699 0.000000 0.000000 0.000000 0.000000 1.000000
0.997149 0.075436 0.001680 0.000000 -0.073893 0.980776 -0.180607 10.181600 -0.015272 0.179968 0.983554 -0.000000 0.000000 0.000000 0.000000 1.000000
0.997133 0.075652 0.001792 0.000000 -0.074071 0.980600 -0.181484 10.181600 -0.015487 0.180831 0.983392 0.000000 0.000000 0.000000 0.000000 1.000000
0.997115 0.075882 0.001907 0.000000 -0.074262 0.980410 -0.182434 10.181600 -0.015713 0.181766 0.983216 0.000000 0.000000 0.000000 0.000000 1.000000
0.997096 0.076130 0.002038 0.000000 -0.074465 0.980204 -0.183451 10.181600 -0.015964 0.182767 0.983027 -0.000000 0.000000 0.000000 0.000000 1.000000
0.997076 0.076391 0.002167 0.000000 -0.074680 0.979987 -0.184522 10.181600 -0.016219 0.183820 0.982826 -0.000000 0.000000 0.000000 0.000000 1.000000
0.997054 0.076663 0.002307 0.000000 -0.074904 0.979759 -0.185636 10.181600 -0.016492 0.184916 0.982616 0.000000 0.000000 0.000000 0.000000 1.000000
0.997032 0.076943 0.002451 0.000000 -0.075133 0.979524 -0.186785 10.181600 -0.016772 0.186046 0.982398 0.000000 0.000000 0.000000 0.000000 1.000000
0.997010 0.077231 0.002585 0.000000 -0.075370 0.979281 -0.187959 10.181600 -0.017047 0.187202 0.982173 0.000000 0.000000 0.000000 0.000000 1.000000
0.996987 0.077521 0.002743 0.000000 -0.075605 0.979034 -0.189144 10.181600 -0.017348 0.188367 0.981946 0.000000 0.000000 0.000000 0.000000 1.000000
0.996964 0.077810 0.002887 0.000000 -0.075841 0.978786 -0.190331 10.181600 -0.017635 0.189534 0.981716 0.000000 0.000000 0.000000 0.000000 1.000000
0.996941 0.078098 0.003042 0.000000 -0.076072 0.978539 -0.191508 10.181600 -0.017934 0.190691 0.981486 0.000000 0.000000 0.000000 0.000000 1.000000
0.996918 0.078384 0.003186 0.000000 -0.076304 0.978292 -0.192674 10.181600 -0.018219 0.191837 0.981258 0.000000 0.000000 0.000000 0.000000 1.000000
0.996896 0.078659 0.003331 0.000000 -0.076524 0.978051 -0.193802 10.181600 -0.018502 0.192946 0.981035 0.000000 0.000000 0.000000 0.000000 1.000000
0.996874 0.078928 0.003468 0.000000 -0.076741 0.977817 -0.194895 10.181600 -0.018774 0.194020 0.980818 0.000000 0.000000 0.000000 0.000000 1.000000
0.996854 0.079179 0.003594 -0.000000 -0.076943 0.977594 -0.195935 10.181600 -0.019027 0.195042 0.980610 0.000000 0.000000 0.000000 0.000000 1.000000
0.996834 0.079420 0.003712 0.000000 -0.077137 0.977381 -0.196918 10.181600 -0.019268 0.196008 0.980413 -0.000000 0.000000 0.000000 0.000000 1.000000
0.996816 0.079644 0.003833 0.000000 -0.077315 0.977183 -0.197827 10.181600 -0.019502 0.196901 0.980229 -0.000000 0.000000 0.000000 0.000000 1.000000
0.996799 0.079846 0.003939 0.000000 -0.077475 0.977003 -0.198655 10.181600 -0.019710 0.197714 0.980062 -0.000000 0.000000 0.000000 0.000000 1.000000
0.996785 0.080026 0.004029 0.000000 -0.077619 0.976841 -0.199391 10.181600 -0.019892 0.198437 0.979912 0.000000 0.000000 0.000000 0.000000 1.000000
0.996772 0.080183 0.004106 0.000000 -0.077745 0.976702 -0.200024 10.181600 -0.020049 0.199059 0.979782 0.000000 0.000000 0.000000 0.000000 1.000000
0.996761 0.080310 0.004174 -0.000000 -0.077844 0.976587 -0.200546 10.181600 -0.020182 0.199572 0.979675 0.000000 0.000000 0.000000 0.000000 1.000000
0.996753 0.080408 0.004212 0.000000 -0.077925 0.976499 -0.200941 10.181600 -0.020270 0.199961 0.979594 0.000000 0.000000 0.000000 0.000000 1.000000
0.996749 0.080456 0.004240 0.000000 -0.077961 0.976441 -0.201208 10.181600 -0.020328 0.200223 0.979539 0.000000 0.000000 0.000000 0.000000 1.000000
0.996747 0.080479 0.004259 0.000000 -0.077977 0.976418 -0.201315 10.181600 -0.020360 0.200328 0.979517 0.000000 0.000000 0.000000 0.000000 1.000000
0.996747 0.080479 0.004263 0.000000 -0.077978 0.976423 -0.201288 10.181600 -0.020362 0.200301 0.979523 0.000000 0.000000 0.000000 0.000000 1.000000
0.996750 0.080448 0.004238 0.000000 -0.077955 0.976463 -0.201104 10.181600 -0.020317 0.200119 0.979561 -0.000000 0.000000 0.000000 0.000000 1.000000
0.996755 0.080387 0.004206 0.000000 -0.077907 0.976512 -0.200884 10.181600 -0.020255 0.199905 0.979606 0.000000 0.000000 0.000000 0.000000 1.000000
0.996760 0.080325 0.004177 0.000000 -0.077858 0.976572 -0.200610 10.181600 -0.020193 0.199635 0.979662 0.000000 0.000000 0.000000 0.000000 1.000000
0.996766 0.080248 0.004138 0.000000 -0.077797 0.976645 -0.200280 10.181600 -0.020114 0.199310 0.979730 -0.000000 0.000000 0.000000 0.000000 1.000000
0.996774 0.080151 0.004094 0.000000 -0.077718 0.976731 -0.199892 10.181600 -0.020020 0.198929 0.979809 0.000000 0.000000 0.000000 0.000000 1.000000
0.996783 0.080045 0.004032 0.000000 -0.077636 0.976827 -0.199456 10.181600 -0.019904 0.198501 0.979899 0.000000 0.000000 0.000000 0.000000 1.000000
0.996793 0.079927 0.003975 0.000000 -0.077541 0.976934 -0.198968 10.181600 -0.019786 0.198022 0.979998 0.000000 0.000000 0.000000 0.000000 1.000000
0.996803 0.079797 0.003912 0.000000 -0.077437 0.977050 -0.198436 10.181600 -0.019657 0.197499 0.980106 -0.000000 0.000000 0.000000 0.000000 1.000000
0.996815 0.079656 0.003836 0.000000 -0.077325 0.977175 -0.197865 10.181600 -0.019510 0.196938 0.980222 0.000000 0.000000 0.000000 0.000000 1.000000
0.996827 0.079507 0.003759 0.000000 -0.077207 0.977308 -0.197254 10.181600 -0.019357 0.196338 0.980345 0.000000 0.000000 0.000000 0.000000 1.000000
0.996840 0.079349 0.003677 0.000000 -0.077080 0.977447 -0.196609 10.181600 -0.019195 0.195705 0.980475 -0.000000 0.000000 0.000000 0.000000 1.000000
0.996854 0.079184 0.003587 -0.000000 -0.076949 0.977594 -0.195932 10.181600 -0.019021 0.195039 0.980611 0.000000 0.000000 0.000000 0.000000 1.000000
0.996868 0.079012 0.003507 0.000000 -0.076810 0.977746 -0.195228 10.181600 -0.018854 0.194347 0.980752 0.000000 0.000000 0.000000 0.000000 1.000000
0.996882 0.078833 0.003417 0.000000 -0.076665 0.977902 -0.194497 10.181600 -0.018675 0.193629 0.980897 0.000000 0.000000 0.000000 0.000000 1.000000
0.996897 0.078650 0.003327 -0.000000 -0.076518 0.978063 -0.193746 10.181600 -0.018492 0.192890 0.981046 0.000000 0.000000 0.000000 0.000000 1.000000
0.996912 0.078460 0.003226 -0.000000 -0.076365 0.978228 -0.192975 10.181600 -0.018297 0.192132 0.981198 0.000000 0.000000 0.000000 0.000000 1.000000
0.996927 0.078268 0.003130 0.000000 -0.076210 0.978395 -0.192188 10.181600 -0.018105 0.191359 0.981353 0.000000 0.000000 0.000000 0.000000 1.000000
0.996943 0.078075 0.003027 0.000000 -0.076054 0.978562 -0.191395 10.181600 -0.017906 0.190579 0.981509 0.000000 0.000000 0.000000 0.000000 1.000000
0.996959 0.077877 0.002927 0.000000 -0.075894 0.978732 -0.190588 10.181600 -0.017707 0.189787 0.981666 0.000000 0.000000 0.000000 0.000000 1.000000
0.996974 0.077678 0.002824 0.000000 -0.075733 0.978902 -0.189777 10.181600 -0.017506 0.188989 0.981823 0.000000 0.000000 0.000000 0.000000 1.000000
0.996990 0.077482 0.002717 0.000000 -0.075574 0.979071 -0.188969 10.181600 -0.017302 0.188195 0.981979 -0.000000 0.000000 0.000000 0.000000 1.000000
0.997006 0.077283 0.002624 0.000000 -0.075411 0.979240 -0.188157 10.181600 -0.017111 0.187396 0.982135 -0.000000 0.000000 0.000000 0.000000 1.000000
0.997021 0.077088 0.002527 0.000000 -0.075251 0.979406 -0.187355 10.181600 -0.016918 0.186607 0.982289 -0.000000 0.000000 0.000000 0.000000 1.000000
0.997036 0.076894 0.002415 0.000000 -0.075095 0.979570 -0.186558 10.181600 -0.016711 0.185824 0.982441 0.000000 0.000000 0.000000 0.000000 1.000000
0.997051 0.076701 0.002323 0.000000 -0.074936 0.979731 -0.185773 10.181600 -0.016525 0.185051 0.982590 -0.000000 0.000000 0.000000 0.000000 1.000000
0.997066 0.076514 0.002237 0.000000 -0.074780 0.979888 -0.185006 10.181600 -0.016347 0.184296 0.982735 -0.000000 0.000000 0.000000 0.000000 1.000000
0.997080 0.076330 0.002136 0.000000 -0.074631 0.980041 -0.184255 10.181600 -0.016157 0.183558 0.982876 0.000000 0.000000 0.000000 0.000000 1.000000
0.997094 0.076152 0.002049 0.000000 -0.074484 0.980189 -0.183527 10.181600 -0.015984 0.182841 0.983013 0.000000 0.000000 0.000000 0.000000 1.000000
0.997107 0.075980 0.001956 0.000000 -0.074343 0.980331 -0.182822 10.181600 -0.015808 0.182148 0.983144 0.000000 0.000000 0.000000 0.000000 1.000000
0.997120 0.075816 0.001874 0.000000 -0.074207 0.980467 -0.182149 10.181600 -0.015647 0.181485 0.983269 0.000000 0.000000 0.000000 0.000000 1.000000
0.997132 0.075660 0.001795 0.000000 -0.074078 0.980596 -0.181505 10.181600 -0.015493 0.180852 0.983388 0.000000 0.000000 0.000000 0.000000 1.000000
0.997144 0.075509 0.001720 0.000000 -0.073954 0.980718 -0.180894 10.181600 -0.015346 0.180250 0.983501 0.000000 0.000000 0.000000 0.000000 1.000000
0.997154 0.075371 0.001651 0.000000 -0.073839 0.980831 -0.180330 10.181600 -0.015211 0.179695 0.983605 -0.000000 0.000000 0.000000 0.000000 1.000000
0.997164 0.075244 0.001586 -0.000000 -0.073733 0.980936 -0.179801 10.181600 -0.015084 0.179174 0.983702 0.000000 0.000000 0.000000 0.000000 1.000000
0.997173 0.075125 0.001520 0.000000 -0.073636 0.981031 -0.179319 10.181600 -0.014963 0.178700 0.983790 0.000000 0.000000 0.000000 0.000000 1.000000
0.997181 0.075018 0.001461 -0.000000 -0.073548 0.981117 -0.178888 10.181600 -0.014853 0.178276 0.983868 -0.000000 0.000000 0.000000 0.000000 1.000000
