<?xml version="1.0" encoding="utf-8"?>
<COLLADA xmlns="http://www.collada.org/2005/11/COLLADASchema" version="1.4.1">
  <asset>
    <contributor>
      <author>Mixamo</author>
      <authoring_tool>COLLADA Mixamo exporter</authoring_tool>
      <comments/>
    </contributor>
    <created>2025-02-16T00:48:31Z</created>
    <modified>2025-02-16T00:48:31Z</modified>
    <revision/>
    <title/>
    <unit meter="0.010000"/>
    <up_axis>Y_UP</up_axis>
  </asset>
  <library_animations>
    <animation id="mixamorig_Hips-anim" name="mixamorig_Hips">
      <source id="mixamorig_Hips-Matrix-animation-input">
        <float_array id="mixamorig_Hips-Matrix-animation-input-array" count="45">

0.000000 0.033333 0.066667 0.100000 0.133333 0.166667 0.200000 0.233333 0.266667 0.300000 0.333333 0.366667 0.400000 0.433333 0.466667 0.500000
0.533333 0.566667 0.600000 0.633333 0.666667 0.700000 0.733333 0.766667 0.800000 0.833333 0.866667 0.900000 0.933333 0.966667 1.000000 1.033333
1.066667 1.100000 1.133333 1.166667 1.200000 1.233333 1.266667 1.300000 1.333333 1.366667 1.400000 1.433333 1.466667</float_array>
        <technique_common>
          <accessor source="#mixamorig_Hips-Matrix-animation-input-array" count="45">
            <param name="TIME" type="float"/>
          </accessor>
        </technique_common>
      </source>
      <source id="mixamorig_Hips-Matrix-animation-output-transform">
        <float_array id="mixamorig_Hips-Matrix-animation-output-transform-array" count="720">

0.467413 -0.083634 -0.880074 0.001307 0.029847 0.996440 -0.078840 94.048676 0.883535 0.010583 0.468245 0.002574 0.000000 0.000000 0.000000 1.000000
0.459852 -0.100131 -0.882332 0.078867 0.026594 0.994729 -0.099026 93.200508 0.887597 0.022072 0.460091 -0.013860 0.000000 0.000000 0.000000 1.000000
0.447686 -0.119664 -0.886148 0.285247 0.023077 0.992221 -0.122329 91.781876 0.893893 0.034316 0.446965 -0.109675 0.000000 0.000000 0.000000 1.000000
0.432691 -0.138982 -0.890765 0.488940 0.017222 0.989140 -0.145965 89.678131 0.901378 0.047817 0.430385 -0.213122 0.000000 0.000000 0.000000 1.000000
0.416818 -0.160520 -0.894705 0.808903 0.011045 0.985106 -0.171593 87.005051 0.908923 0.061641 0.412383 -0.366000 0.000000 0.000000 0.000000 1.000000
0.409510 -0.171306 -0.896078 1.288522 0.006395 0.982727 -0.184949 83.931900 0.912283 0.070008 0.403532 -0.464425 0.000000 0.000000 0.000000 1.000000
0.410376 -0.179861 -0.894003 1.554420 -0.003000 0.980085 -0.198557 80.892159 0.911911 0.084165 0.401664 -0.489694 0.000000 0.000000 0.000000 1.000000
0.421028 -0.166431 -0.891648 1.115944 0.015745 0.984215 -0.176275 79.787636 0.906911 0.060178 0.417003 -0.222345 0.000000 0.000000 0.000000 1.000000
0.418112 -0.141120 -0.897367 0.268508 0.034259 0.989606 -0.139663 81.197212 0.907749 0.027652 0.418601 0.361027 0.000000 0.000000 0.000000 1.000000
0.400286 -0.090762 -0.911885 -1.087770 0.041830 0.995856 -0.080758 85.355652 0.915435 -0.005818 0.402423 1.532173 0.000000 0.000000 0.000000 1.000000
0.386635 -0.032896 -0.921646 -3.112632 0.046920 0.998771 -0.015966 92.497658 0.921039 -0.037071 0.387703 3.012360 0.000000 0.000000 0.000000 1.000000
0.373125 0.004518 -0.927770 -5.598033 0.046863 0.998620 0.023710 101.455887 0.926597 -0.052325 0.372398 4.098039 0.000000 0.000000 0.000000 1.000000
0.348239 -0.025908 -0.937048 -6.641261 0.044640 0.998942 -0.011030 109.776566 0.936342 -0.037988 0.349027 4.071240 0.000000 0.000000 0.000000 1.000000
0.367049 -0.065229 -0.927912 -5.740521 0.048585 0.997521 -0.050904 117.120995 0.928932 -0.026398 0.369308 3.285531 0.000000 0.000000 0.000000 1.000000
0.400897 -0.035224 -0.915446 -3.479874 0.034153 0.999141 -0.023488 123.141457 0.915486 -0.021849 0.401756 2.111670 0.000000 0.000000 0.000000 1.000000
0.414076 -0.024248 -0.909919 -0.884391 0.027547 0.999521 -0.014100 127.494080 0.909825 -0.019228 0.414546 0.811097 0.000000 0.000000 0.000000 1.000000
0.434859 -0.060747 -0.898447 2.989663 0.037731 0.998075 -0.049221 129.835526 0.899708 -0.012495 0.436314 -1.110515 0.000000 0.000000 0.000000 1.000000
0.445878 -0.124721 -0.886362 5.990804 0.055723 0.992192 -0.111581 129.957596 0.893357 0.000361 0.449347 -2.999359 0.000000 0.000000 0.000000 1.000000
0.461232 -0.189087 -0.866897 8.702126 0.078306 0.981891 -0.172506 128.485901 0.883817 0.011682 0.467687 -4.270843 0.000000 0.000000 0.000000 1.000000
0.471845 -0.221671 -0.853361 9.738122 0.079146 0.974620 -0.209407 125.655685 0.878122 0.031267 0.477414 -4.407110 0.000000 0.000000 0.000000 1.000000
0.477956 -0.237547 -0.845653 9.548091 0.073062 0.970153 -0.231225 121.581543 0.875340 0.048730 0.481046 -3.862402 0.000000 0.000000 0.000000 1.000000
0.472933 -0.264873 -0.840343 7.830027 0.071402 0.962129 -0.263076 116.371513 0.878201 0.064415 0.473935 -2.596656 0.000000 0.000000 0.000000 1.000000
0.478991 -0.258196 -0.838989 4.384416 0.070651 0.964003 -0.256333 110.136223 0.874972 0.063505 0.479990 -0.407065 0.000000 0.000000 0.000000 1.000000
0.499724 -0.183154 -0.846599 1.449166 0.077716 0.982928 -0.166774 102.990105 0.862691 0.017547 0.505427 1.657847 0.000000 0.000000 0.000000 1.000000
0.517591 -0.085565 -0.851339 -0.028526 0.068856 0.995925 -0.058235 95.051323 0.852853 -0.028478 0.521374 2.896106 0.000000 0.000000 0.000000 1.000000
0.524876 -0.090274 -0.846378 1.373255 0.077715 0.995289 -0.057962 87.771866 0.847624 -0.035354 0.529419 2.638617 0.000000 0.000000 0.000000 1.000000
0.524578 -0.165915 -0.835039 4.054605 0.094456 0.986114 -0.136595 80.100273 0.846107 -0.007219 0.532965 1.151512 0.000000 0.000000 0.000000 1.000000
0.515988 -0.230735 -0.824935 6.272274 0.099465 0.972663 -0.209840 74.517738 0.850801 0.026223 0.524833 -0.343008 0.000000 0.000000 0.000000 1.000000
0.513856 -0.278397 -0.811448 7.446818 0.104031 0.959121 -0.263183 71.682716 0.851546 0.050823 0.521811 -1.155304 0.000000 0.000000 0.000000 1.000000
0.519671 -0.340280 -0.783678 8.131672 0.109176 0.936191 -0.334107 70.059746 0.847362 0.088067 0.523662 -1.817826 0.000000 0.000000 0.000000 1.000000
0.528798 -0.347590 -0.774309 8.684556 0.109546 0.932616 -0.343842 69.742271 0.841649 0.097001 0.531243 -2.392807 0.000000 0.000000 0.000000 1.000000
0.530732 -0.337885 -0.777275 8.761814 0.104367 0.936171 -0.335695 70.418854 0.841089 0.097043 0.532120 -2.429502 0.000000 0.000000 0.000000 1.000000
0.520645 -0.337430 -0.784264 8.273272 0.094310 0.935694 -0.339974 71.797401 0.848549 0.103041 0.518987 -2.180948 0.000000 0.000000 0.000000 1.000000
0.509676 -0.330083 -0.794529 7.468653 0.085349 0.938320 -0.335070 73.932083 0.856123 0.102965 0.506411 -1.778282 0.000000 0.000000 0.000000 1.000000
0.502871 -0.298140 -0.811316 6.566384 0.073710 0.950003 -0.303417 76.680161 0.861213 0.092777 0.499705 -1.332613 0.000000 0.000000 0.000000 1.000000
0.495104 -0.261254 -0.828625 5.592931 0.054676 0.961199 -0.270384 79.647102 0.867112 0.088562 0.490177 -0.903823 0.000000 0.000000 0.000000 1.000000
0.488431 -0.228928 -0.842037 4.563444 0.041222 0.969949 -0.239793 82.701706 0.871628 0.082411 0.483190 -0.585656 0.000000 0.000000 0.000000 1.000000
0.481823 -0.198103 -0.853582 3.525128 0.030022 0.977270 -0.209863 85.613861 0.875754 0.075490 0.476819 -0.338065 0.000000 0.000000 0.000000 1.000000
0.475750 -0.168221 -0.863345 2.592917 0.022508 0.983548 -0.179239 88.157227 0.879293 0.065841 0.471709 -0.093651 0.000000 0.000000 0.000000 1.000000
0.468981 -0.138265 -0.872319 1.733041 0.015296 0.988794 -0.148504 90.293816 0.883076 0.056303 0.465840 0.122099 0.000000 0.000000 0.000000 1.000000
0.461780 -0.116209 -0.879349 1.035932 0.010723 0.992039 -0.125470 91.893097 0.886929 0.048510 0.459351 0.241651 0.000000 0.000000 0.000000 1.000000
0.458301 -0.102976 -0.882812 0.620359 0.013078 0.993939 -0.109150 92.937149 0.888701 0.038478 0.456870 0.273773 0.000000 0.000000 0.000000 1.000000
0.463309 -0.088347 -0.881782 0.374270 0.017842 0.995747 -0.090390 93.593376 0.886017 0.026146 0.462915 0.176095 0.000000 0.000000 0.000000 1.000000
0.468020 -0.083469 -0.879767 0.180662 0.024678 0.996376 -0.081403 93.901741 0.883373 0.016387 0.468383 0.054749 0.000000 0.000000 0.000000 1.000000
0.467413 -0.083634 -0.880074 0.001303 0.029847 0.996440 -0.078840 94.048676 0.883535 0.010583 0.468245 0.002569 0.000000 0.000000 0.000000 1.000000</float_array>
        <technique_common>
          <accessor source="#mixamorig_Hips-Matrix-animation-output-transform-array" count="45" stride="16">
            <param type="float4x4"/>
          </accessor>
        </technique_common>
      </source>
      <source id="mixamorig_Hips-Interpolations">
        <Name_array id="mixamorig_Hips-Interpolations-array" count="45">
 LINEAR LINEAR LINEAR LINEAR LINEAR LINEAR LINEAR LINEAR LINEAR LINEAR LINEAR
LINEAR LINEAR LINEAR LINEAR LINEAR LINEAR LINEAR LINEAR LINEAR LINEAR LINEAR LINEAR
LINEAR LINEAR LINEAR LINEAR LINEAR LINEAR LINEAR LINEAR LINEAR LINEAR LINEAR LINEAR
LINEAR LINEAR LINEAR LINEAR LINEAR LINEAR LINEAR LINEAR LINEAR LINEAR</Name_array>
        <technique_common>
          <accessor source="#mixamorig_Hips-Interpolations-array" count="45">
            <param type="name"/>
          </accessor>
        </technique_common>
      </source>
      <sampler id="mixamorig_Hips-Matrix-animation-transform">
        <input semantic="INPUT" source="#mixamorig_Hips-Matrix-animation-input"/>
        <input semantic="OUTPUT" source="#mixamorig_Hips-Matrix-animation-output-transform"/>
        <input semantic="INTERPOLATION" source="#mixamorig_Hips-Interpolations"/>
      </sampler>
      <channel source="#mixamorig_Hips-Matrix-animation-transform" target="mixamorig_Hips/matrix"/>
    </animation>
    <animation id="mixamorig_Spine-anim" name="mixamorig_Spine">
      <source id="mixamorig_Spine-Matrix-animation-input">
        <float_array id="mixamorig_Spine-Matrix-animation-input-array" count="45">

0.000000 0.033333 0.066667 0.100000 0.133333 0.166667 0.200000 0.233333 0.266667 0.300000 0.333333 0.366667 0.400000 0.433333 0.466667 0.500000
0.533333 0.566667 0.600000 0.633333 0.666667 0.700000 0.733333 0.766667 0.800000 0.833333 0.866667 0.900000 0.933333 0.966667 1.000000 1.033333
1.066667 1.100000 1.133333 1.166667 1.200000 1.233333 1.266667 1.300000 1.333333 1.366667 1.400000 1.433333 1.466667</float_array>
        <technique_common>
          <accessor source="#mixamorig_Spine-Matrix-animation-input-array" count="45">
            <param name="TIME" type="float"/>
          </accessor>
        </technique_common>
      </source>
      <source id="mixamorig_Spine-Matrix-animation-output-transform">
        <float_array id="mixamorig_Spine-Matrix-animation-output-transform-array" count="720">

0.997196 0.074819 0.001306 0.000000 -0.073399 0.981373 -0.177536 10.181600 -0.014565 0.176943 0.984113 -0.000000 0.000000 0.000000 0.000000 1.000000
0.997466 0.070978 0.004809 0.000000 -0.068829 0.979933 -0.187067 10.181600 -0.017990 0.186262 0.982335 -0.000000 0.000000 0.000000 0.000000 1.000000
0.997778 0.066098 0.008321 0.000000 -0.063103 0.977753 -0.200044 10.181600 -0.021359 0.199075 0.979751 0.000000 0.000000 0.000000 0.000000 1.000000
0.997981 0.062194 0.012889 0.000000 -0.057985 0.974949 -0.214739 10.181600 -0.025922 0.213558 0.976586 0.000000 0.000000 0.000000 0.000000 1.000000
0.998288 0.055773 0.017645 0.000000 -0.050286 0.972296 -0.228279 10.181600 -0.029888 0.227001 0.973436 -0.000000 0.000000 0.000000 0.000000 1.000000
0.998954 0.040679 0.020861 0.000000 -0.034143 0.967313 -0.251277 10.181600 -0.030401 0.250302 0.967691 0.000000 0.000000 0.000000 0.000000 1.000000
0.999379 0.024725 0.025111 0.000000 -0.017637 0.967817 -0.251038 10.181600 -0.030509 0.250439 0.967652 0.000000 0.000000 0.000000 0.000000 1.000000
0.999273 0.031752 0.021081 0.000000 -0.025040 0.963937 -0.264951 10.181600 -0.028733 0.264231 0.964031 0.000000 0.000000 0.000000 0.000000 1.000000
0.999183 0.033427 0.022722 -0.000000 -0.026305 0.964616 -0.262343 10.181600 -0.030687 0.261531 0.964707 0.000000 0.000000 0.000000 0.000000 1.000000
0.999399 0.018832 0.029102 0.000000 -0.011137 0.969487 -0.244891 10.181600 -0.032825 0.244420 0.969114 0.000000 0.000000 0.000000 0.000000 1.000000
0.999505 0.000103 0.031474 0.000000 0.006238 0.979503 -0.201332 10.181600 -0.030849 0.201428 0.979017 0.000000 0.000000 0.000000 0.000000 1.000000
0.999381 0.000788 0.035173 0.000000 0.003329 0.993149 -0.116809 10.181600 -0.035024 0.116854 0.992531 0.000000 0.000000 0.000000 0.000000 1.000000
0.998545 0.032291 0.043192 0.000000 -0.031158 0.999159 -0.026636 10.181600 -0.044015 0.025252 0.998712 0.000000 0.000000 0.000000 0.000000 1.000000
0.995332 0.088163 0.039255 0.000000 -0.087346 0.995934 -0.022047 10.181600 -0.041039 0.018516 0.998986 0.000000 0.000000 0.000000 0.000000 1.000000
0.996570 0.078573 0.025962 0.000000 -0.075063 0.990402 -0.116054 10.181600 -0.034832 0.113708 0.992903 0.000000 0.000000 0.000000 0.000000 1.000000
0.995583 0.092788 0.014344 -0.000000 -0.086508 0.965919 -0.243961 10.181600 -0.036492 0.241643 0.969679 0.000000 0.000000 0.000000 0.000000 1.000000
0.990875 0.134687 -0.005055 0.000000 -0.124983 0.904147 -0.408531 10.181600 -0.050453 0.405435 0.912731 0.000000 0.000000 0.000000 0.000000 1.000000
0.984874 0.171808 -0.022497 0.000000 -0.159458 0.847864 -0.505667 10.181600 -0.067803 0.501606 0.862435 0.000000 0.000000 0.000000 0.000000 1.000000
0.982013 0.185576 -0.034814 0.000000 -0.170568 0.792838 -0.585077 10.181600 -0.080974 0.580491 0.810230 -0.000000 0.000000 0.000000 0.000000 1.000000
0.985992 0.164629 -0.026789 -0.000000 -0.147543 0.785960 -0.600415 10.181600 -0.077791 0.595957 0.799240 0.000000 0.000000 0.000000 0.000000 1.000000
0.990759 0.134802 -0.014978 0.000000 -0.119555 0.815829 -0.565800 10.181600 -0.064051 0.562362 0.824407 0.000000 0.000000 0.000000 0.000000 1.000000
0.993658 0.112426 -0.001988 0.000000 -0.101883 0.892719 -0.438944 10.181600 -0.047574 0.436363 0.898512 0.000000 0.000000 0.000000 0.000000 1.000000
0.996940 0.077530 0.010031 0.000000 -0.072851 0.967896 -0.240560 10.181600 -0.028360 0.239093 0.970582 0.000000 0.000000 0.000000 0.000000 1.000000
0.997898 0.063477 0.013056 0.000000 -0.060362 0.983730 -0.169207 10.181600 -0.023584 0.168064 0.985494 -0.000000 0.000000 0.000000 0.000000 1.000000
0.998591 0.051343 0.013383 0.000000 -0.047403 0.976622 -0.209672 10.181600 -0.023835 0.208742 0.977680 0.000000 0.000000 0.000000 0.000000 1.000000
0.998685 0.048651 0.016137 0.000000 -0.042328 0.960321 -0.275666 10.181600 -0.028908 0.274621 0.961118 0.000000 0.000000 0.000000 0.000000 1.000000
0.997772 0.064882 0.015554 0.000000 -0.056420 0.944919 -0.322406 10.181600 -0.035616 0.320810 0.946474 -0.000000 0.000000 0.000000 0.000000 1.000000
0.996376 0.083926 0.013846 0.000000 -0.073205 0.928958 -0.362875 10.181600 -0.043317 0.360546 0.931735 0.000000 0.000000 0.000000 0.000000 1.000000
0.995146 0.098130 0.007457 0.000000 -0.087591 0.917711 -0.387472 10.181600 -0.044866 0.384938 0.921851 0.000000 0.000000 0.000000 0.000000 1.000000
0.994038 0.108994 0.002963 0.000000 -0.100138 0.923350 -0.370672 10.181600 -0.043137 0.368166 0.928759 0.000000 0.000000 0.000000 0.000000 1.000000
0.992875 0.118976 -0.006601 0.000000 -0.111627 0.909302 -0.400885 10.181600 -0.041693 0.398765 0.916105 0.000000 0.000000 0.000000 0.000000 1.000000
0.992350 0.122853 -0.012217 0.000000 -0.116893 0.903125 -0.413160 10.181600 -0.039724 0.411427 0.910576 0.000000 0.000000 0.000000 0.000000 1.000000
0.991782 0.127550 -0.009950 0.000000 -0.121872 0.918235 -0.376818 10.181600 -0.038927 0.374934 0.926234 0.000000 0.000000 0.000000 0.000000 1.000000
0.991687 0.128466 -0.007336 0.000000 -0.123675 0.935863 -0.329948 10.181600 -0.035522 0.328112 0.943971 0.000000 0.000000 0.000000 0.000000 1.000000
0.992312 0.123513 -0.007835 -0.000000 -0.119932 0.944055 -0.307208 10.181600 -0.030547 0.305786 0.951610 0.000000 0.000000 0.000000 0.000000 1.000000
0.993840 0.110743 -0.004299 0.000000 -0.107343 0.952228 -0.285902 10.181600 -0.027568 0.284602 0.958249 0.000000 0.000000 0.000000 0.000000 1.000000
0.994384 0.105814 -0.001766 -0.000000 -0.102569 0.959516 -0.262313 10.181600 -0.026062 0.261021 0.964981 -0.000000 0.000000 0.000000 0.000000 1.000000
0.994784 0.101986 0.001958 0.000000 -0.098629 0.966581 -0.236629 10.181600 -0.026025 0.235201 0.971598 0.000000 0.000000 0.000000 0.000000 1.000000
0.995690 0.092710 0.002661 0.000000 -0.089935 0.972105 -0.216620 10.181600 -0.022669 0.215447 0.976252 0.000000 0.000000 0.000000 0.000000 1.000000
0.996433 0.084291 0.004120 -0.000000 -0.081731 0.976027 -0.201720 10.181600 -0.021024 0.200664 0.979435 0.000000 0.000000 0.000000 0.000000 1.000000
0.997018 0.076961 0.005614 0.000000 -0.074548 0.979438 -0.187466 10.181600 -0.019926 0.186488 0.982255 0.000000 0.000000 0.000000 0.000000 1.000000
0.997315 0.073056 0.004984 0.000000 -0.070967 0.981082 -0.180114 10.181600 -0.018048 0.179277 0.983633 0.000000 0.000000 0.000000 0.000000 1.000000
0.997275 0.073697 0.003277 0.000000 -0.071808 0.979971 -0.185742 10.181600 -0.016900 0.185001 0.982593 -0.000000 0.000000 0.000000 0.000000 1.000000
0.997196 0.074813 0.001609 0.000000 -0.073222 0.979982 -0.185131 10.181600 -0.015427 0.184494 0.982712 0.000000 0.000000 0.000000 0.000000 1.000000
0.997196 0.074819 0.001307 0.000000 -0.073399 0.981373 -0.177535 10.181600 -0.014566 0.176941 0.984114 0.000000 0.000000 0.000000 0.000000 1.000000</float_array>
        <technique_common>
          <accessor source="#mixamorig_Spine-Matrix-animation-output-transform-array" count="45" stride="16">
            <param type="float4x4"/>
          </accessor>
        </technique_common>
      </source>
      <source id="mixamorig_Spine-Interpolations">
        <Name_array id="mixamorig_Spine-Interpolations-array" count="45">
 LINEAR LINEAR LINEAR LINEAR LINEAR LINEAR LINEAR LINEAR LINEAR LINEAR LINEAR
LINEAR LINEAR LINEAR LINEAR LINEAR LINEAR LINEAR LINEAR LINEAR LINEAR LINEAR LINEAR
LINEAR LINEAR LINEAR LINEAR LINEAR LINEAR LINEAR LINEAR LINEAR LINEAR LINEAR LINEAR
LINEAR LINEAR LINEAR LINEAR LINEAR LINEAR LINEAR LINEAR LINEAR LINEAR</Name_array>
        <technique_common>
          <accessor source="#mixamorig_Spine-Interpolations-array" count="45">
            <param type="name"/>
          </accessor>
        </technique_common>
      </source>
      <sampler id="mixamorig_Spine-Matrix-animation-transform">
        <input semantic="INPUT" source="#mixamorig_Spine-Matrix-animation-input"/>
        <input semantic="OUTPUT" source="#mixamorig_Spine-Matrix-animation-output-transform"/>
        <input semantic="INTERPOLATION" source="#mixamorig_Spine-Interpolations"/>
      </sampler>
      <channel source="#mixamorig_Spine-Matrix-animation-transform" target="mixamorig_Spine/matrix"/>
    </animation>
    <animation id="mixamorig_Spine1-anim" name="mixamorig_Spine1">
      <source id="mixamorig_Spine1-Matrix-animation-input">
        <float_array id="mixamorig_Spine1-Matrix-animation-input-array" count="45">

0.000000 0.033333 0.066667 0.100000 0.133333 0.166667 0.200000 0.233333 0.266667 0.300000 0.333333 0.366667 0.400000 0.433333 0.466667 0.500000
0.533333 0.566667 0.600000 0.633333 0.666667 0.700000 0.733333 0.766667 0.800000 0.833333 0.866667 0.900000 0.933333 0.966667 1.000000 1.033333
1.066667 1.100000 1.133333 1.166667 1.200000 1.233333 1.266667 1.300000 1.333333 1.366667 1.400000 1.433333 1.466667</float_array>
        <technique_common>
          <accessor source="#mixamorig_Spine1-Matrix-animation-input-array" count="45">
            <param name="TIME" type="float"/>
          </accessor>
        </technique_common>
      </source>
      <source id="mixamorig_Spine1-Matrix-animation-output-transform">
        <float_array id="mixamorig_Spine1-Matrix-animation-output-transform-array" count="720">

0.998759 0.046851 0.016878 0.000000 -0.046137 0.998115 -0.040478 10.133000 -0.018743 0.039649 0.999038 -0.000000 0.000000 0.000000 0.000000 1.000000
0.998777 0.044717 0.021077 0.000000 -0.043938 0.998383 -0.036058 10.133000 -0.022655 0.035088 0.999127 0.000000 0.000000 0.000000 0.000000 1.000000
0.998719 0.043896 0.025184 -0.000000 -0.043072 0.998547 -0.032392 10.133000 -0.026569 0.031266 0.999158 -0.000000 0.000000 0.000000 0.000000 1.000000
0.998762 0.039939 0.029639 0.000000 -0.038993 0.998732 -0.031833 10.133000 -0.030873 0.030638 0.999054 0.000000 0.000000 0.000000 0.000000 1.000000
0.998762 0.036587 0.033703 0.000000 -0.035579 0.998916 -0.030032 10.133000 -0.034765 0.028796 0.998981 0.000000 0.000000 0.000000 0.000000 1.000000
0.998791 0.035490 0.034005 -0.000000 -0.034848 0.999206 -0.019307 10.133000 -0.034663 0.018099 0.999235 0.000000 0.000000 0.000000 0.000000 1.000000
0.999172 0.026057 0.031261 0.000000 -0.025451 0.999483 -0.019644 10.133000 -0.031757 0.018833 0.999318 0.000000 0.000000 0.000000 0.000000 1.000000
0.999469 0.020900 0.024988 -0.000000 -0.020580 0.999704 -0.012991 10.133000 -0.025253 0.012470 0.999603 0.000000 0.000000 0.000000 0.000000 1.000000
0.999071 0.029428 0.031486 0.000000 -0.029106 0.999520 -0.010617 10.133000 -0.031783 0.009690 0.999448 0.000000 0.000000 0.000000 0.000000 1.000000
0.998228 0.042850 0.041286 0.000000 -0.041998 0.998891 -0.021291 10.133000 -0.042152 0.019520 0.998921 -0.000000 0.000000 0.000000 0.000000 1.000000
0.997279 0.057686 0.045911 -0.000000 -0.055595 0.997413 -0.045577 10.133000 -0.048422 0.042901 0.997905 0.000000 0.000000 0.000000 0.000000 1.000000
0.996757 0.060419 0.053158 0.000000 -0.056237 0.995449 -0.076927 10.133000 -0.057564 0.073688 0.995619 0.000000 0.000000 0.000000 0.000000 1.000000
0.995868 0.060246 0.067958 0.000000 -0.053883 0.994313 -0.091861 10.133000 -0.073105 0.087820 0.993450 0.000000 0.000000 0.000000 0.000000 1.000000
0.996827 0.046864 0.064340 0.000000 -0.040376 0.994301 -0.098666 10.133000 -0.068597 0.095755 0.993038 0.000000 0.000000 0.000000 0.000000 1.000000
0.997924 0.047326 0.043685 0.000000 -0.041339 0.990779 -0.129031 10.133000 -0.049389 0.126957 0.990678 0.000000 0.000000 0.000000 0.000000 1.000000
0.998508 0.041218 0.035804 0.000000 -0.036633 0.992045 -0.120433 10.133000 -0.040484 0.118942 0.992076 0.000000 0.000000 0.000000 0.000000 1.000000
0.999275 0.021669 0.031308 -0.000000 -0.019681 0.997854 -0.062453 10.133000 -0.032595 0.061791 0.997557 -0.000000 0.000000 0.000000 0.000000 1.000000
0.999390 0.009348 0.033644 0.000000 -0.008741 0.999797 -0.018142 10.133000 -0.033807 0.017837 0.999269 -0.000000 0.000000 0.000000 0.000000 1.000000
0.999334 0.000347 0.036479 0.000000 -0.001596 0.999412 0.034241 10.133000 -0.036445 -0.034276 0.998748 -0.000000 0.000000 0.000000 0.000000 1.000000
0.999227 0.002347 0.039252 0.000000 -0.004168 0.998915 0.046376 10.133000 -0.039101 -0.046503 0.998153 -0.000000 0.000000 0.000000 0.000000 1.000000
0.999230 0.010306 0.037868 -0.000000 -0.011641 0.999312 0.035206 10.133000 -0.037480 -0.035620 0.998662 -0.000000 0.000000 0.000000 0.000000 1.000000
0.999147 0.020520 0.035830 0.000000 -0.020542 0.999789 0.000257 10.133000 -0.035817 -0.000993 0.999358 -0.000000 0.000000 0.000000 0.000000 1.000000
0.999000 0.034023 0.029007 -0.000000 -0.032047 0.997300 -0.066074 10.133000 -0.031177 0.065079 0.997393 0.000000 0.000000 0.000000 0.000000 1.000000
0.998969 0.037756 0.025224 0.000000 -0.034972 0.994073 -0.102933 10.133000 -0.028960 0.101945 0.994368 0.000000 0.000000 0.000000 0.000000 1.000000
0.998832 0.039915 0.027214 0.000000 -0.037176 0.994819 -0.094624 10.133000 -0.030850 0.093502 0.995141 0.000000 0.000000 0.000000 0.000000 1.000000
0.998638 0.039177 0.034445 0.000000 -0.037355 0.997945 -0.052056 10.133000 -0.036414 0.050698 0.998050 0.000000 0.000000 0.000000 0.000000 1.000000
0.998556 0.035698 0.040133 0.000000 -0.035232 0.999304 -0.012269 10.133000 -0.040543 0.010837 0.999119 0.000000 0.000000 0.000000 0.000000 1.000000
0.998283 0.034294 0.047483 0.000000 -0.034615 0.999383 0.005963 10.133000 -0.047249 -0.007597 0.998854 0.000000 0.000000 0.000000 0.000000 1.000000
0.998160 0.035898 0.048865 0.000000 -0.036850 0.999146 0.018710 10.133000 -0.048151 -0.020476 0.998630 0.000000 0.000000 0.000000 0.000000 1.000000
0.998722 0.027622 0.042328 0.000000 -0.028961 0.999088 0.031363 10.133000 -0.041423 -0.032549 0.998611 -0.000000 0.000000 0.000000 0.000000 1.000000
0.999138 0.023205 0.034410 -0.000000 -0.024595 0.998876 0.040515 10.133000 -0.033431 -0.041326 0.998586 0.000000 0.000000 0.000000 0.000000 1.000000
0.999246 0.023750 0.030728 0.000000 -0.025072 0.998745 0.043354 10.133000 -0.029660 -0.044092 0.998587 0.000000 0.000000 0.000000 0.000000 1.000000
0.999234 0.023414 0.031344 -0.000000 -0.024520 0.999074 0.035360 10.133000 -0.030487 -0.036102 0.998883 0.000000 0.000000 0.000000 0.000000 1.000000
0.999201 0.025811 0.030513 0.000000 -0.026551 0.999357 0.024087 10.133000 -0.029871 -0.024878 0.999244 0.000000 0.000000 0.000000 0.000000 1.000000
0.999197 0.029786 0.026809 0.000000 -0.030196 0.999431 0.015050 10.133000 -0.026345 -0.015848 0.999527 0.000000 0.000000 0.000000 0.000000 1.000000
0.999123 0.032763 0.026083 0.000000 -0.032945 0.999436 0.006564 10.133000 -0.025854 -0.007418 0.999638 -0.000000 0.000000 0.000000 0.000000 1.000000
0.999129 0.033238 0.025216 -0.000000 -0.033204 0.999447 -0.001776 10.133000 -0.025261 0.000937 0.999680 0.000000 0.000000 0.000000 0.000000 1.000000
0.999153 0.032554 0.025174 0.000000 -0.032242 0.999399 -0.012705 10.133000 -0.025572 0.011882 0.999602 0.000000 0.000000 0.000000 0.000000 1.000000
0.999042 0.037121 0.023179 0.000000 -0.036621 0.999095 -0.021636 10.133000 -0.023961 0.020767 0.999497 -0.000000 0.000000 0.000000 0.000000 1.000000
0.998945 0.040071 0.022447 0.000000 -0.039390 0.998773 -0.030020 10.133000 -0.023623 0.029104 0.999297 0.000000 0.000000 0.000000 0.000000 1.000000
0.998810 0.043170 0.022704 0.000000 -0.042328 0.998442 -0.036371 10.133000 -0.024239 0.035366 0.999080 0.000000 0.000000 0.000000 0.000000 1.000000
0.998764 0.045054 0.020994 0.000000 -0.044229 0.998289 -0.038237 10.133000 -0.022681 0.037261 0.999048 0.000000 0.000000 0.000000 0.000000 1.000000
0.998817 0.044820 0.018888 0.000000 -0.044041 0.998236 -0.039807 10.133000 -0.020639 0.038928 0.999029 0.000000 0.000000 0.000000 0.000000 1.000000
0.998804 0.045769 0.017222 -0.000000 -0.045053 0.998188 -0.039886 10.133000 -0.019016 0.039062 0.999056 -0.000000 0.000000 0.000000 0.000000 1.000000
0.998759 0.046851 0.016878 0.000000 -0.046137 0.998115 -0.040478 10.133000 -0.018743 0.039649 0.999038 -0.000000 0.000000 0.000000 0.000000 1.000000</float_array>
        <technique_common>
          <accessor source="#mixamorig_Spine1-Matrix-animation-output-transform-array" count="45" stride="16">
            <param type="float4x4"/>
          </accessor>
        </technique_common>
      </source>
      <source id="mixamorig_Spine1-Interpolations">
        <Name_array id="mixamorig_Spine1-Interpolations-array" count="45">
 LINEAR LINEAR LINEAR LINEAR LINEAR LINEAR LINEAR LINEAR LINEAR LINEAR LINEAR
LINEAR LINEAR LINEAR LINEAR LINEAR LINEAR LINEAR LINEAR LINEAR LINEAR LINEAR LINEAR
LINEAR LINEAR LINEAR LINEAR LINEAR LINEAR LINEAR LINEAR LINEAR LINEAR LINEAR LINEAR
LINEAR LINEAR LINEAR LINEAR LINEAR LINEAR LINEAR LINEAR LINEAR LINEAR</Name_array>
        <technique_common>
          <accessor source="#mixamorig_Spine1-Interpolations-array" count="45">
            <param type="name"/>
          </accessor>
        </technique_common>
      </source>
      <sampler id="mixamorig_Spine1-Matrix-animation-transform">
        <input semantic="INPUT" source="#mixamorig_Spine1-Matrix-animation-input"/>
        <input semantic="OUTPUT" source="#mixamorig_Spine1-Matrix-animation-output-transform"/>
        <input semantic="INTERPOLATION" source="#mixamorig_Spine1-Interpolations"/>
      </sampler>
      <channel source="#mixamorig_Spine1-Matrix-animation-transform" target="mixamorig_Spine1/matrix"/>
    </animation>
    <animation id="mixamorig_Spine2-anim" name="mixamorig_Spine2">
      <source id="mixamorig_Spine2-Matrix-animation-input">
        <float_array id="mixamorig_Spine2-Matrix-animation-input-array" count="45">

0.000000 0.033333 0.066667 0.100000 0.133333 0.166667 0.200000 0.233333 0.266667 0.300000 0.333333 0.366667 0.400000 0.433333 0.466667 0.500000
0.533333 0.566667 0.600000 0.633333 0.666667 0.700000 0.733333 0.766667 0.800000 0.833333 0.866667 0.900000 0.933333 0.966667 1.000000 1.033333
1.066667 1.100000 1.133333 1.166667 1.200000 1.233333 1.266667 1.300000 1.333333 1.366667 1.400000 1.433333 1.466667</float_array>
        <technique_common>
          <accessor source="#mixamorig_Spine2-Matrix-animation-input-array" count="45">
            <param name="TIME" type="float"/>
          </accessor>
        </technique_common>
      </source>
      <source id="mixamorig_Spine2-Matrix-animation-output-transform">
        <float_array id="mixamorig_Spine2-Matrix-animation-output-transform-array" count="720">

0.998690 0.047632 0.018674 -0.000000 -0.045569 0.994087 -0.098558 9.203100 -0.023259 0.097578 0.994956 -0.000000 0.000000 0.000000 0.000000 1.000000
0.998687 0.045809 0.022951 0.000000 -0.043461 0.994620 -0.094037 9.203100 -0.027135 0.092916 0.995304 0.000000 0.000000 0.000000 0.000000 1.000000
0.998606 0.045305 0.027069 -0.000000 -0.042694 0.995002 -0.090269 9.203100 -0.031023 0.088987 0.995549 0.000000 0.000000 0.000000 0.000000 1.000000
0.998616 0.041782 0.031943 -0.000000 -0.038773 0.995222 -0.089612 9.203100 -0.035534 0.088250 0.995464 0.000000 0.000000 0.000000 0.000000 1.000000
0.998578 0.038887 0.036457 0.000000 -0.035565 0.995510 -0.087720 9.203100 -0.039704 0.086299 0.995478 0.000000 0.000000 0.000000 0.000000 1.000000
0.998597 0.037766 0.037119 0.000000 -0.034823 0.996426 -0.076952 9.203100 -0.039892 0.075552 0.996344 0.000000 0.000000 0.000000 0.000000 1.000000
0.998961 0.028075 0.035902 0.000000 -0.025236 0.996695 -0.077220 9.203100 -0.037951 0.076234 0.996367 0.000000 0.000000 0.000000 0.000000 1.000000
0.999299 0.021984 0.030307 0.000000 -0.019797 0.997303 -0.070681 9.203100 -0.031779 0.070031 0.997038 0.000000 0.000000 0.000000 0.000000 1.000000
0.998870 0.031406 0.035662 -0.000000 -0.028918 0.997250 -0.068240 9.203100 -0.037707 0.067132 0.997031 0.000000 0.000000 0.000000 0.000000 1.000000
0.997952 0.046285 0.044152 0.000000 -0.042706 0.995974 -0.078811 9.203100 -0.047622 0.076764 0.995911 0.000000 0.000000 0.000000 0.000000 1.000000
0.996964 0.061777 0.047405 0.000000 -0.056636 0.993063 -0.103049 9.203100 -0.053443 0.100052 0.993546 0.000000 0.000000 0.000000 0.000000 1.000000
0.996380 0.065137 0.054633 0.000000 -0.057309 0.989282 -0.134304 9.203100 -0.062795 0.130686 0.989433 0.000000 0.000000 0.000000 0.000000 1.000000
0.995400 0.065581 0.069836 0.000000 -0.054595 0.987330 -0.148996 9.203100 -0.078722 0.144498 0.986369 0.000000 0.000000 0.000000 0.000000 1.000000
0.996382 0.052047 0.067182 0.000000 -0.041088 0.987015 -0.155282 9.203100 -0.074391 0.151959 0.985583 0.000000 0.000000 0.000000 0.000000 1.000000
0.997550 0.051578 0.047262 -0.000000 -0.041952 0.981681 -0.185855 9.203100 -0.055982 0.183417 0.981440 0.000000 0.000000 0.000000 0.000000 1.000000
0.998215 0.044474 0.039849 0.000000 -0.036729 0.983432 -0.177515 9.203100 -0.047083 0.175735 0.983311 0.000000 0.000000 0.000000 0.000000 1.000000
0.999057 0.023103 0.036751 -0.000000 -0.018526 0.992559 -0.120344 9.203100 -0.039258 0.119549 0.992052 0.000000 0.000000 0.000000 0.000000 1.000000
0.999178 0.010344 0.039191 -0.000000 -0.007328 0.997056 -0.076321 9.203100 -0.039865 0.075971 0.996313 0.000000 0.000000 0.000000 0.000000 1.000000
0.999136 0.001467 0.041535 0.000000 -0.000475 0.999715 -0.023885 9.203100 -0.041559 0.023844 0.998852 0.000000 0.000000 0.000000 0.000000 1.000000
0.999008 0.004263 0.044317 -0.000000 -0.003760 0.999928 -0.011418 9.203100 -0.044362 0.011240 0.998952 0.000000 0.000000 0.000000 0.000000 1.000000
0.999016 0.012093 0.042662 -0.000000 -0.011138 0.999684 -0.022536 9.203100 -0.042921 0.022039 0.998835 -0.000000 0.000000 0.000000 0.000000 1.000000
0.998953 0.022478 0.039843 -0.000000 -0.020167 0.998142 -0.057489 9.203100 -0.041061 0.056626 0.997551 0.000000 0.000000 0.000000 0.000000 1.000000
0.998801 0.036310 0.032833 0.000000 -0.031993 0.991814 -0.123617 9.203100 -0.037053 0.122419 0.991787 0.000000 0.000000 0.000000 0.000000 1.000000
0.998748 0.040382 0.029541 0.000000 -0.035146 0.986454 -0.160226 9.203100 -0.035612 0.158987 0.986638 0.000000 0.000000 0.000000 0.000000 1.000000
0.998614 0.042408 0.031176 0.000000 -0.037205 0.987708 -0.151815 9.203100 -0.037231 0.150445 0.987917 -0.000000 0.000000 0.000000 0.000000 1.000000
0.998393 0.042120 0.037918 -0.000000 -0.037754 0.993292 -0.109294 9.203100 -0.042267 0.107687 0.993286 0.000000 0.000000 0.000000 0.000000 1.000000
0.998295 0.039312 0.043142 -0.000000 -0.036252 0.996919 -0.069552 9.203100 -0.045743 0.067869 0.996645 0.000000 0.000000 0.000000 0.000000 1.000000
0.997989 0.039286 0.049741 0.000000 -0.036736 0.998014 -0.051173 9.203100 -0.051652 0.049243 0.997450 0.000000 0.000000 0.000000 0.000000 1.000000
0.997914 0.041027 0.049843 0.000000 -0.039132 0.998495 -0.038417 9.203100 -0.051344 0.036386 0.998018 0.000000 0.000000 0.000000 0.000000 1.000000
0.998543 0.031363 0.043900 -0.000000 -0.030240 0.999204 -0.026016 9.203100 -0.044681 0.024651 0.998697 -0.000000 0.000000 0.000000 0.000000 1.000000
0.999029 0.025046 0.036254 -0.000000 -0.024431 0.999552 -0.017300 9.203100 -0.036671 0.016397 0.999193 0.000000 0.000000 0.000000 0.000000 1.000000
0.999179 0.024602 0.032184 -0.000000 -0.024138 0.999600 -0.014711 9.203100 -0.032533 0.013922 0.999374 -0.000000 0.000000 0.000000 0.000000 1.000000
0.999161 0.024640 0.032705 0.000000 -0.023904 0.999456 -0.022711 9.203100 -0.033247 0.021910 0.999207 0.000000 0.000000 0.000000 0.000000 1.000000
0.999131 0.027188 0.031589 -0.000000 -0.026111 0.999079 -0.034045 9.203100 -0.032485 0.033191 0.998921 0.000000 0.000000 0.000000 0.000000 1.000000
0.999149 0.030590 0.027672 0.000000 -0.029376 0.998632 -0.043260 9.203100 -0.028957 0.042410 0.998681 0.000000 0.000000 0.000000 0.000000 1.000000
0.999064 0.033656 0.027170 0.000000 -0.032220 0.998146 -0.051641 9.203100 -0.028858 0.050717 0.998296 0.000000 0.000000 0.000000 0.000000 1.000000
0.999059 0.034223 0.026654 0.000000 -0.032576 0.997669 -0.059962 9.203100 -0.028644 0.059038 0.997845 0.000000 0.000000 0.000000 0.000000 1.000000
0.999055 0.033856 0.027247 -0.000000 -0.031854 0.996980 -0.070822 9.203100 -0.029563 0.069887 0.997117 0.000000 0.000000 0.000000 0.000000 1.000000
0.998948 0.038336 0.025168 -0.000000 -0.036221 0.996159 -0.079723 9.203100 -0.028128 0.078728 0.996499 -0.000000 0.000000 0.000000 0.000000 1.000000
0.998841 0.041394 0.024552 0.000000 -0.039086 0.995352 -0.088011 9.203100 -0.028081 0.086949 0.995817 0.000000 0.000000 0.000000 0.000000 1.000000
0.998692 0.044736 0.024746 -0.000000 -0.042220 0.994655 -0.094232 9.203100 -0.028829 0.093064 0.995243 0.000000 0.000000 0.000000 0.000000 1.000000
0.998657 0.046443 0.022964 -0.000000 -0.044035 0.994395 -0.096120 9.203100 -0.027300 0.094980 0.995105 0.000000 0.000000 0.000000 0.000000 1.000000
0.998728 0.045841 0.021011 -0.000000 -0.043579 0.994252 -0.097790 9.203100 -0.025374 0.096750 0.994985 0.000000 0.000000 0.000000 0.000000 1.000000
0.998733 0.046524 0.019204 0.000000 -0.044430 0.994198 -0.097959 9.203100 -0.023650 0.096982 0.995005 0.000000 0.000000 0.000000 0.000000 1.000000
0.998690 0.047632 0.018674 0.000000 -0.045569 0.994087 -0.098558 9.203100 -0.023258 0.097578 0.994956 0.000000 0.000000 0.000000 0.000000 1.000000</float_array>
        <technique_common>
          <accessor source="#mixamorig_Spine2-Matrix-animation-output-transform-array" count="45" stride="16">
            <param type="float4x4"/>
          </accessor>
        </technique_common>
      </source>
      <source id="mixamorig_Spine2-Interpolations">
        <Name_array id="mixamorig_Spine2-Interpolations-array" count="45">
 LINEAR LINEAR LINEAR LINEAR LINEAR LINEAR LINEAR LINEAR LINEAR LINEAR LINEAR
LINEAR LINEAR LINEAR LINEAR LINEAR LINEAR LINEAR LINEAR LINEAR LINEAR LINEAR LINEAR
LINEAR LINEAR LINEAR LINEAR LINEAR LINEAR LINEAR LINEAR LINEAR LINEAR LINEAR LINEAR
LINEAR LINEAR LINEAR LINEAR LINEAR LINEAR LINEAR LINEAR LINEAR LINEAR</Name_array>
        <technique_common>
          <accessor source="#mixamorig_Spine2-Interpolations-array" count="45">
            <param type="name"/>
          </accessor>
        </technique_common>
      </source>
      <sampler id="mixamorig_Spine2-Matrix-animation-transform">
        <input semantic="INPUT" source="#mixamorig_Spine2-Matrix-animation-input"/>
        <input semantic="OUTPUT" source="#mixamorig_Spine2-Matrix-animation-output-transform"/>
        <input semantic="INTERPOLATION" source="#mixamorig_Spine2-Interpolations"/>
      </sampler>
      <channel source="#mixamorig_Spine2-Matrix-animation-transform" target="mixamorig_Spine2/matrix"/>
    </animation>
    <animation id="mixamorig_Neck-anim" name="mixamorig_Neck">
      <source id="mixamorig_Neck-Matrix-animation-input">
        <float_array id="mixamorig_Neck-Matrix-animation-input-array" count="45">

0.000000 0.033333 0.066667 0.100000 0.133333 0.166667 0.200000 0.233333 0.266667 0.300000 0.333333 0.366667 0.400000 0.433333 0.466667 0.500000
0.533333 0.566667 0.600000 0.633333 0.666667 0.700000 0.733333 0.766667 0.800000 0.833333 0.866667 0.900000 0.933333 0.966667 1.000000 1.033333
1.066667 1.100000 1.133333 1.166667 1.200000 1.233333 1.266667 1.300000 1.333333 1.366667 1.400000 1.433333 1.466667</float_array>
        <technique_common>
          <accessor source="#mixamorig_Neck-Matrix-animation-input-array" count="45">
            <param name="TIME" type="float"/>
          </accessor>
        </technique_common>
      </source>
      <source id="mixamorig_Neck-Matrix-animation-output-transform">
        <float_array id="mixamorig_Neck-Matrix-animation-output-transform-array" count="720">

0.997548 -0.065776 0.023908 0.000000 0.067291 0.995321 -0.069343 16.860500 -0.019235 0.070781 0.997306 0.000000 0.000000 0.000000 0.000000 1.000000
0.997301 -0.067804 0.028176 -0.000000 0.068412 0.997432 -0.021203 16.860500 -0.026666 0.023073 0.999378 0.000000 0.000000 0.000000 0.000000 1.000000
0.996412 -0.076285 0.036656 0.000000 0.074067 0.995537 0.058474 16.860500 -0.040953 -0.055549 0.997616 0.000000 0.000000 0.000000 0.000000 1.000000
0.994011 -0.100008 0.044061 -0.000000 0.091934 0.983211 0.157623 16.860500 -0.059084 -0.152629 0.986516 0.000000 0.000000 0.000000 0.000000 1.000000
0.989669 -0.137237 0.041485 0.000000 0.123100 0.961725 0.244808 16.860500 -0.073494 -0.237172 0.968684 0.000000 0.000000 0.000000 0.000000 1.000000
0.985126 -0.168912 0.031561 0.000000 0.152361 0.943551 0.294106 16.860500 -0.079458 -0.284922 0.955252 0.000000 0.000000 0.000000 0.000000 1.000000
0.983247 -0.180564 0.024945 0.000000 0.164358 0.937412 0.306995 16.860500 -0.078816 -0.297752 0.951384 0.000000 0.000000 0.000000 0.000000 1.000000
0.983547 -0.179931 0.016121 0.000000 0.167104 0.940063 0.297250 16.860500 -0.068639 -0.289665 0.954664 0.000000 0.000000 0.000000 0.000000 1.000000
0.983633 -0.180182 -0.000096 -0.000000 0.173244 0.945614 0.275318 16.860500 -0.049517 -0.270828 0.961353 0.000000 0.000000 0.000000 0.000000 1.000000
0.983269 -0.181409 -0.016529 -0.000000 0.180107 0.954583 0.237346 16.860500 -0.027279 -0.236351 0.971285 0.000000 0.000000 0.000000 0.000000 1.000000
0.984579 -0.172050 -0.031681 0.000000 0.174930 0.970361 0.166728 16.860500 0.002057 -0.169699 0.985494 0.000000 0.000000 0.000000 0.000000 1.000000
0.986560 -0.154107 -0.054325 0.000000 0.157717 0.985002 0.069981 16.860500 0.042726 -0.077608 0.996068 0.000000 0.000000 0.000000 0.000000 1.000000
0.987488 -0.136052 -0.079733 -0.000000 0.136704 0.990608 0.002754 16.860500 0.078609 -0.013619 0.996812 0.000000 0.000000 0.000000 0.000000 1.000000
0.990989 -0.108621 -0.078375 -0.000000 0.109975 0.993847 0.013159 16.860500 0.076463 -0.021660 0.996837 0.000000 0.000000 0.000000 0.000000 1.000000
