<?xml version="1.0" encoding="utf-8"?>
<COLLADA xmlns="http://www.collada.org/2005/11/COLLADASchema" version="1.4.1">
  <asset>
    <contributor>
      <author>Mixamo</author>
      <authoring_tool>COLLADA Mixamo exporter</authoring_tool>
      <comments/>
    </contributor>
    <created>2025-02-16T00:25:57Z</created>
    <modified>2025-02-16T00:25:57Z</modified>
    <revision/>
    <title/>
    <unit meter="0.010000"/>
    <up_axis>Y_UP</up_axis>
  </asset>
  <library_animations>
    <animation id="mixamorig_Hips-anim" name="mixamorig_Hips">
      <source id="mixamorig_Hips-Matrix-animation-input">
        <float_array id="mixamorig_Hips-Matrix-animation-input-array" count="16">

0.000000 0.033333 0.066667 0.100000 0.133333 0.166667 0.200000 0.233333 0.266667 0.300000 0.333333 0.366667 0.400000 0.433333 0.466667 0.500000</float_array>
        <technique_common>
          <accessor source="#mixamorig_Hips-Matrix-animation-input-array" count="16">
            <param name="TIME" type="float"/>
          </accessor>
        </technique_common>
      </source>
      <source id="mixamorig_Hips-Matrix-animation-output-transform">
        <float_array id="mixamorig_Hips-Matrix-animation-output-transform-array" count="256">

0.765848 -0.168651 -0.620511 -0.001202 -0.290429 0.770232 -0.567797 87.690788 0.573697 0.615061 0.540899 0.377046 0.000000 0.000000 0.000000 1.000000
0.817417 -0.200981 -0.539848 -0.601663 -0.221260 0.755729 -0.616375 89.479134 0.531858 0.623282 0.573277 -1.191933 0.000000 0.000000 0.000000 1.000000
0.858081 -0.223850 -0.462157 -1.326812 -0.159276 0.739582 -0.653949 91.367287 0.488189 0.634751 0.598967 -2.559291 0.000000 0.000000 0.000000 1.000000
0.888152 -0.208575 -0.409490 -2.628996 -0.139025 0.727366 -0.672020 93.505295 0.438016 0.653786 0.617014 -2.354904 0.000000 0.000000 0.000000 1.000000
0.923020 -0.150734 -0.353995 -3.150064 -0.136492 0.731938 -0.667560 93.422363 0.359727 0.664489 0.655020 -2.400719 0.000000 0.000000 0.000000 1.000000
0.954833 -0.057020 -0.291619 -2.586345 -0.144927 0.767398 -0.624577 91.804169 0.259402 0.638630 0.724474 -1.854434 0.000000 0.000000 0.000000 1.000000
0.968089 -0.045550 -0.246434 -1.796139 -0.121426 0.774951 -0.620247 90.358139 0.219226 0.630377 0.744691 -3.183989 0.000000 0.000000 0.000000 1.000000
0.968543 -0.081587 -0.235091 -1.081643 -0.091613 0.761465 -0.641699 88.882103 0.231368 0.643051 0.730037 -4.267411 0.000000 0.000000 0.000000 1.000000
0.944771 -0.104502 -0.310624 -0.842990 -0.134784 0.740040 -0.658919 88.063568 0.298733 0.664395 0.685083 -3.773993 0.000000 0.000000 0.000000 1.000000
0.920629 -0.058331 -0.386056 -0.377346 -0.214785 0.750054 -0.625528 88.993629 0.326051 0.658799 0.677993 -2.709532 0.000000 0.000000 0.000000 1.000000
0.885592 -0.058407 -0.460777 -0.054244 -0.263326 0.754078 -0.601685 90.518723 0.382605 0.654182 0.652425 -1.327861 0.000000 0.000000 0.000000 1.000000
0.854558 -0.094010 -0.510777 0.196821 -0.279081 0.746299 -0.604277 90.792328 0.438001 0.658938 0.611519 0.815176 0.000000 0.000000 0.000000 1.000000
0.821670 -0.144397 -0.551369 0.498226 -0.270703 0.752436 -0.600466 89.447388 0.501575 0.642642 0.579166 1.507998 0.000000 0.000000 0.000000 1.000000
0.795786 -0.151618 -0.586291 0.724575 -0.276436 0.770445 -0.574454 87.515579 0.538803 0.619214 0.571197 1.203979 0.000000 0.000000 0.000000 1.000000
0.777062 -0.154844 -0.610080 0.564987 -0.287633 0.774784 -0.563007 86.396477 0.559858 0.612971 0.557517 0.685004 0.000000 0.000000 0.000000 1.000000
0.765892 -0.168605 -0.620469 -0.004687 -0.290448 0.770210 -0.567818 87.692871 0.573629 0.615101 0.540926 0.377035 0.000000 0.000000 0.000000 1.000000</float_array>
        <technique_common>
          <accessor source="#mixamorig_Hips-Matrix-animation-output-transform-array" count="16" stride="16">
            <param type="float4x4"/>
          </accessor>
        </technique_common>
      </source>
      <source id="mixamorig_Hips-Interpolations">
        <Name_array id="mixamorig_Hips-Interpolations-array" count="16">
 LINEAR LINEAR LINEAR LINEAR LINEAR LINEAR LINEAR LINEAR LINEAR LINEAR LINEAR
LINEAR LINEAR LINEAR LINEAR LINEAR</Name_array>
        <technique_common>
          <accessor source="#mixamorig_Hips-Interpolations-array" count="16">
            <param type="name"/>
          </accessor>
        </technique_common>
      </source>
      <sampler id="mixamorig_Hips-Matrix-animation-transform">
        <input semantic="INPUT" source="#mixamorig_Hips-Matrix-animation-input"/>
        <input semantic="OUTPUT" source="#mixamorig_Hips-Matrix-animation-output-transform"/>
        <input semantic="INTERPOLATION" source="#mixamorig_Hips-Interpolations"/>
      </sampler>
      <channel source="#mixamorig_Hips-Matrix-animation-transform" target="mixamorig_Hips/matrix"/>
    </animation>
    <animation id="mixamorig_Spine-anim" name="mixamorig_Spine">
      <source id="mixamorig_Spine-Matrix-animation-input">
        <float_array id="mixamorig_Spine-Matrix-animation-input-array" count="16">

0.000000 0.033333 0.066667 0.100000 0.133333 0.166667 0.200000 0.233333 0.266667 0.300000 0.333333 0.366667 0.400000 0.433333 0.466667 0.500000</float_array>
        <technique_common>
          <accessor source="#mixamorig_Spine-Matrix-animation-input-array" count="16">
            <param name="TIME" type="float"/>
          </accessor>
        </technique_common>
      </source>
      <source id="mixamorig_Spine-Matrix-animation-output-transform">
        <float_array id="mixamorig_Spine-Matrix-animation-output-transform-array" count="256">

0.991119 0.128875 0.032768 0.000000 -0.124707 0.986368 -0.107365 10.181600 -0.046158 0.102325 0.993680 0.000000 0.000000 0.000000 0.000000 1.000000
0.972246 0.226282 0.059442 0.000000 -0.219577 0.970244 -0.102043 10.181600 -0.080764 0.086158 0.993002 0.000000 0.000000 0.000000 0.000000 1.000000
0.944352 0.316782 0.088591 0.000000 -0.308522 0.946417 -0.095436 10.181600 -0.114077 0.062792 0.991486 0.000000 0.000000 0.000000 0.000000 1.000000
0.919160 0.373694 0.124493 -0.000000 -0.369832 0.927546 -0.053688 10.181600 -0.135536 0.003306 0.990767 -0.000000 0.000000 0.000000 0.000000 1.000000
0.934572 0.334793 0.120371 -0.000000 -0.337271 0.941408 0.000225 10.181600 -0.113243 -0.040808 0.992729 -0.000000 0.000000 0.000000 0.000000 1.000000
0.971361 0.229999 0.059655 0.000000 -0.227813 0.972830 -0.041272 10.181600 -0.067526 0.026499 0.997366 0.000000 0.000000 0.000000 0.000000 1.000000
0.976186 0.214576 0.031900 0.000000 -0.210758 0.972923 -0.094878 10.181600 -0.051395 0.085896 0.994978 0.000000 0.000000 0.000000 0.000000 1.000000
0.973617 0.227360 0.019441 0.000000 -0.225299 0.971306 -0.076196 10.181600 -0.036207 0.069805 0.996903 0.000000 0.000000 0.000000 0.000000 1.000000
0.984980 0.171714 -0.018136 0.000000 -0.171051 0.984698 0.033344 10.181600 0.023584 -0.029741 0.999279 0.000000 0.000000 0.000000 0.000000 1.000000
0.991268 0.023104 -0.129824 0.000000 -0.025785 0.999487 -0.019007 10.181600 0.129318 0.022189 0.991355 0.000000 0.000000 0.000000 0.000000 1.000000
0.983775 -0.053572 -0.171224 -0.000000 0.045211 0.997604 -0.052366 10.181600 0.173619 0.043775 0.983839 -0.000000 0.000000 0.000000 0.000000 1.000000
0.982703 -0.064149 -0.173721 0.000000 0.063185 0.997940 -0.011082 10.181600 0.174074 -0.000086 0.984733 0.000000 0.000000 0.000000 0.000000 1.000000
0.991828 -0.010389 -0.127159 0.000000 0.012901 0.999737 0.018948 10.181600 0.126929 -0.020433 0.991701 0.000000 0.000000 0.000000 0.000000 1.000000
0.997474 0.021663 -0.067652 0.000000 -0.024082 0.999092 -0.035143 10.181600 0.066829 0.036683 0.997090 0.000000 0.000000 0.000000 0.000000 1.000000
0.997721 0.065794 -0.014968 0.000000 -0.066783 0.994571 -0.079800 10.181600 0.009636 0.080618 0.996698 -0.000000 0.000000 0.000000 0.000000 1.000000
0.991116 0.128919 0.032706 -0.000000 -0.124757 0.986360 -0.107375 10.181600 -0.046103 0.102341 0.993681 0.000000 0.000000 0.000000 0.000000 1.000000</float_array>
        <technique_common>
          <accessor source="#mixamorig_Spine-Matrix-animation-output-transform-array" count="16" stride="16">
            <param type="float4x4"/>
          </accessor>
        </technique_common>
      </source>
      <source id="mixamorig_Spine-Interpolations">
        <Name_array id="mixamorig_Spine-Interpolations-array" count="16">
 LINEAR LINEAR LINEAR LINEAR LINEAR LINEAR LINEAR LINEAR LINEAR LINEAR LINEAR
LINEAR LINEAR LINEAR LINEAR LINEAR</Name_array>
        <technique_common>
          <accessor source="#mixamorig_Spine-Interpolations-array" count="16">
            <param type="name"/>
          </accessor>
        </technique_common>
      </source>
      <sampler id="mixamorig_Spine-Matrix-animation-transform">
        <input semantic="INPUT" source="#mixamorig_Spine-Matrix-animation-input"/>
        <input semantic="OUTPUT" source="#mixamorig_Spine-Matrix-animation-output-transform"/>
        <input semantic="INTERPOLATION" source="#mixamorig_Spine-Interpolations"/>
      </sampler>
      <channel source="#mixamorig_Spine-Matrix-animation-transform" target="mixamorig_Spine/matrix"/>
    </animation>
    <animation id="mixamorig_Spine1-anim" name="mixamorig_Spine1">
      <source id="mixamorig_Spine1-Matrix-animation-input">
        <float_array id="mixamorig_Spine1-Matrix-animation-input-array" count="16">

0.000000 0.033333 0.066667 0.100000 0.133333 0.166667 0.200000 0.233333 0.266667 0.300000 0.333333 0.366667 0.400000 0.433333 0.466667 0.500000</float_array>
        <technique_common>
          <accessor source="#mixamorig_Spine1-Matrix-animation-input-array" count="16">
            <param name="TIME" type="float"/>
          </accessor>
        </technique_common>
      </source>
      <source id="mixamorig_Spine1-Matrix-animation-output-transform">
        <float_array id="mixamorig_Spine1-Matrix-animation-output-transform-array" count="256">

0.989794 0.135817 -0.043146 -0.000000 -0.141916 0.966952 -0.211812 10.133000 0.012952 0.215773 0.976358 0.000000 0.000000 0.000000 0.000000 1.000000
0.992257 0.120758 -0.029035 0.000000 -0.124136 0.971746 -0.200748 10.133000 0.003972 0.202798 0.979213 0.000000 0.000000 0.000000 0.000000 1.000000
0.994567 0.103048 -0.014751 0.000000 -0.103953 0.975686 -0.192953 10.133000 -0.005491 0.193438 0.981097 0.000000 0.000000 0.000000 0.000000 1.000000
0.996433 0.084261 -0.004633 0.000000 -0.083394 0.974801 -0.206900 10.133000 -0.012918 0.206549 0.978351 -0.000000 0.000000 0.000000 0.000000 1.000000
0.995457 0.094245 -0.013530 -0.000000 -0.094704 0.965438 -0.242819 10.133000 -0.009822 0.242997 0.969977 0.000000 0.000000 0.000000 0.000000 1.000000
0.992735 0.112519 -0.042628 0.000000 -0.119699 0.959561 -0.254785 10.133000 0.012236 0.258036 0.966058 0.000000 0.000000 0.000000 0.000000 1.000000
0.993092 0.095730 -0.067848 0.000000 -0.109378 0.964597 -0.239978 10.133000 0.042473 0.245742 0.968404 0.000000 0.000000 0.000000 0.000000 1.000000
0.992765 0.075414 -0.093434 0.000000 -0.096176 0.965303 -0.242776 10.133000 0.071884 0.250006 0.965572 0.000000 0.000000 0.000000 0.000000 1.000000
0.988523 0.087832 -0.122918 -0.000000 -0.119059 0.953765 -0.275968 10.133000 0.092996 0.287435 0.953275 -0.000000 0.000000 0.000000 0.000000 1.000000
0.974433 0.137558 -0.177645 0.000000 -0.179946 0.951256 -0.250461 10.133000 0.134533 0.276025 0.951689 0.000000 0.000000 0.000000 0.000000 1.000000
0.966689 0.164673 -0.195947 -0.000000 -0.209822 0.948278 -0.238211 10.133000 0.146585 0.271390 0.951241 -0.000000 0.000000 0.000000 0.000000 1.000000
0.967512 0.165470 -0.191156 0.000000 -0.212693 0.941461 -0.261559 10.133000 0.136686 0.293719 0.946069 -0.000000 0.000000 0.000000 0.000000 1.000000
0.976038 0.149765 -0.157860 0.000000 -0.189765 0.940850 -0.280697 10.133000 0.106484 0.303927 0.946726 0.000000 0.000000 0.000000 0.000000 1.000000
0.983766 0.137397 -0.115441 0.000000 -0.163062 0.953007 -0.255318 10.133000 0.074936 0.269998 0.959941 0.000000 0.000000 0.000000 0.000000 1.000000
0.988099 0.133023 -0.077238 -0.000000 -0.147495 0.961875 -0.230307 10.133000 0.043657 0.238958 0.970048 -0.000000 0.000000 0.000000 0.000000 1.000000
0.989786 0.135847 -0.043225 0.000000 -0.141963 0.966926 -0.211896 10.133000 0.013010 0.215868 0.976336 -0.000000 0.000000 0.000000 0.000000 1.000000</float_array>
        <technique_common>
          <accessor source="#mixamorig_Spine1-Matrix-animation-output-transform-array" count="16" stride="16">
            <param type="float4x4"/>
          </accessor>
        </technique_common>
      </source>
      <source id="mixamorig_Spine1-Interpolations">
        <Name_array id="mixamorig_Spine1-Interpolations-array" count="16">
 LINEAR LINEAR LINEAR LINEAR LINEAR LINEAR LINEAR LINEAR LINEAR LINEAR LINEAR
LINEAR LINEAR LINEAR LINEAR LINEAR</Name_array>
        <technique_common>
          <accessor source="#mixamorig_Spine1-Interpolations-array" count="16">
            <param type="name"/>
          </accessor>
        </technique_common>
      </source>
      <sampler id="mixamorig_Spine1-Matrix-animation-transform">
        <input semantic="INPUT" source="#mixamorig_Spine1-Matrix-animation-input"/>
        <input semantic="OUTPUT" source="#mixamorig_Spine1-Matrix-animation-output-transform"/>
        <input semantic="INTERPOLATION" source="#mixamorig_Spine1-Interpolations"/>
      </sampler>
      <channel source="#mixamorig_Spine1-Matrix-animation-transform" target="mixamorig_Spine1/matrix"/>
    </animation>
    <animation id="mixamorig_Spine2-anim" name="mixamorig_Spine2">
      <source id="mixamorig_Spine2-Matrix-animation-input">
        <float_array id="mixamorig_Spine2-Matrix-animation-input-array" count="16">

0.000000 0.033333 0.066667 0.100000 0.133333 0.166667 0.200000 0.233333 0.266667 0.300000 0.333333 0.366667 0.400000 0.433333 0.466667 0.500000</float_array>
        <technique_common>
          <accessor source="#mixamorig_Spine2-Matrix-animation-input-array" count="16">
            <param name="TIME" type="float"/>
          </accessor>
        </technique_common>
      </source>
      <source id="mixamorig_Spine2-Matrix-animation-output-transform">
        <float_array id="mixamorig_Spine2-Matrix-animation-output-transform-array" count="256">

0.990253 0.137998 -0.018841 0.000000 -0.138094 0.955204 -0.261755 9.203100 -0.018125 0.261806 0.964950 -0.000000 0.000000 0.000000 0.000000 1.000000
0.992283 0.123532 -0.010644 -0.000000 -0.122267 0.960621 -0.249517 9.203100 -0.020599 0.248893 0.968312 -0.000000 0.000000 0.000000 0.000000 1.000000
0.994246 0.107123 -0.000455 -0.000000 -0.104088 0.965057 -0.240479 9.203100 -0.025321 0.239142 0.970654 -0.000000 0.000000 0.000000 0.000000 1.000000
0.995812 0.090676 0.011693 0.000000 -0.084793 0.963799 -0.252787 9.203100 -0.034191 0.250737 0.967451 0.000000 0.000000 0.000000 0.000000 1.000000
0.994995 0.099688 0.006874 0.000000 -0.093440 0.952600 -0.289522 9.203100 -0.035410 0.287431 0.957147 0.000000 0.000000 0.000000 0.000000 1.000000
0.993501 0.112659 -0.016216 -0.000000 -0.112230 0.945891 -0.304457 9.203100 -0.018961 0.304298 0.952388 -0.000000 0.000000 0.000000 0.000000 1.000000
0.995487 0.089653 -0.031102 0.000000 -0.094836 0.951428 -0.292902 9.203100 0.003332 0.294529 0.955637 0.000000 0.000000 0.000000 0.000000 1.000000
0.996866 0.063861 -0.046683 -0.000000 -0.074934 0.951431 -0.298604 9.203100 0.025347 0.301167 0.953235 -0.000000 0.000000 0.000000 0.000000 1.000000
0.994474 0.073178 -0.075281 0.000000 -0.094246 0.938205 -0.333001 9.203100 0.046261 0.338256 0.939916 0.000000 0.000000 0.000000 0.000000 1.000000
0.985493 0.106731 -0.131956 0.000000 -0.142984 0.940988 -0.306751 9.203100 0.091429 0.321168 0.942598 0.000000 0.000000 0.000000 0.000000 1.000000
0.980012 0.127732 -0.152517 0.000000 -0.168131 0.941601 -0.291753 9.203100 0.106344 0.311564 0.944256 0.000000 0.000000 0.000000 0.000000 1.000000
0.979674 0.133203 -0.149984 -0.000000 -0.174811 0.933641 -0.312659 9.203100 0.098384 0.332523 0.937949 -0.000000 0.000000 0.000000 0.000000 1.000000
0.984521 0.127439 -0.120324 0.000000 -0.160901 0.929389 -0.332186 9.203100 0.069494 0.346404 0.935508 0.000000 0.000000 0.000000 0.000000 1.000000
0.989249 0.122720 -0.079537 0.000000 -0.141431 0.941179 -0.306888 9.203100 0.037197 0.314837 0.948416 0.000000 0.000000 0.000000 0.000000 1.000000
0.990939 0.126306 -0.045678 0.000000 -0.134079 0.950256 -0.281134 9.203100 0.007897 0.284711 0.958581 0.000000 0.000000 0.000000 0.000000 1.000000
0.990257 0.137975 -0.018834 0.000000 -0.138068 0.955185 -0.261836 9.203100 -0.018137 0.261885 0.964929 -0.000000 0.000000 0.000000 0.000000 1.000000</float_array>
        <technique_common>
          <accessor source="#mixamorig_Spine2-Matrix-animation-output-transform-array" count="16" stride="16">
            <param type="float4x4"/>
          </accessor>
        </technique_common>
      </source>
      <source id="mixamorig_Spine2-Interpolations">
        <Name_array id="mixamorig_Spine2-Interpolations-array" count="16">
 LINEAR LINEAR LINEAR LINEAR LINEAR LINEAR LINEAR LINEAR LINEAR LINEAR LINEAR
LINEAR LINEAR LINEAR LINEAR LINEAR</Name_array>
        <technique_common>
          <accessor source="#mixamorig_Spine2-Interpolations-array" count="16">
            <param type="name"/>
          </accessor>
        </technique_common>
      </source>
      <sampler id="mixamorig_Spine2-Matrix-animation-transform">
        <input semantic="INPUT" source="#mixamorig_Spine2-Matrix-animation-input"/>
        <input semantic="OUTPUT" source="#mixamorig_Spine2-Matrix-animation-output-transform"/>
        <input semantic="INTERPOLATION" source="#mixamorig_Spine2-Interpolations"/>
      </sampler>
      <channel source="#mixamorig_Spine2-Matrix-animation-transform" target="mixamorig_Spine2/matrix"/>
    </animation>
    <animation id="mixamorig_Neck-anim" name="mixamorig_Neck">
      <source id="mixamorig_Neck-Matrix-animation-input">
        <float_array id="mixamorig_Neck-Matrix-animation-input-array" count="16">

0.000000 0.033333 0.066667 0.100000 0.133333 0.166667 0.200000 0.233333 0.266667 0.300000 0.333333 0.366667 0.400000 0.433333 0.466667 0.500000</float_array>
        <technique_common>
          <accessor source="#mixamorig_Neck-Matrix-animation-input-array" count="16">
            <param name="TIME" type="float"/>
          </accessor>
        </technique_common>
      </source>
      <source id="mixamorig_Neck-Matrix-animation-output-transform">
        <float_array id="mixamorig_Neck-Matrix-animation-output-transform-array" count="256">

0.932220 -0.229751 0.279608 0.000000 0.064025 0.865144 0.497419 16.860500 -0.356184 -0.445802 0.821214 0.000000 0.000000 0.000000 0.000000 1.000000
0.937181 -0.251646 0.241592 0.000000 0.101380 0.859131 0.501614 16.860500 -0.333788 -0.445610 0.830672 0.000000 0.000000 0.000000 0.000000 1.000000
0.940158 -0.272903 0.204026 0.000000 0.139548 0.854641 0.500116 16.860500 -0.310851 -0.441716 0.841581 0.000000 0.000000 0.000000 0.000000 1.000000
0.938008 -0.307238 0.160456 0.000000 0.190730 0.844053 0.501195 16.860500 -0.289419 -0.439521 0.850328 -0.000000 0.000000 0.000000 0.000000 1.000000
0.935943 -0.329850 0.123329 0.000000 0.216289 0.814818 0.537857 16.860500 -0.277903 -0.476728 0.833966 0.000000 0.000000 0.000000 0.000000 1.000000
0.937019 -0.332046 0.108358 0.000000 0.215407 0.793575 0.569068 16.860500 -0.274947 -0.509886 0.815120 0.000000 0.000000 0.000000 0.000000 1.000000
0.943050 -0.300826 0.141991 -0.000000 0.171463 0.805355 0.567454 16.860500 -0.285058 -0.510791 0.811070 0.000000 0.000000 0.000000 0.000000 1.000000
0.944506 -0.255393 0.206597 0.000000 0.104897 0.830485 0.547076 16.860500 -0.311295 -0.495045 0.811188 0.000000 0.000000 0.000000 0.000000 1.000000
0.929623 -0.221650 0.294403 0.000000 0.039605 0.854360 0.518171 16.860500 -0.366378 -0.470044 0.803010 0.000000 0.000000 0.000000 0.000000 1.000000
0.899138 -0.241831 0.364785 0.000000 0.043286 0.878531 0.475720 16.860500 -0.435519 -0.411948 0.800389 0.000000 0.000000 0.000000 0.000000 1.000000
0.883273 -0.214426 0.416953 -0.000000 -0.009128 0.881261 0.472541 16.860500 -0.468769 -0.421189 0.776438 -0.000000 0.000000 0.000000 0.000000 1.000000
0.878715 -0.176688 0.443443 0.000000 -0.067628 0.873523 0.482062 16.860500 -0.472532 -0.453584 0.755629 0.000000 0.000000 0.000000 0.000000 1.000000
0.883000 -0.165436 0.439251 0.000000 -0.079350 0.869743 0.487084 16.860500 -0.462617 -0.464950 0.754856 0.000000 0.000000 0.000000 0.000000 1.000000
0.898725 -0.179513 0.400087 0.000000 -0.035679 0.879411 0.474724 16.860500 -0.437060 -0.440921 0.783944 0.000000 0.000000 0.000000 0.000000 1.000000
0.916463 -0.205079 0.343567 0.000000 0.015536 0.876252 0.481602 16.860500 -0.399817 -0.436033 0.806239 0.000000 0.000000 0.000000 0.000000 1.000000
0.931582 -0.237027 0.275633 -0.000000 0.069354 0.860162 0.505283 16.860500 -0.356855 -0.451596 0.817750 0.000000 0.000000 0.000000 0.000000 1.000000</float_array>
        <technique_common>
          <accessor source="#mixamorig_Neck-Matrix-animation-output-transform-array" count="16" stride="16">
            <param type="float4x4"/>
          </accessor>
        </technique_common>
      </source>
      <source id="mixamorig_Neck-Interpolations">
        <Name_array id="mixamorig_Neck-Interpolations-array" count="16">
 LINEAR LINEAR LINEAR LINEAR LINEAR LINEAR LINEAR LINEAR LINEAR LINEAR LINEAR
LINEAR LINEAR LINEAR LINEAR LINEAR</Name_array>
        <technique_common>
          <accessor source="#mixamorig_Neck-Interpolations-array" count="16">
            <param type="name"/>
          </accessor>
        </technique_common>
      </source>
      <sampler id="mixamorig_Neck-Matrix-animation-transform">
        <input semantic="INPUT" source="#mixamorig_Neck-Matrix-animation-input"/>
        <input semantic="OUTPUT" source="#mixamorig_Neck-Matrix-animation-output-transform"/>
        <input semantic="INTERPOLATION" source="#mixamorig_Neck-Interpolations"/>
      </sampler>
      <channel source="#mixamorig_Neck-Matrix-animation-transform" target="mixamorig_Neck/matrix"/>
    </animation>
    <animation id="mixamorig_Head-anim" name="mixamorig_Head">
      <source id="mixamorig_Head-Matrix-animation-input">
        <float_array id="mixamorig_Head-Matrix-animation-input-array" count="16">

0.000000 0.033333 0.066667 0.100000 0.133333 0.166667 0.200000 0.233333 0.266667 0.300000 0.333333 0.366667 0.400000 0.433333 0.466667 0.500000</float_array>
        <technique_common>
          <accessor source="#mixamorig_Head-Matrix-animation-input-array" count="16">
            <param name="TIME" type="float"/>
          </accessor>
        </technique_common>
      </source>
      <source id="mixamorig_Head-Matrix-animation-output-transform">
        <float_array id="mixamorig_Head-Matrix-animation-output-transform-array" count="256">

0.955369 -0.149460 0.254817 0.000000 -0.055622 0.756138 0.652044 9.589500 -0.290132 -0.637116 0.714078 1.839800 0.000000 0.000000 0.000000 1.000000
0.972104 -0.140202 0.188036 0.000000 -0.011432 0.772411 0.635020 9.589500 -0.234273 -0.619455 0.749261 1.839800 0.000000 0.000000 0.000000 1.000000
0.984267 -0.131686 0.117802 -0.000000 0.032206 0.789268 0.613203 9.589500 -0.173728 -0.599762 0.781092 1.839800 0.000000 0.000000 0.000000 1.000000
0.989508 -0.130756 0.061457 -0.000000 0.071773 0.814042 0.576354 9.589500 -0.125390 -0.565896 0.814886 1.839800 0.000000 0.000000 0.000000 1.000000
0.991065 -0.132660 0.013820 0.000000 0.103218 0.828458 0.550458 9.589500 -0.084474 -0.544113 0.834749 1.839800 0.000000 0.000000 0.000000 1.000000
0.990229 -0.139409 0.003548 0.000000 0.115589 0.834739 0.538378 9.589500 -0.078017 -0.532707 0.842696 1.839800 0.000000 0.000000 0.000000 1.000000
0.985817 -0.167181 0.014658 0.000000 0.127899 0.804981 0.579351 9.589500 -0.108656 -0.569259 0.814947 1.839800 0.000000 0.000000 0.000000 1.000000
0.978621 -0.203062 0.032666 0.000000 0.136780 0.761173 0.633961 9.589500 -0.153598 -0.615939 0.772675 1.839800 0.000000 0.000000 0.000000 1.000000
0.966682 -0.237773 0.094816 0.000000 0.118702 0.744551 0.656927 9.589500 -0.226795 -0.623785 0.747968 1.839800 0.000000 0.000000 0.000000 1.000000
0.941541 -0.273370 0.196900 0.000000 0.069497 0.729479 0.680464 9.589500 -0.329653 -0.627001 0.705832 1.839800 0.000000 0.000000 0.000000 1.000000
0.930793 -0.280539 0.234354 0.000000 0.047263 0.728085 0.683856 9.589500 -0.362478 -0.625452 0.690955 1.839800 0.000000 0.000000 0.000000 1.000000
0.934209 -0.267113 0.236439 0.000000 0.022214 0.705078 0.708782 9.589500 -0.356033 -0.656899 0.664624 1.839800 0.000000 0.000000 0.000000 1.000000
0.942822 -0.241241 0.229977 -0.000000 0.006237 0.702657 0.711501 9.589500 -0.333238 -0.669385 0.663985 1.839800 0.000000 0.000000 0.000000 1.000000
0.948534 -0.184960 0.257046 0.000000 -0.043972 0.726912 0.685322 9.589500 -0.313607 -0.661354 0.681368 1.839800 0.000000 0.000000 0.000000 1.000000
0.949745 -0.152131 0.273570 0.000000 -0.070940 0.746613 0.661466 9.589500 -0.304880 -0.647631 0.698299 1.839800 0.000000 0.000000 0.000000 1.000000
0.954552 -0.146839 0.259361 0.000000 -0.057669 0.762773 0.644090 9.589500 -0.292411 -0.629775 0.719639 1.839800 0.000000 0.000000 0.000000 1.000000</float_array>
        <technique_common>
          <accessor source="#mixamorig_Head-Matrix-animation-output-transform-array" count="16" stride="16">
            <param type="float4x4"/>
          </accessor>
        </technique_common>
      </source>
      <source id="mixamorig_Head-Interpolations">
        <Name_array id="mixamorig_Head-Interpolations-array" count="16">
 LINEAR LINEAR LINEAR LINEAR LINEAR LINEAR LINEAR LINEAR LINEAR LINEAR LINEAR
LINEAR LINEAR LINEAR LINEAR LINEAR</Name_array>
        <technique_common>
          <accessor source="#mixamorig_Head-Interpolations-array" count="16">
            <param type="name"/>
          </accessor>
        </technique_common>
      </source>
      <sampler id="mixamorig_Head-Matrix-animation-transform">
        <input semantic="INPUT" source="#mixamorig_Head-Matrix-animation-input"/>
        <input semantic="OUTPUT" source="#mixamorig_Head-Matrix-animation-output-transform"/>
        <input semantic="INTERPOLATION" source="#mixamorig_Head-Interpolations"/>
      </sampler>
      <channel source="#mixamorig_Head-Matrix-animation-transform" target="mixamorig_Head/matrix"/>
    </animation>
    <animation id="mixamorig_LeftShoulder-anim" name="mixamorig_LeftShoulder">
      <source id="mixamorig_LeftShoulder-Matrix-animation-input">
        <float_array id="mixamorig_LeftShoulder-Matrix-animation-input-array" count="16">

0.000000 0.033333 0.066667 0.100000 0.133333 0.166667 0.200000 0.233333 0.266667 0.300000 0.333333 0.366667 0.400000 0.433333 0.466667 0.500000</float_array>
        <technique_common>
          <accessor source="#mixamorig_LeftShoulder-Matrix-animation-input-array" count="16">
            <param name="TIME" type="float"/>
          </accessor>
        </technique_common>
      </source>
      <source id="mixamorig_LeftShoulder-Matrix-animation-output-transform">
        <float_array id="mixamorig_LeftShoulder-Matrix-animation-output-transform-array" count="256">

-0.027985 0.960286 -0.277611 4.570400 0.233022 -0.263801 -0.936007 11.205300 -0.972069 -0.090884 -0.216385 -0.996700 0.000000 0.000000 0.000000 1.000000
-0.012918 0.973126 -0.229911 4.570400 0.225847 -0.221149 -0.948729 11.205300 -0.974077 -0.064180 -0.216920 -0.996700 0.000000 0.000000 0.000000 1.000000
-0.014433 0.981521 -0.190809 4.570400 0.219710 -0.183052 -0.958238 11.205300 -0.975458 -0.055753 -0.213008 -0.996700 0.000000 0.000000 0.000000 1.000000
0.013886 0.979822 -0.199392 4.570400 0.220804 -0.197493 -0.955114 11.205300 -0.975219 -0.030764 -0.219090 -0.996700 0.000000 0.000000 0.000000 1.000000
0.010993 0.977888 -0.208840 4.570400 0.222991 -0.205991 -0.952808 11.205300 -0.974758 -0.036095 -0.220325 -0.996700 0.000000 0.000000 0.000000 1.000000
0.045385 0.979956 -0.193976 4.570400 0.222179 -0.199215 -0.954437 11.205300 -0.973949 0.000219 -0.226767 -0.996700 0.000000 0.000000 0.000000 1.000000
0.077525 0.981782 -0.173476 4.570400 0.221238 -0.186603 -0.957201 11.205300 -0.972134 0.035827 -0.231673 -0.996700 0.000000 0.000000 0.000000 1.000000
0.096864 0.983879 -0.150331 4.570400 0.220269 -0.168487 -0.960778 11.205300 -0.970618 0.059952 -0.233038 -0.996700 0.000000 0.000000 0.000000 1.000000
0.056946 0.989591 -0.132162 4.570400 0.215331 -0.141435 -0.966245 11.205300 -0.974879 0.026566 -0.221144 -0.996700 0.000000 0.000000 0.000000 1.000000
0.008170 0.992513 -0.121868 4.570400 0.208906 -0.120877 -0.970437 11.205300 -0.977902 -0.017530 -0.208329 -0.996700 0.000000 0.000000 0.000000 1.000000
-0.010015 0.989639 -0.143231 4.570400 0.210771 -0.137931 -0.967755 11.205300 -0.977484 -0.039881 -0.207206 -0.996700 0.000000 0.000000 0.000000 1.000000
-0.036853 0.978667 -0.202118 4.570400 0.221504 -0.189225 -0.956624 11.205300 -0.974463 -0.080025 -0.209805 -0.996700 0.000000 0.000000 0.000000 1.000000
-0.040676 0.967534 -0.249446 4.570400 0.227825 -0.234096 -0.945143 11.205300 -0.972852 -0.095275 -0.210906 -0.996700 0.000000 0.000000 0.000000 1.000000
-0.035243 0.958791 -0.281916 4.570400 0.232394 -0.266496 -0.935400 11.205300 -0.971983 -0.098482 -0.213425 -0.996700 0.000000 0.000000 0.000000 1.000000
-0.029761 0.953488 -0.299959 4.570400 0.237134 -0.284790 -0.928796 11.205300 -0.971021 -0.098773 -0.217628 -0.996700 0.000000 0.000000 0.000000 1.000000
-0.028122 0.960148 -0.278073 4.570400 0.232935 -0.264230 -0.935908 11.205300 -0.972086 -0.091092 -0.216221 -0.996700 0.000000 0.000000 0.000000 1.000000</float_array>
        <technique_common>
          <accessor source="#mixamorig_LeftShoulder-Matrix-animation-output-transform-array" count="16" stride="16">
            <param type="float4x4"/>
          </accessor>
        </technique_common>
      </source>
      <source id="mixamorig_LeftShoulder-Interpolations">
        <Name_array id="mixamorig_LeftShoulder-Interpolations-array" count="16">
 LINEAR LINEAR LINEAR LINEAR LINEAR LINEAR LINEAR LINEAR LINEAR LINEAR LINEAR
LINEAR LINEAR LINEAR LINEAR LINEAR</Name_array>
        <technique_common>
          <accessor source="#mixamorig_LeftShoulder-Interpolations-array" count="16">
            <param type="name"/>
          </accessor>
        </technique_common>
      </source>
      <sampler id="mixamorig_LeftShoulder-Matrix-animation-transform">
        <input semantic="INPUT" source="#mixamorig_LeftShoulder-Matrix-animation-input"/>
        <input semantic="OUTPUT" source="#mixamorig_LeftShoulder-Matrix-animation-output-transform"/>
        <input semantic="INTERPOLATION" source="#mixamorig_LeftShoulder-Interpolations"/>
      </sampler>
      <channel source="#mixamorig_LeftShoulder-Matrix-animation-transform" target="mixamorig_LeftShoulder/matrix"/>
    </animation>
    <animation id="mixamorig_LeftArm-anim" name="mixamorig_LeftArm">
      <source id="mixamorig_LeftArm-Matrix-animation-input">
        <float_array id="mixamorig_LeftArm-Matrix-animation-input-array" count="16">

0.000000 0.033333 0.066667 0.100000 0.133333 0.166667 0.200000 0.233333 0.266667 0.300000 0.333333 0.366667 0.400000 0.433333 0.466667 0.500000</float_array>
        <technique_common>
          <accessor source="#mixamorig_LeftArm-Matrix-animation-input-array" count="16">
            <param name="TIME" type="float"/>
          </accessor>
        </technique_common>
      </source>
      <source id="mixamorig_LeftArm-Matrix-animation-output-transform">
        <float_array id="mixamorig_LeftArm-Matrix-animation-output-transform-array" count="256">

0.289824 -0.570236 -0.768657 0.000000 0.154288 0.820460 -0.550492 10.830300 0.944562 0.040951 0.325770 -0.000000 0.000000 0.000000 0.000000 1.000000
0.364666 -0.589052 -0.721136 0.000000 0.135172 0.799752 -0.584914 10.830300 0.921275 0.115821 0.371265 0.000000 0.000000 0.000000 0.000000 1.000000
0.406325 -0.637269 -0.654819 0.000000 0.151207 0.753661 -0.639635 10.830300 0.901131 0.160887 0.402591 -0.000000 0.000000 0.000000 0.000000 1.000000
0.408738 -0.694272 -0.592385 0.000000 0.226478 0.705938 -0.671088 10.830300 0.884104 0.140137 0.445781 -0.000000 0.000000 0.000000 0.000000 1.000000
0.378219 -0.757586 -0.531990 0.000000 0.305547 0.644638 -0.700774 10.830300 0.873837 0.102498 0.475292 0.000000 0.000000 0.000000 0.000000 1.000000
0.371270 -0.759849 -0.533656 0.000000 0.336565 0.645778 -0.685342 10.830300 0.865380 0.074837 0.495497 -0.000000 0.000000 0.000000 0.000000 1.000000
0.364979 -0.760027 -0.537725 -0.000000 0.371145 0.648467 -0.664637 10.830300 0.853839 0.043004 0.518758 0.000000 0.000000 0.000000 0.000000 1.000000
0.364511 -0.741810 -0.562894 0.000000 0.388062 0.670502 -0.632325 10.830300 0.846487 0.012051 0.532274 0.000000 0.000000 0.000000 0.000000 1.000000
0.367678 -0.671528 -0.643322 0.000000 0.381521 0.739806 -0.554192 10.830300 0.848089 -0.041676 0.528213 -0.000000 0.000000 0.000000 0.000000 1.000000
0.416580 -0.508710 -0.753442 0.000000 0.335434 0.856311 -0.392703 10.830300 0.844953 -0.089137 0.527361 0.000000 0.000000 0.000000 0.000000 1.000000
0.441992 -0.404929 -0.800422 -0.000000 0.311603 0.906055 -0.286302 10.830300 0.841158 -0.122871 0.526647 -0.000000 0.000000 0.000000 0.000000 1.000000
0.410555 -0.401107 -0.818876 -0.000000 0.286081 0.909369 -0.302003 10.830300 0.865796 -0.110276 0.488095 0.000000 0.000000 0.000000 0.000000 1.000000
0.351407 -0.471767 -0.808671 0.000000 0.246053 0.879933 -0.406418 10.830300 0.903311 -0.056158 0.425294 0.000000 0.000000 0.000000 0.000000 1.000000
0.321486 -0.541053 -0.777116 -0.000000 0.197141 0.840943 -0.503935 10.830300 0.926165 0.008806 0.377015 0.000000 0.000000 0.000000 0.000000 1.000000
0.310220 -0.560276 -0.768019 0.000000 0.155538 0.826903 -0.540407 10.830300 0.937855 0.048189 0.343666 -0.000000 0.000000 0.000000 0.000000 1.000000
0.289775 -0.570560 -0.768435 0.000000 0.154390 0.820234 -0.550800 10.830300 0.944560 0.040969 0.325772 0.000000 0.000000 0.000000 0.000000 1.000000</float_array>
        <technique_common>
          <accessor source="#mixamorig_LeftArm-Matrix-animation-output-transform-array" count="16" stride="16">
            <param type="float4x4"/>
          </accessor>
        </technique_common>
      </source>
      <source id="mixamorig_LeftArm-Interpolations">
        <Name_array id="mixamorig_LeftArm-Interpolations-array" count="16">
 LINEAR LINEAR LINEAR LINEAR LINEAR LINEAR LINEAR LINEAR LINEAR LINEAR LINEAR
LINEAR LINEAR LINEAR LINEAR LINEAR</Name_array>
        <technique_common>
          <accessor source="#mixamorig_LeftArm-Interpolations-array" count="16">
            <param type="name"/>
          </accessor>
        </technique_common>
      </source>
      <sampler id="mixamorig_LeftArm-Matrix-animation-transform">
        <input semantic="INPUT" source="#mixamorig_LeftArm-Matrix-animation-input"/>
        <input semantic="OUTPUT" source="#mixamorig_LeftArm-Matrix-animation-output-transform"/>
        <input semantic="INTERPOLATION" source="#mixamorig_LeftArm-Interpolations"/>
      </sampler>
      <channel source="#mixamorig_LeftArm-Matrix-animation-transform" target="mixamorig_LeftArm/matrix"/>
    </animation>
    <animation id="mixamorig_LeftForeArm-anim" name="mixamorig_LeftForeArm">
      <source id="mixamorig_LeftForeArm-Matrix-animation-input">
        <float_array id="mixamorig_LeftForeArm-Matrix-animation-input-array" count="16">

0.000000 0.033333 0.066667 0.100000 0.133333 0.166667 0.200000 0.233333 0.266667 0.300000 0.333333 0.366667 0.400000 0.433333 0.466667 0.500000</float_array>
        <technique_common>
          <accessor source="#mixamorig_LeftForeArm-Matrix-animation-input-array" count="16">
            <param name="TIME" type="float"/>
          </accessor>
        </technique_common>
      </source>
      <source id="mixamorig_LeftForeArm-Matrix-animation-output-transform">
        <float_array id="mixamorig_LeftForeArm-Matrix-animation-output-transform-array" count="256">

0.520928 -0.748806 0.409785 -0.000000 0.548099 0.661453 0.511926 27.839800 -0.654386 -0.042074 0.754989 -0.000000 0.000000 0.000000 0.000000 1.000000
0.493940 -0.759146 0.423934 -0.000000 0.518222 0.648532 0.557541 27.839800 -0.698190 -0.055699 0.713742 -0.000000 0.000000 0.000000 0.000000 1.000000
0.478198 -0.748589 0.459283 -0.000000 0.449684 0.657900 0.604113 27.839800 -0.754394 -0.082353 0.651235 0.000000 0.000000 0.000000 0.000000 1.000000
0.473500 -0.711986 0.518530 -0.000000 0.359425 0.693651 0.624230 27.839800 -0.804122 -0.109200 0.584349 0.000000 0.000000 0.000000 0.000000 1.000000
0.441056 -0.728149 0.524660 -0.000000 0.338564 0.676392 0.654116 27.839800 -0.831170 -0.110871 0.544852 0.000000 0.000000 0.000000 0.000000 1.000000
0.413561 -0.780768 0.468369 -0.000000 0.397024 0.617583 0.678942 27.839800 -0.819353 -0.094830 0.565392 0.000000 0.000000 0.000000 0.000000 1.000000
0.403071 -0.807755 0.430193 0.000000 0.452705 0.584513 0.673352 27.839800 -0.795357 -0.076658 0.601274 0.000000 0.000000 0.000000 0.000000 1.000000
0.399401 -0.827619 0.394368 0.000000 0.505183 0.557649 0.658649 27.839800 -0.765029 -0.063837 0.640824 0.000000 0.000000 0.000000 0.000000 1.000000
0.455224 -0.803231 0.384176 -0.000000 0.532703 0.591432 0.605339 27.839800 -0.713441 -0.070913 0.697118 0.000000 0.000000 0.000000 0.000000 1.000000
0.566627 -0.733115 0.376133 -0.000000 0.542311 0.675488 0.499615 27.839800 -0.620349 -0.079114 0.780326 0.000000 0.000000 0.000000 0.000000 1.000000
0.664587 -0.627951 0.404970 -0.000000 0.481531 0.774354 0.410493 27.839800 -0.571360 -0.077802 0.817004 -0.000000 0.000000 0.000000 0.000000 1.000000
0.681008 -0.612722 0.400998 -0.000000 0.486117 0.787813 0.378208 27.839800 -0.547647 -0.062631 0.834362 0.000000 0.000000 0.000000 0.000000 1.000000
0.627620 -0.661903 0.409850 -0.000000 0.501871 0.746448 0.436969 27.839800 -0.595163 -0.068559 0.800675 0.000000 0.000000 0.000000 0.000000 1.000000
0.559662 -0.723366 0.404375 -0.000000 0.528648 0.687404 0.498004 27.839800 -0.638208 -0.064942 0.767120 0.000000 0.000000 0.000000 0.000000 1.000000
0.517169 -0.756690 0.399946 0.000000 0.543371 0.651319 0.529652 27.839800 -0.661275 -0.056601 0.748005 0.000000 0.000000 0.000000 0.000000 1.000000
0.520941 -0.748788 0.409802 -0.000000 0.548086 0.661473 0.511913 27.839800 -0.654387 -0.042070 0.754989 0.000000 0.000000 0.000000 0.000000 1.000000</float_array>
        <technique_common>
          <accessor source="#mixamorig_LeftForeArm-Matrix-animation-output-transform-array" count="16" stride="16">
            <param type="float4x4"/>
          </accessor>
        </technique_common>
      </source>
      <source id="mixamorig_LeftForeArm-Interpolations">
        <Name_array id="mixamorig_LeftForeArm-Interpolations-array" count="16">
 LINEAR LINEAR LINEAR LINEAR LINEAR LINEAR LINEAR LINEAR LINEAR LINEAR LINEAR
LINEAR LINEAR LINEAR LINEAR LINEAR</Name_array>
        <technique_common>
          <accessor source="#mixamorig_LeftForeArm-Interpolations-array" count="16">
            <param type="name"/>
          </accessor>
        </technique_common>
      </source>
      <sampler id="mixamorig_LeftForeArm-Matrix-animation-transform">
        <input semantic="INPUT" source="#mixamorig_LeftForeArm-Matrix-animation-input"/>
        <input semantic="OUTPUT" source="#mixamorig_LeftForeArm-Matrix-animation-output-transform"/>
        <input semantic="INTERPOLATION" source="#mixamorig_LeftForeArm-Interpolations"/>
      </sampler>
      <channel source="#mixamorig_LeftForeArm-Matrix-animation-transform" target="mixamorig_LeftForeArm/matrix"/>
    </animation>
    <animation id="mixamorig_LeftHand-anim" name="mixamorig_LeftHand">
      <source id="mixamorig_LeftHand-Matrix-animation-input">
        <float_array id="mixamorig_LeftHand-Matrix-animation-input-array" count="16">

0.000000 0.033333 0.066667 0.100000 0.133333 0.166667 0.200000 0.233333 0.266667 0.300000 0.333333 0.366667 0.400000 0.433333 0.466667 0.500000</float_array>
        <technique_common>
