<?xml version="1.0" encoding="utf-8"?>
<COLLADA xmlns="http://www.collada.org/2005/11/COLLADASchema" version="1.4.1">
  <asset>
    <contributor>
      <author>Mixamo</author>
      <authoring_tool>COLLADA Mixamo exporter</authoring_tool>
      <comments/>
    </contributor>
    <created>2025-02-16T00:27:28Z</created>
    <modified>2025-02-16T00:27:28Z</modified>
    <revision/>
    <title/>
    <unit meter="0.010000"/>
    <up_axis>Y_UP</up_axis>
  </asset>
  <library_animations>
    <animation id="mixamorig_Hips-anim" name="mixamorig_Hips">
      <source id="mixamorig_Hips-Matrix-animation-input">
        <float_array id="mixamorig_Hips-Matrix-animation-input-array" count="27">

0.000000 0.033333 0.066667 0.100000 0.133333 0.166667 0.200000 0.233333 0.266667 0.300000 0.333333 0.366667 0.400000 0.433333 0.466667 0.500000
0.533333 0.566667 0.600000 0.633333 0.666667 0.700000 0.733333 0.766667 0.800000 0.833333 0.866667</float_array>
        <technique_common>
          <accessor source="#mixamorig_Hips-Matrix-animation-input-array" count="27">
            <param name="TIME" type="float"/>
          </accessor>
        </technique_common>
      </source>
      <source id="mixamorig_Hips-Matrix-animation-output-transform">
        <float_array id="mixamorig_Hips-Matrix-animation-output-transform-array" count="432">

0.906890 -0.092348 -0.411123 0.000043 -0.038145 0.953689 -0.298365 90.671440 0.419637 0.286267 0.861369 0.004474 0.000000 0.000000 0.000000 1.000000
0.890483 -0.143878 -0.431669 -0.324896 -0.026651 0.930570 -0.365143 92.649765 0.454235 0.336658 0.824823 -1.519279 0.000000 0.000000 0.000000 1.000000
0.877930 -0.192768 -0.438268 -0.511609 -0.014610 0.904156 -0.426952 94.485344 0.478565 0.381237 0.790970 -1.686983 0.000000 0.000000 0.000000 1.000000
0.885950 -0.220557 -0.407979 -0.419683 0.003120 0.882496 -0.470309 96.111549 0.463770 0.415398 0.782536 -1.434014 0.000000 0.000000 0.000000 1.000000
0.897351 -0.213156 -0.386427 -0.040992 -0.006979 0.868657 -0.495364 97.346146 0.441262 0.447213 0.778003 -1.505012 0.000000 0.000000 0.000000 1.000000
0.895012 -0.188868 -0.404081 0.437340 -0.037902 0.870448 -0.490800 98.070724 0.444428 0.454587 0.771903 -0.618395 0.000000 0.000000 0.000000 1.000000
0.887245 -0.160281 -0.432557 0.955526 -0.072420 0.877671 -0.473761 98.277733 0.455578 0.451668 0.767102 -0.420809 0.000000 0.000000 0.000000 1.000000
0.886321 -0.131081 -0.444133 1.512211 -0.096529 0.885733 -0.454048 97.584343 0.452900 0.445304 0.772390 -0.516776 0.000000 0.000000 0.000000 1.000000
0.900048 -0.103303 -0.423369 2.098918 -0.101761 0.894820 -0.434673 96.157501 0.423742 0.434310 0.794870 -0.833755 0.000000 0.000000 0.000000 1.000000
0.921564 -0.075182 -0.380878 2.693788 -0.097238 0.905099 -0.413933 94.356522 0.375853 0.418501 0.826796 -2.481376 0.000000 0.000000 0.000000 1.000000
0.949421 -0.045454 -0.310700 3.296735 -0.085789 0.914276 -0.395903 92.484520 0.302061 0.402534 0.864133 -4.085349 0.000000 0.000000 0.000000 1.000000
0.965030 -0.016845 -0.261599 3.798862 -0.083123 0.926770 -0.366315 90.853302 0.248613 0.375250 0.892961 -6.490256 0.000000 0.000000 0.000000 1.000000
0.970157 0.010604 -0.242247 4.169680 -0.091404 0.941338 -0.324852 89.826973 0.224592 0.337300 0.914214 -8.829193 0.000000 0.000000 0.000000 1.000000
0.970797 0.034987 -0.237338 4.400526 -0.103410 0.953708 -0.282396 90.087563 0.216471 0.298692 0.929475 -9.717168 0.000000 0.000000 0.000000 1.000000
0.967441 0.056754 -0.246650 4.479120 -0.118086 0.963178 -0.241546 91.737793 0.223859 0.262808 0.938520 -8.818672 0.000000 0.000000 0.000000 1.000000
0.961469 0.074217 -0.264705 4.415297 -0.134167 0.967091 -0.216179 93.915146 0.239950 0.243364 0.939786 -8.110453 0.000000 0.000000 0.000000 1.000000
0.951710 0.086533 -0.294552 4.218134 -0.151535 0.966837 -0.205579 95.735748 0.266995 0.240287 0.933261 -6.568672 0.000000 0.000000 0.000000 1.000000
0.943867 0.091750 -0.317327 3.921406 -0.171249 0.957388 -0.232556 97.380379 0.282467 0.273844 0.919359 -5.226843 0.000000 0.000000 0.000000 1.000000
0.940172 0.088470 -0.329013 3.540037 -0.183216 0.945462 -0.269321 98.535896 0.287243 0.313489 0.905106 -4.422451 0.000000 0.000000 0.000000 1.000000
0.939880 0.078331 -0.332401 3.098635 -0.182009 0.938477 -0.293486 98.877869 0.288962 0.336342 0.896312 -2.969639 0.000000 0.000000 0.000000 1.000000
0.940881 0.064673 -0.332507 2.629450 -0.169872 0.939336 -0.297978 98.179581 0.293065 0.336846 0.894789 -0.956474 0.000000 0.000000 0.000000 1.000000
0.940927 0.046231 -0.335439 2.132253 -0.151734 0.943175 -0.295631 96.662460 0.302710 0.329065 0.894474 1.036795 0.000000 0.000000 0.000000 1.000000
0.938425 0.026118 -0.344494 1.641416 -0.129956 0.950590 -0.281940 94.720917 0.320109 0.309349 0.895451 2.698357 0.000000 0.000000 0.000000 1.000000
0.934502 0.007258 -0.355883 1.199983 -0.104198 0.961575 -0.253999 92.754150 0.340365 0.274445 0.899351 3.194919 0.000000 0.000000 0.000000 1.000000
0.928597 -0.015168 -0.370780 0.791845 -0.077231 0.969387 -0.233077 91.057678 0.362965 0.245071 0.898998 2.800548 0.000000 0.000000 0.000000 1.000000
0.920045 -0.046690 -0.389020 0.397685 -0.057505 0.966032 -0.251943 90.046875 0.387569 0.254170 0.886108 1.767375 0.000000 0.000000 0.000000 1.000000
0.906890 -0.092348 -0.411123 0.000038 -0.038145 0.953689 -0.298365 90.671425 0.419637 0.286267 0.861369 0.004474 0.000000 0.000000 0.000000 1.000000</float_array>
        <technique_common>
          <accessor source="#mixamorig_Hips-Matrix-animation-output-transform-array" count="27" stride="16">
            <param type="float4x4"/>
          </accessor>
        </technique_common>
      </source>
      <source id="mixamorig_Hips-Interpolations">
        <Name_array id="mixamorig_Hips-Interpolations-array" count="27">
 LINEAR LINEAR LINEAR LINEAR LINEAR LINEAR LINEAR LINEAR LINEAR LINEAR LINEAR
LINEAR LINEAR LINEAR LINEAR LINEAR LINEAR LINEAR LINEAR LINEAR LINEAR LINEAR LINEAR
LINEAR LINEAR LINEAR LINEAR</Name_array>
        <technique_common>
          <accessor source="#mixamorig_Hips-Interpolations-array" count="27">
            <param type="name"/>
          </accessor>
        </technique_common>
      </source>
      <sampler id="mixamorig_Hips-Matrix-animation-transform">
        <input semantic="INPUT" source="#mixamorig_Hips-Matrix-animation-input"/>
        <input semantic="OUTPUT" source="#mixamorig_Hips-Matrix-animation-output-transform"/>
        <input semantic="INTERPOLATION" source="#mixamorig_Hips-Interpolations"/>
      </sampler>
      <channel source="#mixamorig_Hips-Matrix-animation-transform" target="mixamorig_Hips/matrix"/>
    </animation>
    <animation id="mixamorig_Spine-anim" name="mixamorig_Spine">
      <source id="mixamorig_Spine-Matrix-animation-input">
        <float_array id="mixamorig_Spine-Matrix-animation-input-array" count="27">

0.000000 0.033333 0.066667 0.100000 0.133333 0.166667 0.200000 0.233333 0.266667 0.300000 0.333333 0.366667 0.400000 0.433333 0.466667 0.500000
0.533333 0.566667 0.600000 0.633333 0.666667 0.700000 0.733333 0.766667 0.800000 0.833333 0.866667</float_array>
        <technique_common>
          <accessor source="#mixamorig_Spine-Matrix-animation-input-array" count="27">
            <param name="TIME" type="float"/>
          </accessor>
        </technique_common>
      </source>
      <source id="mixamorig_Spine-Matrix-animation-output-transform">
        <float_array id="mixamorig_Spine-Matrix-animation-output-transform-array" count="432">

0.980102 0.166890 -0.107457 0.000000 -0.198107 0.856207 -0.477141 10.181600 0.012375 0.488935 0.872232 0.000000 0.000000 0.000000 0.000000 1.000000
0.969756 0.231352 -0.077780 0.000000 -0.243057 0.886267 -0.394277 10.181600 -0.022283 0.401258 0.915694 0.000000 0.000000 0.000000 0.000000 1.000000
0.959065 0.278723 -0.050075 0.000000 -0.280297 0.909131 -0.308082 10.181600 -0.040345 0.309506 0.950041 0.000000 0.000000 0.000000 0.000000 1.000000
0.958442 0.284178 -0.025124 -0.000000 -0.282201 0.931475 -0.229601 10.181600 -0.041845 0.227149 0.972960 0.000000 0.000000 0.000000 0.000000 1.000000
0.966524 0.256575 -0.001159 0.000000 -0.253476 0.954129 -0.159335 10.181600 -0.039775 0.154295 0.987224 0.000000 0.000000 0.000000 0.000000 1.000000
0.974348 0.224278 0.018561 -0.000000 -0.220890 0.968877 -0.111738 10.181600 -0.043044 0.104772 0.993564 0.000000 0.000000 0.000000 0.000000 1.000000
0.977235 0.209904 0.030855 0.000000 -0.204562 0.970793 -0.125358 10.181600 -0.056267 0.116192 0.991632 0.000000 0.000000 0.000000 0.000000 1.000000
0.979099 0.201342 0.028757 -0.000000 -0.194323 0.967811 -0.159940 10.181600 -0.060034 0.151009 0.986708 0.000000 0.000000 0.000000 0.000000 1.000000
0.982161 0.188037 0.001307 -0.000000 -0.184007 0.962498 -0.199345 10.181600 -0.038742 0.195548 0.979929 -0.000000 0.000000 0.000000 0.000000 1.000000
0.984960 0.169612 -0.032941 0.000000 -0.172465 0.953587 -0.246837 10.181600 -0.010454 0.248806 0.968497 0.000000 0.000000 0.000000 0.000000 1.000000
0.987058 0.146609 -0.064983 0.000000 -0.159511 0.939342 -0.303632 10.181600 0.016526 0.310068 0.950571 -0.000000 0.000000 0.000000 0.000000 1.000000
0.986524 0.130715 -0.098411 0.000000 -0.158193 0.915602 -0.369659 10.181600 0.041785 0.380246 0.923941 0.000000 0.000000 0.000000 0.000000 1.000000
0.985041 0.113792 -0.129406 0.000000 -0.159633 0.885398 -0.436563 10.181600 0.064898 0.450690 0.890318 0.000000 0.000000 0.000000 0.000000 1.000000
0.984112 0.074717 -0.161064 0.000000 -0.145990 0.856807 -0.494538 10.181600 0.101050 0.510195 0.854102 0.000000 0.000000 0.000000 0.000000 1.000000
0.981017 0.045801 -0.188437 0.000000 -0.142154 0.830783 -0.538138 10.181600 0.131903 0.554709 0.821523 -0.000000 0.000000 0.000000 0.000000 1.000000
0.976160 0.038661 -0.213583 0.000000 -0.151370 0.826493 -0.542214 10.181600 0.155562 0.561618 0.812641 0.000000 0.000000 0.000000 0.000000 1.000000
0.970177 0.037308 -0.239511 -0.000000 -0.159045 0.843631 -0.512827 10.181600 0.182926 0.535625 0.824405 0.000000 0.000000 0.000000 0.000000 1.000000
0.964156 0.025611 -0.264097 -0.000000 -0.146431 0.881396 -0.449110 10.181600 0.221272 0.471684 0.853553 0.000000 0.000000 0.000000 0.000000 1.000000
0.960050 0.015189 -0.279416 -0.000000 -0.132981 0.903332 -0.407807 10.181600 0.246211 0.428673 0.869264 0.000000 0.000000 0.000000 0.000000 1.000000
0.959412 -0.000763 -0.282008 0.000000 -0.110953 0.918328 -0.379952 10.181600 0.259266 0.395820 0.880970 0.000000 0.000000 0.000000 0.000000 1.000000
0.961912 -0.001887 -0.273353 0.000000 -0.102306 0.924818 -0.366395 10.181600 0.253493 0.380405 0.889400 0.000000 0.000000 0.000000 0.000000 1.000000
0.966256 0.007660 -0.257468 -0.000000 -0.105428 0.923757 -0.368181 10.181600 0.235018 0.382902 0.893394 0.000000 0.000000 0.000000 0.000000 1.000000
0.971381 0.021221 -0.236579 -0.000000 -0.115522 0.912477 -0.392481 10.181600 0.207544 0.408578 0.888814 -0.000000 0.000000 0.000000 0.000000 1.000000
0.976287 0.045511 -0.211641 0.000000 -0.144004 0.866501 -0.477952 10.181600 0.161636 0.497096 0.852508 -0.000000 0.000000 0.000000 0.000000 1.000000
0.979367 0.082453 -0.184505 0.000000 -0.176249 0.795192 -0.580177 10.181600 0.098879 0.600725 0.793317 0.000000 0.000000 0.000000 0.000000 1.000000
0.982691 0.111010 -0.148307 -0.000000 -0.175303 0.816068 -0.550728 10.181600 0.059893 0.567194 0.821404 0.000000 0.000000 0.000000 0.000000 1.000000
0.980101 0.166898 -0.107457 0.000000 -0.198113 0.856209 -0.477135 10.181600 0.012373 0.488929 0.872236 0.000000 0.000000 0.000000 0.000000 1.000000</float_array>
        <technique_common>
          <accessor source="#mixamorig_Spine-Matrix-animation-output-transform-array" count="27" stride="16">
            <param type="float4x4"/>
          </accessor>
        </technique_common>
      </source>
      <source id="mixamorig_Spine-Interpolations">
        <Name_array id="mixamorig_Spine-Interpolations-array" count="27">
 LINEAR LINEAR LINEAR LINEAR LINEAR LINEAR LINEAR LINEAR LINEAR LINEAR LINEAR
LINEAR LINEAR LINEAR LINEAR LINEAR LINEAR LINEAR LINEAR LINEAR LINEAR LINEAR LINEAR
LINEAR LINEAR LINEAR LINEAR</Name_array>
        <technique_common>
          <accessor source="#mixamorig_Spine-Interpolations-array" count="27">
            <param type="name"/>
          </accessor>
        </technique_common>
      </source>
      <sampler id="mixamorig_Spine-Matrix-animation-transform">
        <input semantic="INPUT" source="#mixamorig_Spine-Matrix-animation-input"/>
        <input semantic="OUTPUT" source="#mixamorig_Spine-Matrix-animation-output-transform"/>
        <input semantic="INTERPOLATION" source="#mixamorig_Spine-Interpolations"/>
      </sampler>
      <channel source="#mixamorig_Spine-Matrix-animation-transform" target="mixamorig_Spine/matrix"/>
    </animation>
    <animation id="mixamorig_Spine1-anim" name="mixamorig_Spine1">
      <source id="mixamorig_Spine1-Matrix-animation-input">
        <float_array id="mixamorig_Spine1-Matrix-animation-input-array" count="27">

0.000000 0.033333 0.066667 0.100000 0.133333 0.166667 0.200000 0.233333 0.266667 0.300000 0.333333 0.366667 0.400000 0.433333 0.466667 0.500000
0.533333 0.566667 0.600000 0.633333 0.666667 0.700000 0.733333 0.766667 0.800000 0.833333 0.866667</float_array>
        <technique_common>
          <accessor source="#mixamorig_Spine1-Matrix-animation-input-array" count="27">
            <param name="TIME" type="float"/>
          </accessor>
        </technique_common>
      </source>
      <source id="mixamorig_Spine1-Matrix-animation-output-transform">
        <float_array id="mixamorig_Spine1-Matrix-animation-output-transform-array" count="432">

0.998212 0.055795 -0.021462 0.000000 -0.057280 0.995437 -0.076318 10.133000 0.017106 0.077411 0.996852 0.000000 0.000000 0.000000 0.000000 1.000000
0.997815 0.065033 -0.011644 0.000000 -0.065559 0.996460 -0.052619 10.133000 0.008181 0.053267 0.998547 -0.000000 0.000000 0.000000 0.000000 1.000000
0.996924 0.078335 -0.002621 0.000000 -0.078379 0.996275 -0.035962 10.133000 -0.000206 0.036057 0.999350 0.000000 0.000000 0.000000 0.000000 1.000000
0.996068 0.088416 0.005646 0.000000 -0.088188 0.995573 -0.032502 10.133000 -0.008495 0.031876 0.999456 0.000000 0.000000 0.000000 0.000000 1.000000
0.996235 0.085812 0.012359 0.000000 -0.085322 0.995709 -0.035842 10.133000 -0.015382 0.034653 0.999281 0.000000 0.000000 0.000000 0.000000 1.000000
0.996550 0.081383 0.016275 0.000000 -0.080648 0.995872 -0.041647 10.133000 -0.019598 0.040191 0.999000 -0.000000 0.000000 0.000000 0.000000 1.000000
0.996785 0.078252 0.017203 0.000000 -0.077271 0.995666 -0.051747 10.133000 -0.021178 0.050251 0.998512 0.000000 0.000000 0.000000 0.000000 1.000000
0.997109 0.074491 0.015011 0.000000 -0.073390 0.995253 -0.063917 10.133000 -0.019701 0.062630 0.997842 -0.000000 0.000000 0.000000 0.000000 1.000000
0.997555 0.069453 0.007721 0.000000 -0.068798 0.995459 -0.065793 10.133000 -0.012255 0.065101 0.997803 -0.000000 0.000000 0.000000 0.000000 1.000000
0.998282 0.058584 -0.001203 0.000000 -0.058556 0.996636 -0.057348 10.133000 -0.002160 0.057320 0.998354 0.000000 0.000000 0.000000 0.000000 1.000000
0.999225 0.038176 -0.009564 0.000000 -0.038650 0.997710 -0.055501 10.133000 0.007423 0.055828 0.998413 0.000000 0.000000 0.000000 0.000000 1.000000
0.999527 0.023702 -0.019615 0.000000 -0.025027 0.997212 -0.070297 10.133000 0.017894 0.070755 0.997333 0.000000 0.000000 0.000000 0.000000 1.000000
0.999223 0.021949 -0.032731 0.000000 -0.024777 0.995752 -0.088679 10.133000 0.030645 0.089421 0.995522 -0.000000 0.000000 0.000000 0.000000 1.000000
0.997700 0.044296 -0.051302 0.000000 -0.049125 0.994066 -0.097051 10.133000 0.046699 0.099348 0.993956 0.000000 0.000000 0.000000 0.000000 1.000000
0.996072 0.057789 -0.067095 -0.000000 -0.063912 0.993611 -0.093020 10.133000 0.061291 0.096942 0.993401 -0.000000 0.000000 0.000000 0.000000 1.000000
0.996117 0.046738 -0.074611 0.000000 -0.053367 0.994558 -0.089483 10.133000 0.070023 0.093117 0.993190 0.000000 0.000000 0.000000 0.000000 1.000000
0.996212 0.029186 -0.081909 0.000000 -0.036304 0.995563 -0.086812 10.133000 0.079012 0.089457 0.992852 0.000000 0.000000 0.000000 0.000000 1.000000
0.996542 0.007895 -0.082714 -0.000000 -0.015304 0.995886 -0.089317 10.133000 0.081668 0.090274 0.992563 -0.000000 0.000000 0.000000 0.000000 1.000000
0.996640 -0.001228 -0.081899 -0.000000 -0.006969 0.994991 -0.099722 10.133000 0.081611 0.099958 0.991639 -0.000000 0.000000 0.000000 0.000000 1.000000
0.996680 0.006194 -0.081180 0.000000 -0.015346 0.993521 -0.112610 10.133000 0.079956 0.113482 0.990318 0.000000 0.000000 0.000000 0.000000 1.000000
0.997135 0.006520 -0.075357 -0.000000 -0.016008 0.991903 -0.125988 10.133000 0.073925 0.126833 0.989165 0.000000 0.000000 0.000000 0.000000 1.000000
0.997730 0.004830 -0.067163 -0.000000 -0.013559 0.991405 -0.130127 10.133000 0.065958 0.130743 0.989220 0.000000 0.000000 0.000000 0.000000 1.000000
0.998247 0.008899 -0.058518 -0.000000 -0.016189 0.991985 -0.125318 10.133000 0.056934 0.126045 0.990389 -0.000000 0.000000 0.000000 0.000000 1.000000
0.998495 0.021704 -0.050360 0.000000 -0.027230 0.993362 -0.111759 10.133000 0.047600 0.112962 0.992458 0.000000 0.000000 0.000000 0.000000 1.000000
0.998436 0.037006 -0.041904 0.000000 -0.041002 0.994250 -0.098920 10.133000 0.038003 0.100483 0.994213 0.000000 0.000000 0.000000 0.000000 1.000000
0.998416 0.046600 -0.031513 0.000000 -0.049246 0.994796 -0.089191 10.133000 0.027193 0.090601 0.995516 0.000000 0.000000 0.000000 0.000000 1.000000
0.998212 0.055786 -0.021460 -0.000000 -0.057272 0.995437 -0.076322 10.133000 0.017105 0.077415 0.996852 -0.000000 0.000000 0.000000 0.000000 1.000000</float_array>
        <technique_common>
          <accessor source="#mixamorig_Spine1-Matrix-animation-output-transform-array" count="27" stride="16">
            <param type="float4x4"/>
          </accessor>
        </technique_common>
      </source>
      <source id="mixamorig_Spine1-Interpolations">
        <Name_array id="mixamorig_Spine1-Interpolations-array" count="27">
 LINEAR LINEAR LINEAR LINEAR LINEAR LINEAR LINEAR LINEAR LINEAR LINEAR LINEAR
LINEAR LINEAR LINEAR LINEAR LINEAR LINEAR LINEAR LINEAR LINEAR LINEAR LINEAR LINEAR
LINEAR LINEAR LINEAR LINEAR</Name_array>
        <technique_common>
          <accessor source="#mixamorig_Spine1-Interpolations-array" count="27">
            <param type="name"/>
          </accessor>
        </technique_common>
      </source>
      <sampler id="mixamorig_Spine1-Matrix-animation-transform">
        <input semantic="INPUT" source="#mixamorig_Spine1-Matrix-animation-input"/>
        <input semantic="OUTPUT" source="#mixamorig_Spine1-Matrix-animation-output-transform"/>
        <input semantic="INTERPOLATION" source="#mixamorig_Spine1-Interpolations"/>
      </sampler>
      <channel source="#mixamorig_Spine1-Matrix-animation-transform" target="mixamorig_Spine1/matrix"/>
    </animation>
    <animation id="mixamorig_Spine2-anim" name="mixamorig_Spine2">
      <source id="mixamorig_Spine2-Matrix-animation-input">
        <float_array id="mixamorig_Spine2-Matrix-animation-input-array" count="27">

0.000000 0.033333 0.066667 0.100000 0.133333 0.166667 0.200000 0.233333 0.266667 0.300000 0.333333 0.366667 0.400000 0.433333 0.466667 0.500000
0.533333 0.566667 0.600000 0.633333 0.666667 0.700000 0.733333 0.766667 0.800000 0.833333 0.866667</float_array>
        <technique_common>
          <accessor source="#mixamorig_Spine2-Matrix-animation-input-array" count="27">
            <param name="TIME" type="float"/>
          </accessor>
        </technique_common>
      </source>
      <source id="mixamorig_Spine2-Matrix-animation-output-transform">
        <float_array id="mixamorig_Spine2-Matrix-animation-output-transform-array" count="432">

0.998236 0.054682 -0.023111 0.000000 -0.057301 0.989278 -0.134335 9.203100 0.015518 0.135422 0.990666 0.000000 0.000000 0.000000 0.000000 1.000000
0.997796 0.065107 -0.012784 0.000000 -0.066124 0.991671 -0.110529 9.203100 0.005481 0.111130 0.993791 0.000000 0.000000 0.000000 0.000000 1.000000
0.996901 0.078549 -0.004251 0.000000 -0.078600 0.992465 -0.093999 9.203100 -0.003165 0.094042 0.995563 0.000000 0.000000 0.000000 0.000000 1.000000
0.996091 0.088256 0.003772 0.000000 -0.087551 0.992007 -0.090869 9.203100 -0.011761 0.090184 0.995856 0.000000 0.000000 0.000000 0.000000 1.000000
0.996287 0.085296 0.011682 -0.000000 -0.083824 0.992006 -0.094324 9.203100 -0.019634 0.092994 0.995473 0.000000 0.000000 0.000000 0.000000 1.000000
0.996592 0.080770 0.016738 0.000000 -0.078702 0.991847 -0.100231 9.203100 -0.024697 0.098572 0.994823 0.000000 0.000000 0.000000 0.000000 1.000000
0.996791 0.078016 0.017925 -0.000000 -0.075568 0.990968 -0.110779 9.203100 -0.026406 0.109069 0.993683 -0.000000 0.000000 0.000000 0.000000 1.000000
0.997115 0.074245 0.015815 0.000000 -0.071742 0.989768 -0.123338 9.203100 -0.024810 0.121847 0.992239 0.000000 0.000000 0.000000 0.000000 1.000000
0.997573 0.069149 0.008137 -0.000000 -0.067593 0.989845 -0.125051 9.203100 -0.016702 0.124198 0.992117 0.000000 0.000000 0.000000 0.000000 1.000000
0.998295 0.058358 -0.000735 0.000000 -0.058050 0.991562 -0.115909 9.203100 -0.006035 0.115755 0.993260 0.000000 0.000000 0.000000 0.000000 1.000000
0.999242 0.038152 -0.007681 -0.000000 -0.038779 0.992767 -0.113622 9.203100 0.003291 0.113833 0.993494 -0.000000 0.000000 0.000000 0.000000 1.000000
0.999579 0.023787 -0.016607 -0.000000 -0.025730 0.991344 -0.128746 9.203100 0.013400 0.129119 0.991539 0.000000 0.000000 0.000000 0.000000 1.000000
0.999308 0.021917 -0.030037 -0.000000 -0.026117 0.988724 -0.147451 9.203100 0.026466 0.148134 0.988613 -0.000000 0.000000 0.000000 0.000000 1.000000
0.997699 0.043077 -0.052354 -0.000000 -0.050687 0.986769 -0.154005 9.203100 0.045027 0.156304 0.986682 -0.000000 0.000000 0.000000 0.000000 1.000000
0.995978 0.055553 -0.070298 0.000000 -0.065501 0.986785 -0.148208 9.203100 0.061136 0.152217 0.986454 0.000000 0.000000 0.000000 0.000000 1.000000
0.996051 0.044098 -0.077051 0.000000 -0.055001 0.987804 -0.145666 9.203100 0.069688 0.149329 0.986329 -0.000000 0.000000 0.000000 0.000000 1.000000
0.996211 0.026720 -0.082761 -0.000000 -0.038523 0.988756 -0.144487 9.203100 0.077970 0.147128 0.986040 0.000000 0.000000 0.000000 0.000000 1.000000
0.996711 0.007226 -0.080720 -0.000000 -0.019215 0.988687 -0.148756 9.203100 0.078732 0.149817 0.985574 -0.000000 0.000000 0.000000 0.000000 1.000000
0.996883 0.001352 -0.078889 -0.000000 -0.013973 0.987074 -0.159655 9.203100 0.077653 0.160260 0.984016 0.000000 0.000000 0.000000 0.000000 1.000000
0.996921 0.009732 -0.077805 0.000000 -0.022999 0.984915 -0.171502 9.203100 0.074962 0.172763 0.982107 0.000000 0.000000 0.000000 0.000000 1.000000
0.997412 0.012094 -0.070874 0.000000 -0.025038 0.982474 -0.184713 9.203100 0.067398 0.186010 0.980234 0.000000 0.000000 0.000000 0.000000 1.000000
0.998004 0.011255 -0.062147 0.000000 -0.022812 0.981804 -0.188523 9.203100 0.058895 0.189564 0.980100 0.000000 0.000000 0.000000 0.000000 1.000000
0.998405 0.014862 -0.054472 -0.000000 -0.024620 0.982783 -0.183118 9.203100 0.050812 0.184167 0.981581 0.000000 0.000000 0.000000 0.000000 1.000000
0.998491 0.025086 -0.048861 -0.000000 -0.033025 0.985039 -0.169138 9.203100 0.043887 0.170497 0.984380 0.000000 0.000000 0.000000 0.000000 1.000000
0.998384 0.037623 -0.042586 0.000000 -0.043850 0.986738 -0.156286 9.203100 0.036141 0.157901 0.986793 0.000000 0.000000 0.000000 0.000000 1.000000
0.998391 0.046252 -0.032817 0.000000 -0.050593 0.987856 -0.146901 9.203100 0.025624 0.148325 0.988607 0.000000 0.000000 0.000000 0.000000 1.000000
0.998237 0.054673 -0.023108 0.000000 -0.057292 0.989278 -0.134338 9.203100 0.015516 0.135425 0.990666 0.000000 0.000000 0.000000 0.000000 1.000000</float_array>
        <technique_common>
          <accessor source="#mixamorig_Spine2-Matrix-animation-output-transform-array" count="27" stride="16">
            <param type="float4x4"/>
          </accessor>
        </technique_common>
      </source>
      <source id="mixamorig_Spine2-Interpolations">
        <Name_array id="mixamorig_Spine2-Interpolations-array" count="27">
 LINEAR LINEAR LINEAR LINEAR LINEAR LINEAR LINEAR LINEAR LINEAR LINEAR LINEAR
LINEAR LINEAR LINEAR LINEAR LINEAR LINEAR LINEAR LINEAR LINEAR LINEAR LINEAR LINEAR
LINEAR LINEAR LINEAR LINEAR</Name_array>
        <technique_common>
          <accessor source="#mixamorig_Spine2-Interpolations-array" count="27">
            <param type="name"/>
          </accessor>
        </technique_common>
      </source>
      <sampler id="mixamorig_Spine2-Matrix-animation-transform">
        <input semantic="INPUT" source="#mixamorig_Spine2-Matrix-animation-input"/>
        <input semantic="OUTPUT" source="#mixamorig_Spine2-Matrix-animation-output-transform"/>
        <input semantic="INTERPOLATION" source="#mixamorig_Spine2-Interpolations"/>
      </sampler>
      <channel source="#mixamorig_Spine2-Matrix-animation-transform" target="mixamorig_Spine2/matrix"/>
    </animation>
    <animation id="mixamorig_Neck-anim" name="mixamorig_Neck">
      <source id="mixamorig_Neck-Matrix-animation-input">
        <float_array id="mixamorig_Neck-Matrix-animation-input-array" count="27">

0.000000 0.033333 0.066667 0.100000 0.133333 0.166667 0.200000 0.233333 0.266667 0.300000 0.333333 0.366667 0.400000 0.433333 0.466667 0.500000
0.533333 0.566667 0.600000 0.633333 0.666667 0.700000 0.733333 0.766667 0.800000 0.833333 0.866667</float_array>
        <technique_common>
          <accessor source="#mixamorig_Neck-Matrix-animation-input-array" count="27">
            <param name="TIME" type="float"/>
          </accessor>
        </technique_common>
      </source>
      <source id="mixamorig_Neck-Matrix-animation-output-transform">
        <float_array id="mixamorig_Neck-Matrix-animation-output-transform-array" count="432">

0.995783 -0.053539 0.074500 0.000000 0.058318 0.996275 -0.063521 16.860500 -0.070822 0.067598 0.995196 -0.000000 0.000000 0.000000 0.000000 1.000000
0.995636 -0.063669 0.068235 0.000000 0.069366 0.993992 -0.084660 16.860500 -0.062435 0.089024 0.994071 0.000000 0.000000 0.000000 0.000000 1.000000
0.996120 -0.059581 0.064776 0.000000 0.066231 0.992170 -0.105883 16.860500 -0.057960 0.109762 0.992267 0.000000 0.000000 0.000000 0.000000 1.000000
0.997018 -0.038592 0.066831 -0.000000 0.047120 0.990244 -0.131135 16.860500 -0.061118 0.133893 0.989109 0.000000 0.000000 0.000000 0.000000 1.000000
0.996383 -0.049392 0.069150 -0.000000 0.059842 0.985576 -0.158302 16.860500 -0.060333 0.161867 0.984966 0.000000 0.000000 0.000000 0.000000 1.000000
0.995678 -0.066604 0.064730 0.000000 0.076997 0.981687 -0.174248 16.860500 -0.051939 0.178479 0.982572 0.000000 0.000000 0.000000 0.000000 1.000000
0.995748 -0.074132 0.054692 0.000000 0.082165 0.983144 -0.163332 16.860500 -0.041662 0.167131 0.985054 -0.000000 0.000000 0.000000 0.000000 1.000000
0.995585 -0.078493 0.051479 0.000000 0.085551 0.984439 -0.153495 16.860500 -0.038630 0.157222 0.986807 0.000000 0.000000 0.000000 0.000000 1.000000
0.995210 -0.080831 0.054983 -0.000000 0.088059 0.985488 -0.145119 16.860500 -0.042455 0.149265 0.987885 0.000000 0.000000 0.000000 0.000000 1.000000
0.995213 -0.077278 0.059823 0.000000 0.084822 0.987068 -0.136020 16.860500 -0.048538 0.140443 0.988898 0.000000 0.000000 0.000000 0.000000 1.000000
0.995276 -0.075512 0.061025 0.000000 0.082487 0.989183 -0.121299 16.860500 -0.051206 0.125760 0.990738 0.000000 0.000000 0.000000 0.000000 1.000000
0.995025 -0.078745 0.061034 0.000000 0.084235 0.992067 -0.093313 16.860500 -0.053202 0.097990 0.993764 0.000000 0.000000 0.000000 0.000000 1.000000
0.994736 -0.078226 0.066188 0.000000 0.082865 0.994062 -0.070523 16.860500 -0.060279 0.075637 0.995312 0.000000 0.000000 0.000000 0.000000 1.000000
0.994926 -0.061815 0.079377 0.000000 0.066744 0.995903 -0.061019 16.860500 -0.075279 0.066007 0.994975 -0.000000 0.000000 0.000000 0.000000 1.000000
0.994111 -0.059378 0.090655 -0.000000 0.064675 0.996297 -0.056652 16.860500 -0.086955 0.062182 0.994270 -0.000000 0.000000 0.000000 0.000000 1.000000
0.992910 -0.063844 0.100271 -0.000000 0.070503 0.995434 -0.064340 16.860500 -0.095705 0.070953 0.992878 -0.000000 0.000000 0.000000 0.000000 1.000000
0.991721 -0.068444 0.108653 -0.000000 0.077475 0.993683 -0.081189 16.860500 -0.102410 0.088935 0.990759 0.000000 0.000000 0.000000 0.000000 1.000000
0.990748 -0.068013 0.117439 0.000000 0.080992 0.990678 -0.109536 16.860500 -0.108894 0.118034 0.987021 0.000000 0.000000 0.000000 0.000000 1.000000
0.989957 -0.069128 0.123314 -0.000000 0.083171 0.990150 -0.112630 16.860500 -0.114313 0.121755 0.985956 0.000000 0.000000 0.000000 0.000000 1.000000
0.989616 -0.072729 0.123981 0.000000 0.084811 0.991846 -0.095125 16.860500 -0.116052 0.104652 0.987714 0.000000 0.000000 0.000000 0.000000 1.000000
0.989645 -0.078437 0.120209 0.000000 0.089551 0.991905 -0.090023 16.860500 -0.112175 0.099856 0.988658 0.000000 0.000000 0.000000 0.000000 1.000000
0.990794 -0.074731 0.112881 0.000000 0.085225 0.992180 -0.091189 16.860500 -0.105183 0.099969 0.989415 0.000000 0.000000 0.000000 0.000000 1.000000
0.992155 -0.068088 0.104848 0.000000 0.077803 0.992757 -0.091540 16.860500 -0.097855 0.098980 0.990266 0.000000 0.000000 0.000000 0.000000 1.000000
0.993477 -0.059824 0.097084 0.000000 0.066577 0.995470 -0.067872 16.860500 -0.092584 0.073893 0.992959 0.000000 0.000000 0.000000 0.000000 1.000000
0.994597 -0.052465 0.089578 -0.000000 0.057093 0.997121 -0.049904 16.860500 -0.086702 0.054749 0.994729 0.000000 0.000000 0.000000 0.000000 1.000000
0.995403 -0.049295 0.082112 0.000000 0.053379 0.997405 -0.048312 16.860500 -0.079518 0.052473 0.995451 -0.000000 0.000000 0.000000 0.000000 1.000000
0.995783 -0.053530 0.074502 0.000000 0.058311 0.996274 -0.063548 16.860500 -0.070822 0.067624 0.995194 -0.000000 0.000000 0.000000 0.000000 1.000000</float_array>
        <technique_common>
          <accessor source="#mixamorig_Neck-Matrix-animation-output-transform-array" count="27" stride="16">
            <param type="float4x4"/>
          </accessor>
        </technique_common>
      </source>
      <source id="mixamorig_Neck-Interpolations">
        <Name_array id="mixamorig_Neck-Interpolations-array" count="27">
 LINEAR LINEAR LINEAR LINEAR LINEAR LINEAR LINEAR LINEAR LINEAR LINEAR LINEAR
LINEAR LINEAR LINEAR LINEAR LINEAR LINEAR LINEAR LINEAR LINEAR LINEAR LINEAR LINEAR
LINEAR LINEAR LINEAR LINEAR</Name_array>
        <technique_common>
          <accessor source="#mixamorig_Neck-Interpolations-array" count="27">
            <param type="name"/>
          </accessor>
        </technique_common>
      </source>
      <sampler id="mixamorig_Neck-Matrix-animation-transform">
        <input semantic="INPUT" source="#mixamorig_Neck-Matrix-animation-input"/>
        <input semantic="OUTPUT" source="#mixamorig_Neck-Matrix-animation-output-transform"/>
        <input semantic="INTERPOLATION" source="#mixamorig_Neck-Interpolations"/>
      </sampler>
      <channel source="#mixamorig_Neck-Matrix-animation-transform" target="mixamorig_Neck/matrix"/>
    </animation>
    <animation id="mixamorig_Head-anim" name="mixamorig_Head">
      <source id="mixamorig_Head-Matrix-animation-input">
        <float_array id="mixamorig_Head-Matrix-animation-input-array" count="27">

0.000000 0.033333 0.066667 0.100000 0.133333 0.166667 0.200000 0.233333 0.266667 0.300000 0.333333 0.366667 0.400000 0.433333 0.466667 0.500000
0.533333 0.566667 0.600000 0.633333 0.666667 0.700000 0.733333 0.766667 0.800000 0.833333 0.866667</float_array>
        <technique_common>
          <accessor source="#mixamorig_Head-Matrix-animation-input-array" count="27">
            <param name="TIME" type="float"/>
          </accessor>
        </technique_common>
      </source>
      <source id="mixamorig_Head-Matrix-animation-output-transform">
        <float_array id="mixamorig_Head-Matrix-animation-output-transform-array" count="432">

0.899844 -0.114117 0.421020 0.000000 -0.218960 0.716606 0.662218 9.589500 -0.377276 -0.688079 0.619847 1.839800 0.000000 0.000000 0.000000 1.000000
0.906200 -0.141623 0.398428 0.000000 -0.162302 0.753577 0.637008 9.589500 -0.390461 -0.641923 0.659906 1.839800 0.000000 0.000000 0.000000 1.000000
0.912938 -0.175975 0.368209 -0.000000 -0.094793 0.786136 0.610741 9.589500 -0.396937 -0.592472 0.701012 1.839800 0.000000 0.000000 0.000000 1.000000
0.929164 -0.194197 0.314551 0.000000 -0.030970 0.807016 0.589716 9.589500 -0.368369 -0.557685 0.743836 1.839800 0.000000 0.000000 0.000000 1.000000
0.937887 -0.167058 0.304072 -0.000000 -0.034816 0.826693 0.561575 9.589500 -0.345190 -0.537280 0.769528 1.839800 0.000000 0.000000 0.000000 1.000000
0.930403 -0.140200 0.338666 0.000000 -0.064650 0.846702 0.528125 9.589500 -0.360792 -0.513264 0.778710 1.839800 0.000000 0.000000 0.000000 1.000000
0.920768 -0.131269 0.367363 -0.000000 -0.091685 0.842493 0.530848 9.589500 -0.379184 -0.522469 0.763705 1.839800 0.000000 0.000000 0.000000 1.000000
0.915583 -0.121005 0.383491 0.000000 -0.122125 0.824939 0.551871 9.589500 -0.383136 -0.552117 0.740522 1.839800 0.000000 0.000000 0.000000 1.000000
0.912779 -0.118789 0.390798 -0.000000 -0.133672 0.817213 0.560619 9.589500 -0.385961 -0.563961 0.730057 1.839800 0.000000 0.000000 0.000000 1.000000
0.916171 -0.119883 0.382439 -0.000000 -0.125576 0.820305 0.557970 9.589500 -0.380607 -0.559221 0.736485 1.839800 0.000000 0.000000 0.000000 1.000000
0.928771 -0.106585 0.354998 -0.000000 -0.122534 0.815620 0.565464 9.589500 -0.349814 -0.568686 0.744464 1.839800 0.000000 0.000000 0.000000 1.000000
0.929371 -0.107704 0.353085 -0.000000 -0.132486 0.795447 0.591364 9.589500 -0.344553 -0.596376 0.724996 1.839800 0.000000 0.000000 0.000000 1.000000
0.919490 -0.131111 0.370605 0.000000 -0.142019 0.768284 0.624156 9.589500 -0.366563 -0.626538 0.687809 1.839800 0.000000 0.000000 0.000000 1.000000
0.905928 -0.184290 0.381223 0.000000 -0.123329 0.746444 0.653920 9.589500 -0.405072 -0.639420 0.653497 1.839800 0.000000 0.000000 0.000000 1.000000
0.885771 -0.208977 0.414413 0.000000 -0.126235 0.750758 0.648403 9.589500 -0.446626 -0.626650 0.638620 1.839800 0.000000 0.000000 0.000000 1.000000
0.862635 -0.185533 0.470573 0.000000 -0.163434 0.778174 0.606411 9.589500 -0.478697 -0.600019 0.640958 1.839800 0.000000 0.000000 0.000000 1.000000
0.827133 -0.138638 0.544639 0.000000 -0.213655 0.818767 0.532891 9.589500 -0.519811 -0.557136 0.647608 1.839800 0.000000 0.000000 0.000000 1.000000
0.797389 -0.084801 0.597478 0.000000 -0.268690 0.836634 0.477335 9.589500 -0.540349 -0.541158 0.644338 1.839800 0.000000 0.000000 0.000000 1.000000
0.779835 -0.082777 0.620487 0.000000 -0.297658 0.822954 0.483887 9.589500 -0.550687 -0.562046 0.617129 1.839800 0.000000 0.000000 0.000000 1.000000
0.774462 -0.092259 0.625857 0.000000 -0.302409 0.814965 0.494349 9.589500 -0.555660 -0.572119 0.603259 1.839800 0.000000 0.000000 0.000000 1.000000
0.777993 -0.079322 0.623245 -0.000000 -0.321084 0.802470 0.502939 9.589500 -0.540029 -0.591397 0.598847 1.839800 0.000000 0.000000 0.000000 1.000000
0.788635 -0.062381 0.611689 0.000000 -0.335702 0.789791 0.513357 9.589500 -0.515130 -0.610196 0.601915 1.839800 0.000000 0.000000 0.000000 1.000000
0.806141 -0.047162 0.589841 -0.000000 -0.345958 0.771131 0.534481 9.589500 -0.480052 -0.634928 0.605324 1.839800 0.000000 0.000000 0.000000 1.000000
0.834983 -0.057326 0.547281 0.000000 -0.334194 0.737305 0.587108 9.589500 -0.437169 -0.673123 0.596480 1.839800 0.000000 0.000000 0.000000 1.000000
0.869823 -0.083223 0.486294 0.000000 -0.313567 0.667727 0.675142 9.589500 -0.380899 -0.739739 0.554708 1.839800 0.000000 0.000000 0.000000 1.000000
0.888343 -0.084138 0.451406 0.000000 -0.278716 0.682456 0.675701 9.589500 -0.364917 -0.726068 0.582804 1.839800 0.000000 0.000000 0.000000 1.000000
0.899846 -0.114115 0.421017 0.000000 -0.218972 0.716584 0.662238 9.589500 -0.377265 -0.688103 0.619827 1.839800 0.000000 0.000000 0.000000 1.000000</float_array>
        <technique_common>
          <accessor source="#mixamorig_Head-Matrix-animation-output-transform-array" count="27" stride="16">
            <param type="float4x4"/>
          </accessor>
        </technique_common>
      </source>
      <source id="mixamorig_Head-Interpolations">
        <Name_array id="mixamorig_Head-Interpolations-array" count="27">
 LINEAR LINEAR LINEAR LINEAR LINEAR LINEAR LINEAR LINEAR LINEAR LINEAR LINEAR
LINEAR LINEAR LINEAR LINEAR LINEAR LINEAR LINEAR LINEAR LINEAR LINEAR LINEAR LINEAR
LINEAR LINEAR LINEAR LINEAR</Name_array>
        <technique_common>
          <accessor source="#mixamorig_Head-Interpolations-array" count="27">
            <param type="name"/>
          </accessor>
        </technique_common>
      </source>
      <sampler id="mixamorig_Head-Matrix-animation-transform">
        <input semantic="INPUT" source="#mixamorig_Head-Matrix-animation-input"/>
        <input semantic="OUTPUT" source="#mixamorig_Head-Matrix-animation-output-transform"/>
        <input semantic="INTERPOLATION" source="#mixamorig_Head-Interpolations"/>
      </sampler>
      <channel source="#mixamorig_Head-Matrix-animation-transform" target="mixamorig_Head/matrix"/>
    </animation>
    <animation id="mixamorig_LeftShoulder-anim" name="mixamorig_LeftShoulder">
      <source id="mixamorig_LeftShoulder-Matrix-animation-input">
        <float_array id="mixamorig_LeftShoulder-Matrix-animation-input-array" count="27">

0.000000 0.033333 0.066667 0.100000 0.133333 0.166667 0.200000 0.233333 0.266667 0.300000 0.333333 0.366667 0.400000 0.433333 0.466667 0.500000
0.533333 0.566667 0.600000 0.633333 0.666667 0.700000 0.733333 0.766667 0.800000 0.833333 0.866667</float_array>
        <technique_common>
          <accessor source="#mixamorig_LeftShoulder-Matrix-animation-input-array" count="27">
            <param name="TIME" type="float"/>
          </accessor>
        </technique_common>
      </source>
      <source id="mixamorig_LeftShoulder-Matrix-animation-output-transform">
        <float_array id="mixamorig_LeftShoulder-Matrix-animation-output-transform-array" count="432">

-0.125851 0.971544 -0.200659 4.570400 0.205593 -0.172333 -0.963345 11.205300 -0.970512 -0.162492 -0.178055 -0.996700 0.000000 0.000000 0.000000 1.000000
-0.129880 0.975961 -0.175016 4.570400 0.200876 -0.146952 -0.968532 11.205300 -0.970969 -0.160950 -0.176961 -0.996700 0.000000 0.000000 0.000000 1.000000
-0.122662 0.957937 -0.259443 4.570400 0.217038 -0.229197 -0.948875 11.205300 -0.968426 -0.172700 -0.179795 -0.996700 0.000000 0.000000 0.000000 1.000000
-0.100181 0.912920 -0.395651 4.570400 0.242745 -0.363210 -0.899530 11.205300 -0.964903 -0.186158 -0.185220 -0.996700 0.000000 0.000000 0.000000 1.000000
-0.103842 0.928667 -0.356081 4.570400 0.236126 -0.324762 -0.915846 11.205300 -0.966158 -0.179184 -0.185558 -0.996700 0.000000 0.000000 0.000000 1.000000
-0.112865 0.950483 -0.289558 4.570400 0.224436 -0.259501 -0.939302 11.205300 -0.967931 -0.171002 -0.184034 -0.996700 0.000000 0.000000 0.000000 1.000000
-0.121918 0.946611 -0.298434 4.570400 0.222255 -0.267004 -0.937716 11.205300 -0.967336 -0.180653 -0.177837 -0.996700 0.000000 0.000000 0.000000 1.000000
-0.131879 0.947640 -0.290838 4.570400 0.222343 -0.257646 -0.940310 11.205300 -0.966008 -0.188673 -0.176723 -0.996700 0.000000 0.000000 0.000000 1.000000
-0.130166 0.951435 -0.278977 4.570400 0.221789 -0.246300 -0.943475 11.205300 -0.966368 -0.184682 -0.178958 -0.996700 0.000000 0.000000 0.000000 1.000000
-0.093837 0.954007 -0.284721 4.570400 0.222548 -0.258647 -0.939986 11.205300 -0.970395 -0.151569 -0.188041 -0.996700 0.000000 0.000000 0.000000 1.000000
-0.024703 0.960836 -0.276014 4.570400 0.218230 -0.264257 -0.939438 11.205300 -0.975585 -0.083441 -0.203156 -0.996700 0.000000 0.000000 0.000000 1.000000
0.026462 0.974335 -0.223543 4.570400 0.211982 -0.224005 -0.951255 11.205300 -0.976915 -0.022215 -0.212469 -0.996700 0.000000 0.000000 0.000000 1.000000
