<?xml version="1.0" encoding="utf-8"?>
<COLLADA xmlns="http://www.collada.org/2005/11/COLLADASchema" version="1.4.1">
  <asset>
    <contributor>
      <author>Mixamo</author>
      <authoring_tool>COLLADA Mixamo exporter</authoring_tool>
      <comments/>
    </contributor>
    <created>2025-02-16T00:46:41Z</created>
    <modified>2025-02-16T00:46:41Z</modified>
    <revision/>
    <title/>
    <unit meter="0.010000"/>
    <up_axis>Y_UP</up_axis>
  </asset>
  <library_animations>
    <animation id="mixamorig_Hips-anim" name="mixamorig_Hips">
      <source id="mixamorig_Hips-Matrix-animation-input">
        <float_array id="mixamorig_Hips-Matrix-animation-input-array" count="48">

0.000000 0.033333 0.066667 0.100000 0.133333 0.166667 0.200000 0.233333 0.266667 0.300000 0.333333 0.366667 0.400000 0.433333 0.466667 0.500000
0.533333 0.566667 0.600000 0.633333 0.666667 0.700000 0.733333 0.766667 0.800000 0.833333 0.866667 0.900000 0.933333 0.966667 1.000000 1.033333
1.066667 1.100000 1.133333 1.166667 1.200000 1.233333 1.266667 1.300000 1.333333 1.366667 1.400000 1.433333 1.466667 1.500000 1.533333 1.566667</float_array>
        <technique_common>
          <accessor source="#mixamorig_Hips-Matrix-animation-input-array" count="48">
            <param name="TIME" type="float"/>
          </accessor>
        </technique_common>
      </source>
      <source id="mixamorig_Hips-Matrix-animation-output-transform">
        <float_array id="mixamorig_Hips-Matrix-animation-output-transform-array" count="768">

0.766945 -0.050871 -0.639693 0.000547 0.014051 0.997945 -0.062514 130.085052 0.641559 0.038957 0.766084 -0.057241 0.000000 0.000000 0.000000 1.000000
0.737753 -0.025893 -0.674574 1.526762 -0.029789 0.997042 -0.070850 129.545685 0.674414 0.072365 0.734799 10.361885 0.000000 0.000000 0.000000 1.000000
0.700520 -0.015016 -0.713475 2.691623 -0.053478 0.995863 -0.073466 128.029480 0.711627 0.089619 0.696819 21.569363 0.000000 0.000000 0.000000 1.000000
0.642945 -0.021179 -0.765619 3.217371 -0.049884 0.996337 -0.069453 125.601921 0.764286 0.082847 0.639534 33.509598 0.000000 0.000000 0.000000 1.000000
0.566217 -0.037142 -0.823419 3.365434 -0.034660 0.997028 -0.068807 122.292206 0.823527 0.067499 0.563247 45.857536 0.000000 0.000000 0.000000 1.000000
0.481165 -0.060558 -0.874536 3.366743 -0.024514 0.996291 -0.082477 118.125298 0.876287 0.061124 0.477896 58.440498 0.000000 0.000000 0.000000 1.000000
0.403622 -0.095185 -0.909961 3.252934 -0.025092 0.993048 -0.115006 113.142868 0.914582 0.069251 0.398427 71.017220 0.000000 0.000000 0.000000 1.000000
0.336512 -0.133586 -0.932156 3.176742 -0.018491 0.988759 -0.148373 107.490356 0.941497 0.067166 0.330259 82.995567 0.000000 0.000000 0.000000 1.000000
0.300902 -0.156595 -0.940710 3.304358 0.011153 0.986937 -0.160722 98.971062 0.953590 0.037870 0.298718 93.369972 0.000000 0.000000 0.000000 1.000000
0.321996 -0.163087 -0.932588 3.581510 0.065497 0.986528 -0.149906 91.291016 0.944473 -0.012813 0.328340 101.753479 0.000000 0.000000 0.000000 1.000000
0.367819 -0.167762 -0.914639 3.894701 0.114904 0.984253 -0.134322 85.561989 0.922771 -0.055689 0.381304 108.991516 0.000000 0.000000 0.000000 1.000000
0.386490 -0.187780 -0.902975 4.095760 0.124292 0.980727 -0.150750 81.422653 0.913880 -0.053970 0.402381 116.350067 0.000000 0.000000 0.000000 1.000000
0.354644 -0.220859 -0.908542 4.178053 0.111932 0.974742 -0.193259 77.946991 0.928277 -0.033156 0.370408 123.949699 0.000000 0.000000 0.000000 1.000000
0.284386 -0.247823 -0.926125 4.284777 0.104711 0.968262 -0.226945 75.364639 0.952974 -0.032435 0.301310 131.076538 0.000000 0.000000 0.000000 1.000000
0.204059 -0.266254 -0.942055 4.452756 0.098790 0.962992 -0.250773 73.568230 0.973961 -0.041893 0.222811 137.588226 0.000000 0.000000 0.000000 1.000000
0.127760 -0.284547 -0.950111 4.632143 0.082693 0.957682 -0.275695 72.400291 0.988352 -0.043345 0.145884 143.522049 0.000000 0.000000 0.000000 1.000000
0.065965 -0.305658 -0.949854 4.800226 0.051334 0.951706 -0.302689 71.552887 0.996501 -0.028793 0.078470 149.042664 0.000000 0.000000 0.000000 1.000000
0.024205 -0.319306 -0.947343 5.022258 0.019838 0.947587 -0.318881 70.710968 0.999510 -0.011075 0.029271 154.432831 0.000000 0.000000 0.000000 1.000000
0.003401 -0.323748 -0.946137 5.300386 0.008084 0.946121 -0.323714 70.004951 0.999962 -0.006548 0.005835 159.428909 0.000000 0.000000 0.000000 1.000000
-0.006439 -0.323035 -0.946365 5.610421 0.013210 0.946275 -0.323094 69.520760 0.999892 -0.014582 -0.001825 163.859222 0.000000 0.000000 0.000000 1.000000
-0.011120 -0.319924 -0.947378 5.934499 0.027394 0.946984 -0.320112 69.204956 0.999563 -0.029512 -0.001766 167.895538 0.000000 0.000000 0.000000 1.000000
-0.010203 -0.315731 -0.948794 6.250173 0.043538 0.947803 -0.315869 69.093658 0.999000 -0.044531 0.004076 171.663696 0.000000 0.000000 0.000000 1.000000
-0.001349 -0.311548 -0.950230 6.532676 0.055051 0.948766 -0.311146 69.307846 0.998483 -0.052730 0.015871 175.167480 0.000000 0.000000 0.000000 1.000000
0.021985 -0.308137 -0.951088 6.737442 0.054791 0.950259 -0.306602 70.162460 0.998256 -0.045370 0.037775 178.239105 0.000000 0.000000 0.000000 1.000000
0.058873 -0.305318 -0.950429 6.857064 0.046068 0.951897 -0.302936 71.612274 0.997202 -0.025950 0.070106 180.867004 0.000000 0.000000 0.000000 1.000000
0.100764 -0.303035 -0.947637 6.855120 0.035234 0.952975 -0.300995 73.563362 0.994286 -0.003059 0.106703 182.990387 0.000000 0.000000 0.000000 1.000000
0.130628 -0.297505 -0.945741 6.640381 0.026180 0.954618 -0.296681 75.729164 0.991086 0.013996 0.132489 184.624817 0.000000 0.000000 0.000000 1.000000
0.154846 -0.286559 -0.945466 6.156223 0.015924 0.957609 -0.287631 78.018875 0.987810 0.029483 0.152845 185.814392 0.000000 0.000000 0.000000 1.000000
0.186822 -0.274489 -0.943267 5.607932 0.009589 0.960636 -0.277644 80.254585 0.982347 0.042825 0.182100 186.697739 0.000000 0.000000 0.000000 1.000000
0.219671 -0.260033 -0.940281 4.979364 0.007017 0.964219 -0.265014 82.301765 0.975549 0.051618 0.213635 187.303925 0.000000 0.000000 0.000000 1.000000
0.246895 -0.242813 -0.938128 4.243873 0.004744 0.968390 -0.249397 84.093506 0.969031 0.057125 0.240243 187.726212 0.000000 0.000000 0.000000 1.000000
0.270741 -0.224297 -0.936157 3.459522 0.001751 0.972590 -0.232520 85.781998 0.962651 0.061313 0.263713 188.024399 0.000000 0.000000 0.000000 1.000000
0.292699 -0.205353 -0.933894 2.670724 -0.001317 0.976580 -0.215152 87.368393 0.956204 0.064205 0.285573 188.284576 0.000000 0.000000 0.000000 1.000000
0.313780 -0.186667 -0.930966 1.910782 -0.004041 0.980213 -0.197903 88.862633 0.949487 0.065860 0.306817 188.570816 0.000000 0.000000 0.000000 1.000000
0.334451 -0.168947 -0.927146 1.223236 -0.005691 0.983420 -0.181255 90.219193 0.942396 0.065897 0.327944 188.879211 0.000000 0.000000 0.000000 1.000000
0.354818 -0.153085 -0.922317 0.688554 -0.005091 0.986173 -0.165642 91.310066 0.934921 0.063468 0.349133 189.127380 0.000000 0.000000 0.000000 1.000000
0.375137 -0.139069 -0.916478 0.296067 -0.002952 0.988498 -0.151206 92.197891 0.926965 0.059428 0.370411 189.360809 0.000000 0.000000 0.000000 1.000000
0.394769 -0.126398 -0.910045 -0.026006 -0.000359 0.990471 -0.137725 92.992050 0.918780 0.054696 0.390962 189.606033 0.000000 0.000000 0.000000 1.000000
0.410164 -0.116318 -0.904564 -0.260982 0.002565 0.991977 -0.126396 93.608353 0.912008 0.049523 0.407172 189.860901 0.000000 0.000000 0.000000 1.000000
0.420247 -0.109303 -0.900803 -0.402817 0.006013 0.993032 -0.117689 94.017548 0.907390 0.044041 0.417976 190.126709 0.000000 0.000000 0.000000 1.000000
0.427987 -0.103871 -0.897796 -0.498598 0.009704 0.993845 -0.110357 94.323547 0.903733 0.038519 0.426361 190.390747 0.000000 0.000000 0.000000 1.000000
0.434428 -0.099773 -0.895163 -0.553936 0.013547 0.994457 -0.104265 94.538399 0.900605 0.033169 0.433372 190.641861 0.000000 0.000000 0.000000 1.000000
0.439169 -0.098053 -0.893038 -0.532119 0.017661 0.994776 -0.100538 94.581673 0.898231 0.028381 0.438607 190.859421 0.000000 0.000000 0.000000 1.000000
0.442585 -0.097526 -0.891408 -0.425494 0.021814 0.994945 -0.098023 94.467705 0.896461 0.023938 0.442475 191.027695 0.000000 0.000000 0.000000 1.000000
0.446608 -0.095099 -0.889662 -0.290076 0.025293 0.995280 -0.093692 94.283058 0.894372 0.019341 0.446905 191.162399 0.000000 0.000000 0.000000 1.000000
0.452236 -0.090897 -0.887254 -0.162196 0.027754 0.995746 -0.087866 94.107460 0.891466 0.015111 0.452835 191.253586 0.000000 0.000000 0.000000 1.000000
0.459561 -0.086905 -0.883884 -0.065299 0.029204 0.996142 -0.082758 94.027710 0.887666 0.012220 0.460325 191.285629 0.000000 0.000000 0.000000 1.000000
0.467413 -0.083634 -0.880074 0.001296 0.029847 0.996440 -0.078840 94.021744 0.883535 0.010583 0.468245 191.280731 0.000000 0.000000 0.000000 1.000000</float_array>
        <technique_common>
          <accessor source="#mixamorig_Hips-Matrix-animation-output-transform-array" count="48" stride="16">
            <param type="float4x4"/>
          </accessor>
        </technique_common>
      </source>
      <source id="mixamorig_Hips-Interpolations">
        <Name_array id="mixamorig_Hips-Interpolations-array" count="48">
 LINEAR LINEAR LINEAR LINEAR LINEAR LINEAR LINEAR LINEAR LINEAR LINEAR LINEAR
LINEAR LINEAR LINEAR LINEAR LINEAR LINEAR LINEAR LINEAR LINEAR LINEAR LINEAR LINEAR
LINEAR LINEAR LINEAR LINEAR LINEAR LINEAR LINEAR LINEAR LINEAR LINEAR LINEAR LINEAR
LINEAR LINEAR LINEAR LINEAR LINEAR LINEAR LINEAR LINEAR LINEAR LINEAR LINEAR LINEAR
LINEAR</Name_array>
        <technique_common>
          <accessor source="#mixamorig_Hips-Interpolations-array" count="48">
            <param type="name"/>
          </accessor>
        </technique_common>
      </source>
      <sampler id="mixamorig_Hips-Matrix-animation-transform">
        <input semantic="INPUT" source="#mixamorig_Hips-Matrix-animation-input"/>
        <input semantic="OUTPUT" source="#mixamorig_Hips-Matrix-animation-output-transform"/>
        <input semantic="INTERPOLATION" source="#mixamorig_Hips-Interpolations"/>
      </sampler>
      <channel source="#mixamorig_Hips-Matrix-animation-transform" target="mixamorig_Hips/matrix"/>
    </animation>
    <animation id="mixamorig_Spine-anim" name="mixamorig_Spine">
      <source id="mixamorig_Spine-Matrix-animation-input">
        <float_array id="mixamorig_Spine-Matrix-animation-input-array" count="48">

0.000000 0.033333 0.066667 0.100000 0.133333 0.166667 0.200000 0.233333 0.266667 0.300000 0.333333 0.366667 0.400000 0.433333 0.466667 0.500000
0.533333 0.566667 0.600000 0.633333 0.666667 0.700000 0.733333 0.766667 0.800000 0.833333 0.866667 0.900000 0.933333 0.966667 1.000000 1.033333
1.066667 1.100000 1.133333 1.166667 1.200000 1.233333 1.266667 1.300000 1.333333 1.366667 1.400000 1.433333 1.466667 1.500000 1.533333 1.566667</float_array>
        <technique_common>
          <accessor source="#mixamorig_Spine-Matrix-animation-input-array" count="48">
            <param name="TIME" type="float"/>
          </accessor>
        </technique_common>
      </source>
      <source id="mixamorig_Spine-Matrix-animation-output-transform">
        <float_array id="mixamorig_Spine-Matrix-animation-output-transform-array" count="768">

0.984090 0.175703 -0.026383 0.000000 -0.169956 0.887624 -0.428063 10.181600 -0.051794 0.425736 0.903364 0.000000 0.000000 0.000000 0.000000 1.000000
0.990865 0.133487 -0.019154 0.000000 -0.127824 0.884429 -0.448829 10.181600 -0.042973 0.447177 0.893413 0.000000 0.000000 0.000000 0.000000 1.000000
0.995691 0.091668 -0.014006 0.000000 -0.088145 0.888665 -0.450005 10.181600 -0.028805 0.449300 0.892916 -0.000000 0.000000 0.000000 0.000000 1.000000
0.997825 0.065033 -0.010758 -0.000000 -0.063333 0.900618 -0.429971 10.181600 -0.018273 0.429718 0.902778 -0.000000 0.000000 0.000000 0.000000 1.000000
0.998779 0.048938 -0.006758 0.000000 -0.047607 0.916883 -0.396308 10.181600 -0.013198 0.396146 0.918093 -0.000000 0.000000 0.000000 0.000000 1.000000
0.999528 0.030706 0.000311 0.000000 -0.028633 0.935608 -0.351878 10.181600 -0.011096 0.351703 0.936046 -0.000000 0.000000 0.000000 0.000000 1.000000
0.999944 -0.001727 0.010479 -0.000000 0.004723 0.956045 -0.293180 10.181600 -0.009512 0.293213 0.956000 0.000000 0.000000 0.000000 0.000000 1.000000
0.999722 -0.018432 0.014714 0.000000 0.021420 0.970696 -0.239356 10.181600 -0.009871 0.239605 0.970820 0.000000 0.000000 0.000000 0.000000 1.000000
0.999974 -0.004694 0.005393 -0.000000 0.005775 0.974973 -0.222249 10.181600 -0.004215 0.222275 0.974975 0.000000 0.000000 0.000000 0.000000 1.000000
0.999548 0.024672 -0.017171 0.000000 -0.028213 0.967121 -0.252746 10.181600 0.010371 0.253117 0.967380 -0.000000 0.000000 0.000000 0.000000 1.000000
0.998449 0.040470 -0.038245 0.000000 -0.050239 0.950926 -0.305311 10.181600 0.024013 0.306759 0.951484 0.000000 0.000000 0.000000 0.000000 1.000000
0.998573 0.030156 -0.044071 -0.000000 -0.043369 0.939496 -0.339804 10.181600 0.031157 0.341231 0.939463 0.000000 0.000000 0.000000 0.000000 1.000000
0.999103 0.014716 -0.039695 -0.000000 -0.027800 0.935201 -0.353024 10.181600 0.031928 0.353811 0.934772 0.000000 0.000000 0.000000 0.000000 1.000000
0.999192 0.018725 -0.035554 0.000000 -0.030563 0.928582 -0.369868 10.181600 0.026089 0.370655 0.928404 0.000000 0.000000 0.000000 0.000000 1.000000
0.998728 0.036697 -0.034584 0.000000 -0.047340 0.918577 -0.392397 10.181600 0.017368 0.393535 0.919145 0.000000 0.000000 0.000000 0.000000 1.000000
0.997538 0.059290 -0.037440 -0.000000 -0.069410 0.910792 -0.406990 10.181600 0.009969 0.408587 0.912665 0.000000 0.000000 0.000000 0.000000 1.000000
0.996150 0.077035 -0.041834 0.000000 -0.087424 0.908128 -0.409465 10.181600 0.006448 0.411546 0.911366 0.000000 0.000000 0.000000 0.000000 1.000000
0.995063 0.087134 -0.047507 0.000000 -0.098946 0.908049 -0.407010 10.181600 0.007674 0.409701 0.912187 0.000000 0.000000 0.000000 0.000000 1.000000
0.994188 0.093734 -0.052948 0.000000 -0.107197 0.907249 -0.406704 10.181600 0.009915 0.410016 0.912024 0.000000 0.000000 0.000000 0.000000 1.000000
0.993174 0.101979 -0.056619 0.000000 -0.116245 0.905426 -0.408277 10.181600 0.009629 0.412072 0.911100 0.000000 0.000000 0.000000 0.000000 1.000000
0.991945 0.112127 -0.058922 -0.000000 -0.126465 0.902900 -0.410826 10.181600 0.007136 0.414969 0.909808 0.000000 0.000000 0.000000 0.000000 1.000000
0.990744 0.121600 -0.060335 0.000000 -0.135686 0.900242 -0.413706 10.181600 0.004010 0.418064 0.908409 0.000000 0.000000 0.000000 0.000000 1.000000
0.989947 0.127731 -0.060736 0.000000 -0.141429 0.898116 -0.416395 10.181600 0.001362 0.420799 0.907153 0.000000 0.000000 0.000000 0.000000 1.000000
0.990167 0.126556 -0.059612 0.000000 -0.139892 0.897498 -0.418244 10.181600 0.000571 0.422470 0.906377 -0.000000 0.000000 0.000000 0.000000 1.000000
0.991129 0.119724 -0.057709 0.000000 -0.132896 0.898329 -0.418742 10.181600 0.001708 0.422696 0.906270 0.000000 0.000000 0.000000 0.000000 1.000000
0.991891 0.113972 -0.056230 0.000000 -0.127050 0.900068 -0.416816 10.181600 0.003106 0.420580 0.907250 -0.000000 0.000000 0.000000 0.000000 1.000000
0.991708 0.116709 -0.053803 0.000000 -0.128513 0.901982 -0.412206 10.181600 0.000421 0.415702 0.909501 0.000000 0.000000 0.000000 0.000000 1.000000
0.991722 0.118776 -0.048787 0.000000 -0.128345 0.905284 -0.404954 10.181600 -0.003932 0.407864 0.913034 0.000000 0.000000 0.000000 0.000000 1.000000
0.992067 0.117615 -0.044391 0.000000 -0.125556 0.909302 -0.396743 10.181600 -0.006298 0.399169 0.916856 0.000000 0.000000 0.000000 0.000000 1.000000
0.992389 0.116359 -0.040301 -0.000000 -0.122862 0.913641 -0.387512 10.181600 -0.008270 0.389514 0.920983 -0.000000 0.000000 0.000000 0.000000 1.000000
0.992671 0.115238 -0.036393 -0.000000 -0.120436 0.918511 -0.376607 10.181600 -0.009972 0.378230 0.925658 0.000000 0.000000 0.000000 0.000000 1.000000
0.992934 0.114103 -0.032587 -0.000000 -0.118105 0.923615 -0.364672 10.181600 -0.011512 0.365944 0.930566 0.000000 0.000000 0.000000 0.000000 1.000000
0.993202 0.112743 -0.028967 0.000000 -0.115698 0.928753 -0.352181 10.181600 -0.012803 0.353138 0.935484 0.000000 0.000000 0.000000 0.000000 1.000000
0.993491 0.111006 -0.025570 0.000000 -0.113073 0.933793 -0.339477 10.181600 -0.013807 0.340158 0.940267 0.000000 0.000000 0.000000 0.000000 1.000000
0.993838 0.108511 -0.022610 0.000000 -0.109921 0.938629 -0.326943 10.181600 -0.014255 0.327414 0.944773 0.000000 0.000000 0.000000 0.000000 1.000000
0.994309 0.104557 -0.020452 -0.000000 -0.105657 0.943100 -0.315277 10.181600 -0.013676 0.315643 0.948779 0.000000 0.000000 0.000000 0.000000 1.000000
0.994854 0.099536 -0.018918 0.000000 -0.100556 0.947161 -0.304588 10.181600 -0.012399 0.304923 0.952296 0.000000 0.000000 0.000000 0.000000 1.000000
0.995387 0.094311 -0.017607 0.000000 -0.095309 0.951032 -0.294033 10.181600 -0.010986 0.294354 0.955633 0.000000 0.000000 0.000000 0.000000 1.000000
0.995792 0.090173 -0.016319 0.000000 -0.091097 0.954785 -0.282996 10.181600 -0.009938 0.283292 0.958982 0.000000 0.000000 0.000000 0.000000 1.000000
0.996049 0.087526 -0.015029 -0.000000 -0.088314 0.958428 -0.271323 10.181600 -0.009344 0.271578 0.962371 0.000000 0.000000 0.000000 0.000000 1.000000
0.996246 0.085488 -0.013663 0.000000 -0.086103 0.961991 -0.259151 10.181600 -0.009011 0.259355 0.965740 0.000000 0.000000 0.000000 0.000000 1.000000
0.996416 0.083718 -0.012133 -0.000000 -0.084121 0.965485 -0.246501 10.181600 -0.008922 0.246638 0.969067 0.000000 0.000000 0.000000 0.000000 1.000000
0.996559 0.082259 -0.010214 0.000000 -0.082368 0.968902 -0.233333 10.181600 -0.009298 0.233372 0.972343 0.000000 0.000000 0.000000 0.000000 1.000000
0.996675 0.081114 -0.007760 0.000000 -0.080823 0.971992 -0.220678 10.181600 -0.010357 0.220571 0.975316 0.000000 0.000000 0.000000 0.000000 1.000000
0.996808 0.079681 -0.005057 0.000000 -0.078970 0.974624 -0.209454 10.181600 -0.011760 0.209185 0.977805 -0.000000 0.000000 0.000000 0.000000 1.000000
0.996950 0.078004 -0.002579 0.000000 -0.076953 0.976931 -0.199207 10.181600 -0.013019 0.198798 0.979954 0.000000 0.000000 0.000000 0.000000 1.000000
0.997077 0.076404 -0.000554 0.000000 -0.075136 0.979155 -0.188706 10.181600 -0.013875 0.188196 0.982033 0.000000 0.000000 0.000000 0.000000 1.000000
0.997196 0.074819 0.001306 0.000000 -0.073399 0.981373 -0.177535 10.181600 -0.014565 0.176942 0.984114 0.000000 0.000000 0.000000 0.000000 1.000000</float_array>
        <technique_common>
          <accessor source="#mixamorig_Spine-Matrix-animation-output-transform-array" count="48" stride="16">
            <param type="float4x4"/>
          </accessor>
        </technique_common>
      </source>
      <source id="mixamorig_Spine-Interpolations">
        <Name_array id="mixamorig_Spine-Interpolations-array" count="48">
 LINEAR LINEAR LINEAR LINEAR LINEAR LINEAR LINEAR LINEAR LINEAR LINEAR LINEAR
LINEAR LINEAR LINEAR LINEAR LINEAR LINEAR LINEAR LINEAR LINEAR LINEAR LINEAR LINEAR
LINEAR LINEAR LINEAR LINEAR LINEAR LINEAR LINEAR LINEAR LINEAR LINEAR LINEAR LINEAR
LINEAR LINEAR LINEAR LINEAR LINEAR LINEAR LINEAR LINEAR LINEAR LINEAR LINEAR LINEAR
LINEAR</Name_array>
        <technique_common>
          <accessor source="#mixamorig_Spine-Interpolations-array" count="48">
            <param type="name"/>
          </accessor>
        </technique_common>
      </source>
      <sampler id="mixamorig_Spine-Matrix-animation-transform">
        <input semantic="INPUT" source="#mixamorig_Spine-Matrix-animation-input"/>
        <input semantic="OUTPUT" source="#mixamorig_Spine-Matrix-animation-output-transform"/>
        <input semantic="INTERPOLATION" source="#mixamorig_Spine-Interpolations"/>
      </sampler>
      <channel source="#mixamorig_Spine-Matrix-animation-transform" target="mixamorig_Spine/matrix"/>
    </animation>
    <animation id="mixamorig_Spine1-anim" name="mixamorig_Spine1">
      <source id="mixamorig_Spine1-Matrix-animation-input">
        <float_array id="mixamorig_Spine1-Matrix-animation-input-array" count="48">

0.000000 0.033333 0.066667 0.100000 0.133333 0.166667 0.200000 0.233333 0.266667 0.300000 0.333333 0.366667 0.400000 0.433333 0.466667 0.500000
0.533333 0.566667 0.600000 0.633333 0.666667 0.700000 0.733333 0.766667 0.800000 0.833333 0.866667 0.900000 0.933333 0.966667 1.000000 1.033333
1.066667 1.100000 1.133333 1.166667 1.200000 1.233333 1.266667 1.300000 1.333333 1.366667 1.400000 1.433333 1.466667 1.500000 1.533333 1.566667</float_array>
        <technique_common>
          <accessor source="#mixamorig_Spine1-Matrix-animation-input-array" count="48">
            <param name="TIME" type="float"/>
          </accessor>
        </technique_common>
      </source>
      <source id="mixamorig_Spine1-Matrix-animation-output-transform">
        <float_array id="mixamorig_Spine1-Matrix-animation-output-transform-array" count="768">

0.998419 0.049558 0.026516 0.000000 -0.044683 0.986040 -0.160401 10.133000 -0.034095 0.158962 0.986696 0.000000 0.000000 0.000000 0.000000 1.000000
0.999402 0.029340 0.018293 0.000000 -0.025813 0.985138 -0.169816 10.133000 -0.023004 0.169243 0.985306 0.000000 0.000000 0.000000 0.000000 1.000000
0.999798 0.018070 0.008833 -0.000000 -0.016237 0.984298 -0.175764 10.133000 -0.011870 0.175585 0.984393 0.000000 0.000000 0.000000 0.000000 1.000000
0.999842 0.017001 0.005237 0.000000 -0.015826 0.984522 -0.174543 10.133000 -0.008123 0.174433 0.984636 -0.000000 0.000000 0.000000 0.000000 1.000000
0.999772 0.019607 0.008425 -0.000000 -0.017952 0.986175 -0.164729 10.133000 -0.011538 0.164540 0.986303 -0.000000 0.000000 0.000000 0.000000 1.000000
0.999668 0.019614 0.016727 0.000000 -0.017003 0.989425 -0.144045 10.133000 -0.019376 0.143712 0.989430 0.000000 0.000000 0.000000 0.000000 1.000000
0.999496 0.016014 0.027404 0.000000 -0.012849 0.993625 -0.111998 10.133000 -0.029023 0.111590 0.993330 0.000000 0.000000 0.000000 0.000000 1.000000
0.999474 0.012474 0.029932 0.000000 -0.009925 0.996431 -0.083831 10.133000 -0.030871 0.083490 0.996030 0.000000 0.000000 0.000000 0.000000 1.000000
0.999827 0.012242 0.014013 -0.000000 -0.011167 0.997166 -0.074396 10.133000 -0.014884 0.074227 0.997130 0.000000 0.000000 0.000000 0.000000 1.000000
0.999611 0.017404 -0.021774 0.000000 -0.019198 0.996190 -0.085068 10.133000 0.020211 0.085453 0.996137 0.000000 0.000000 0.000000 0.000000 1.000000
0.998068 0.017420 -0.059631 0.000000 -0.023486 0.994448 -0.102575 10.133000 0.057513 0.103777 0.992936 0.000000 0.000000 0.000000 0.000000 1.000000
0.996834 0.006739 -0.079230 -0.000000 -0.015277 0.994070 -0.107665 10.133000 0.078034 0.108534 0.991025 0.000000 0.000000 0.000000 0.000000 1.000000
0.996871 -0.001936 -0.079024 -0.000000 -0.006175 0.994739 -0.102260 10.133000 0.078806 0.102428 0.991614 -0.000000 0.000000 0.000000 0.000000 1.000000
0.997740 0.001009 -0.067192 0.000000 -0.007824 0.994833 -0.101227 10.133000 0.066743 0.101524 0.992592 0.000000 0.000000 0.000000 0.000000 1.000000
0.998479 0.008655 -0.054449 -0.000000 -0.014309 0.994440 -0.104328 10.133000 0.053243 0.104949 0.993051 0.000000 0.000000 0.000000 0.000000 1.000000
0.998719 0.014834 -0.048375 -0.000000 -0.019767 0.994470 -0.103142 10.133000 0.046577 0.103966 0.993490 -0.000000 0.000000 0.000000 0.000000 1.000000
0.998658 0.018435 -0.048399 0.000000 -0.023004 0.995153 -0.095609 10.133000 0.046401 0.096594 0.994242 -0.000000 0.000000 0.000000 0.000000 1.000000
0.998301 0.020090 -0.054687 0.000000 -0.024743 0.996006 -0.085789 10.133000 0.052745 0.086996 0.994811 0.000000 0.000000 0.000000 0.000000 1.000000
0.997929 0.023029 -0.060069 0.000000 -0.027601 0.996693 -0.076429 10.133000 0.058110 0.077928 0.995264 -0.000000 0.000000 0.000000 0.000000 1.000000
0.997861 0.027528 -0.059293 0.000000 -0.031512 0.997233 -0.067337 10.133000 0.057275 0.069061 0.995967 0.000000 0.000000 0.000000 0.000000 1.000000
0.998014 0.032821 -0.053763 0.000000 -0.035959 0.997642 -0.058466 10.133000 0.051717 0.060283 0.996841 0.000000 0.000000 0.000000 0.000000 1.000000
0.998196 0.037944 -0.046530 0.000000 -0.040275 0.997925 -0.050240 10.133000 0.044527 0.052023 0.997653 0.000000 0.000000 0.000000 0.000000 1.000000
0.998334 0.041885 -0.039694 0.000000 -0.043596 0.998111 -0.043285 10.133000 0.037806 0.044944 0.998274 -0.000000 0.000000 0.000000 0.000000 1.000000
0.998427 0.043326 -0.035582 0.000000 -0.044689 0.998262 -0.038430 10.133000 0.033855 0.039959 0.998628 0.000000 0.000000 0.000000 0.000000 1.000000
0.998482 0.042788 -0.034679 -0.000000 -0.043982 0.998439 -0.034417 10.133000 0.033153 0.035890 0.998806 0.000000 0.000000 0.000000 0.000000 1.000000
0.998519 0.041347 -0.035360 0.000000 -0.042393 0.998670 -0.029360 10.133000 0.034099 0.030816 0.998943 -0.000000 0.000000 0.000000 0.000000 1.000000
0.998726 0.040170 -0.030529 0.000000 -0.040926 0.998860 -0.024571 10.133000 0.029508 0.025789 0.999232 0.000000 0.000000 0.000000 0.000000 1.000000
0.998994 0.039378 -0.021462 -0.000000 -0.039845 0.998968 -0.021780 10.133000 0.020583 0.022613 0.999532 -0.000000 0.000000 0.000000 0.000000 1.000000
0.999132 0.038752 -0.015283 0.000000 -0.039038 0.999059 -0.018876 10.133000 0.014537 0.019456 0.999705 0.000000 0.000000 0.000000 0.000000 1.000000
0.999245 0.037388 -0.010572 0.000000 -0.037559 0.999158 -0.016498 10.133000 0.009946 0.016883 0.999808 0.000000 0.000000 0.000000 0.000000 1.000000
0.999337 0.035773 -0.006710 0.000000 -0.035869 0.999246 -0.014878 10.133000 0.006172 0.015109 0.999867 -0.000000 0.000000 0.000000 0.000000 1.000000
0.999408 0.034246 -0.003269 0.000000 -0.034287 0.999320 -0.013559 10.133000 0.002802 0.013663 0.999903 0.000000 0.000000 0.000000 0.000000 1.000000
0.999459 0.032875 -0.000334 0.000000 -0.032877 0.999380 -0.012628 10.133000 -0.000081 0.012632 0.999920 0.000000 0.000000 0.000000 0.000000 1.000000
0.999494 0.031750 0.002008 0.000000 -0.031723 0.999423 -0.012142 10.133000 -0.002392 0.012072 0.999924 -0.000000 0.000000 0.000000 0.000000 1.000000
0.999512 0.031054 0.003417 0.000000 -0.031010 0.999442 -0.012394 10.133000 -0.003799 0.012282 0.999917 -0.000000 0.000000 0.000000 0.000000 1.000000
0.999511 0.031081 0.003326 0.000000 -0.031032 0.999420 -0.014001 10.133000 -0.003759 0.013890 0.999896 -0.000000 0.000000 0.000000 0.000000 1.000000
0.999496 0.031652 0.002292 -0.000000 -0.031610 0.999363 -0.016556 10.133000 -0.002814 0.016475 0.999860 -0.000000 0.000000 0.000000 0.000000 1.000000
0.999469 0.032580 0.000984 0.000000 -0.032555 0.999283 -0.019346 10.133000 -0.001614 0.019304 0.999812 -0.000000 0.000000 0.000000 0.000000 1.000000
0.999417 0.034131 0.000412 0.000000 -0.034114 0.999182 -0.021695 10.133000 -0.001152 0.021668 0.999765 0.000000 0.000000 0.000000 0.000000 1.000000
0.999338 0.036375 0.000864 0.000000 -0.036344 0.999065 -0.023432 10.133000 -0.001716 0.023385 0.999725 0.000000 0.000000 0.000000 0.000000 1.000000
0.999243 0.038850 0.001820 0.000000 -0.038793 0.998935 -0.024979 10.133000 -0.002789 0.024890 0.999686 0.000000 0.000000 0.000000 0.000000 1.000000
0.999143 0.041272 0.003147 0.000000 -0.041174 0.998801 -0.026471 10.133000 -0.004236 0.026319 0.999645 -0.000000 0.000000 0.000000 0.000000 1.000000
0.999050 0.043290 0.005098 0.000000 -0.043133 0.998682 -0.027815 10.133000 -0.006295 0.027568 0.999600 0.000000 0.000000 0.000000 0.000000 1.000000
0.998980 0.044465 0.007832 0.000000 -0.044216 0.998585 -0.029555 10.133000 -0.009135 0.029178 0.999532 -0.000000 0.000000 0.000000 0.000000 1.000000
0.998915 0.045275 0.010938 0.000000 -0.044897 0.998460 -0.032601 10.133000 -0.012397 0.032075 0.999409 0.000000 0.000000 0.000000 0.000000 1.000000
0.998848 0.045997 0.013683 0.000000 -0.045476 0.998311 -0.036165 10.133000 -0.015324 0.035501 0.999252 -0.000000 0.000000 0.000000 0.000000 1.000000
0.998799 0.046485 0.015480 0.000000 -0.045857 0.998198 -0.038712 10.133000 -0.017252 0.037956 0.999130 0.000000 0.000000 0.000000 0.000000 1.000000
0.998759 0.046851 0.016878 0.000000 -0.046137 0.998115 -0.040478 10.133000 -0.018743 0.039649 0.999038 0.000000 0.000000 0.000000 0.000000 1.000000</float_array>
        <technique_common>
          <accessor source="#mixamorig_Spine1-Matrix-animation-output-transform-array" count="48" stride="16">
            <param type="float4x4"/>
          </accessor>
        </technique_common>
      </source>
      <source id="mixamorig_Spine1-Interpolations">
        <Name_array id="mixamorig_Spine1-Interpolations-array" count="48">
 LINEAR LINEAR LINEAR LINEAR LINEAR LINEAR LINEAR LINEAR LINEAR LINEAR LINEAR
LINEAR LINEAR LINEAR LINEAR LINEAR LINEAR LINEAR LINEAR LINEAR LINEAR LINEAR LINEAR
LINEAR LINEAR LINEAR LINEAR LINEAR LINEAR LINEAR LINEAR LINEAR LINEAR LINEAR LINEAR
LINEAR LINEAR LINEAR LINEAR LINEAR LINEAR LINEAR LINEAR LINEAR LINEAR LINEAR LINEAR
LINEAR</Name_array>
        <technique_common>
          <accessor source="#mixamorig_Spine1-Interpolations-array" count="48">
            <param type="name"/>
          </accessor>
        </technique_common>
      </source>
      <sampler id="mixamorig_Spine1-Matrix-animation-transform">
        <input semantic="INPUT" source="#mixamorig_Spine1-Matrix-animation-input"/>
        <input semantic="OUTPUT" source="#mixamorig_Spine1-Matrix-animation-output-transform"/>
        <input semantic="INTERPOLATION" source="#mixamorig_Spine1-Interpolations"/>
      </sampler>
      <channel source="#mixamorig_Spine1-Matrix-animation-transform" target="mixamorig_Spine1/matrix"/>
    </animation>
    <animation id="mixamorig_Spine2-anim" name="mixamorig_Spine2">
      <source id="mixamorig_Spine2-Matrix-animation-input">
        <float_array id="mixamorig_Spine2-Matrix-animation-input-array" count="48">

0.000000 0.033333 0.066667 0.100000 0.133333 0.166667 0.200000 0.233333 0.266667 0.300000 0.333333 0.366667 0.400000 0.433333 0.466667 0.500000
0.533333 0.566667 0.600000 0.633333 0.666667 0.700000 0.733333 0.766667 0.800000 0.833333 0.866667 0.900000 0.933333 0.966667 1.000000 1.033333
1.066667 1.100000 1.133333 1.166667 1.200000 1.233333 1.266667 1.300000 1.333333 1.366667 1.400000 1.433333 1.466667 1.500000 1.533333 1.566667</float_array>
        <technique_common>
          <accessor source="#mixamorig_Spine2-Matrix-animation-input-array" count="48">
            <param name="TIME" type="float"/>
          </accessor>
        </technique_common>
      </source>
      <source id="mixamorig_Spine2-Matrix-animation-output-transform">
        <float_array id="mixamorig_Spine2-Matrix-animation-output-transform-array" count="768">

0.998232 0.053140 0.026610 0.000000 -0.046132 0.975135 -0.216757 9.203100 -0.037467 0.215146 0.975863 -0.000000 0.000000 0.000000 0.000000 1.000000
0.999321 0.032516 0.017329 0.000000 -0.027759 0.973685 -0.226201 9.203100 -0.024228 0.225567 0.973926 0.000000 0.000000 0.000000 0.000000 1.000000
0.999768 0.020456 0.006725 0.000000 -0.018336 0.972495 -0.232203 9.203100 -0.011290 0.232026 0.972644 0.000000 0.000000 0.000000 0.000000 1.000000
0.999821 0.018758 0.002518 0.000000 -0.017668 0.972765 -0.231118 9.203100 -0.006785 0.231032 0.972922 0.000000 0.000000 0.000000 0.000000 1.000000
0.999762 0.021102 0.005608 0.000000 -0.019335 0.974957 -0.221553 9.203100 -0.010143 0.221392 0.975132 0.000000 0.000000 0.000000 0.000000 1.000000
0.999678 0.021144 0.014006 0.000000 -0.017895 0.979374 -0.201260 9.203100 -0.017972 0.200945 0.979438 0.000000 0.000000 0.000000 0.000000 1.000000
0.999544 0.017661 0.024498 0.000000 -0.013250 0.985394 -0.169776 9.203100 -0.027139 0.169373 0.985178 -0.000000 0.000000 0.000000 0.000000 1.000000
0.999524 0.013957 0.027509 0.000000 -0.009914 0.989822 -0.141965 9.203100 -0.029210 0.141625 0.989489 -0.000000 0.000000 0.000000 0.000000 1.000000
0.999836 0.012919 0.012678 0.000000 -0.011126 0.991119 -0.132515 9.203100 -0.014278 0.132352 0.991100 0.000000 0.000000 0.000000 0.000000 1.000000
0.999629 0.016317 -0.021824 0.000000 -0.019279 0.989493 -0.143290 9.203100 0.019257 0.143657 0.989440 0.000000 0.000000 0.000000 0.000000 1.000000
0.998194 0.014206 -0.058371 0.000000 -0.023464 0.986655 -0.161126 9.203100 0.055303 0.162204 0.985206 0.000000 0.000000 0.000000 0.000000 1.000000
0.997012 0.002315 -0.077213 0.000000 -0.015171 0.985954 -0.166324 9.203100 0.075744 0.166999 0.983043 0.000000 0.000000 0.000000 0.000000 1.000000
0.997003 -0.006321 -0.077107 -0.000000 -0.006173 0.986980 -0.160723 9.203100 0.077119 0.160717 0.983983 0.000000 0.000000 0.000000 0.000000 1.000000
0.997836 -0.002643 -0.065694 0.000000 -0.007886 0.987168 -0.159490 9.203100 0.065272 0.159663 0.985011 0.000000 0.000000 0.000000 0.000000 1.000000
0.998569 0.005767 -0.053174 0.000000 -0.014351 0.986603 -0.162507 9.203100 0.051525 0.163037 0.985274 0.000000 0.000000 0.000000 0.000000 1.000000
0.998818 0.012379 -0.047014 0.000000 -0.019825 0.986691 -0.161393 9.203100 0.044390 0.162134 0.985770 0.000000 0.000000 0.000000 0.000000 1.000000
0.998767 0.016126 -0.046959 0.000000 -0.023190 0.987798 -0.154003 9.203100 0.043902 0.154902 0.986954 0.000000 0.000000 0.000000 0.000000 1.000000
0.998430 0.017535 -0.053206 0.000000 -0.025068 0.989203 -0.144391 9.203100 0.050099 0.145498 0.988089 0.000000 0.000000 0.000000 0.000000 1.000000
0.998073 0.020188 -0.058669 -0.000000 -0.027981 0.990421 -0.135214 9.203100 0.055378 0.136596 0.989078 0.000000 0.000000 0.000000 0.000000 1.000000
0.998007 0.024719 -0.058063 0.000000 -0.031900 0.991491 -0.126205 9.203100 0.054449 0.127806 0.990304 0.000000 0.000000 0.000000 0.000000 1.000000
0.998148 0.030309 -0.052738 0.000000 -0.036335 0.992427 -0.117335 9.203100 0.048782 0.119034 0.991691 0.000000 0.000000 0.000000 0.000000 1.000000
0.998312 0.035824 -0.045720 0.000000 -0.040636 0.993203 -0.109070 9.203100 0.041502 0.110743 0.992982 0.000000 0.000000 0.000000 0.000000 1.000000
0.998429 0.040145 -0.039086 0.000000 -0.043954 0.993807 -0.102056 9.203100 0.034747 0.103613 0.994011 -0.000000 0.000000 0.000000 0.000000 1.000000
0.998507 0.041824 -0.035145 0.000000 -0.045065 0.994250 -0.097139 9.203100 0.030880 0.098578 0.994650 0.000000 0.000000 0.000000 0.000000 1.000000
0.998553 0.041342 -0.034380 0.000000 -0.044387 0.994667 -0.093096 9.203100 0.030347 0.094488 0.995063 -0.000000 0.000000 0.000000 0.000000 1.000000
0.998588 0.039875 -0.035086 -0.000000 -0.042833 0.995194 -0.088053 9.203100 0.031406 0.089432 0.995498 -0.000000 0.000000 0.000000 0.000000 1.000000
0.998783 0.039037 -0.030133 0.000000 -0.041425 0.995671 -0.083203 9.203100 0.026754 0.084350 0.996077 0.000000 0.000000 0.000000 0.000000 1.000000
0.999025 0.038823 -0.021038 -0.000000 -0.040394 0.995956 -0.080252 9.203100 0.017837 0.081024 0.996553 0.000000 0.000000 0.000000 0.000000 1.000000
0.999146 0.038543 -0.014873 0.000000 -0.039580 0.996226 -0.077245 9.203100 0.011840 0.077768 0.996901 0.000000 0.000000 0.000000 0.000000 1.000000
0.999247 0.037482 -0.010072 0.000000 -0.038132 0.996469 -0.074799 9.203100 0.007233 0.075127 0.997148 0.000000 0.000000 0.000000 0.000000 1.000000
0.999330 0.036096 -0.006074 0.000000 -0.036444 0.996656 -0.073131 9.203100 0.003414 0.073304 0.997304 0.000000 0.000000 0.000000 0.000000 1.000000
0.999393 0.034750 -0.002501 0.000000 -0.034840 0.996812 -0.071773 9.203100 -0.000001 0.071817 0.997418 -0.000000 0.000000 0.000000 0.000000 1.000000
0.999438 0.033520 0.000586 0.000000 -0.033394 0.996931 -0.070811 9.203100 -0.002957 0.070752 0.997490 0.000000 0.000000 0.000000 0.000000 1.000000
0.999467 0.032495 0.003124 0.000000 -0.032195 0.997006 -0.070306 9.203100 -0.005399 0.070168 0.997521 0.000000 0.000000 0.000000 0.000000 1.000000
0.999481 0.031846 0.004758 0.000000 -0.031431 0.997013 -0.070552 9.203100 -0.006990 0.070366 0.997497 0.000000 0.000000 0.000000 0.000000 1.000000
0.999482 0.031834 0.004781 0.000000 -0.031406 0.996898 -0.072170 9.203100 -0.007064 0.071982 0.997381 0.000000 0.000000 0.000000 0.000000 1.000000
0.999471 0.032313 0.003757 0.000000 -0.031942 0.996691 -0.074740 9.203100 -0.006159 0.074581 0.997196 0.000000 0.000000 0.000000 0.000000 1.000000
0.999448 0.033132 0.002486 0.000000 -0.032840 0.996448 -0.077547 9.203100 -0.005046 0.077422 0.996986 -0.000000 0.000000 0.000000 0.000000 1.000000
0.999399 0.034608 0.001924 0.000000 -0.034344 0.996211 -0.079906 9.203100 -0.004682 0.079791 0.996801 0.000000 0.000000 0.000000 0.000000 1.000000
0.999319 0.036823 0.002364 0.000000 -0.036507 0.995993 -0.081644 9.203100 -0.005361 0.081502 0.996659 0.000000 0.000000 0.000000 0.000000 1.000000
0.999222 0.039291 0.003298 -0.000000 -0.038881 0.995775 -0.083187 9.203100 -0.006553 0.082995 0.996528 -0.000000 0.000000 0.000000 0.000000 1.000000
0.999119 0.041724 0.004610 0.000000 -0.041184 0.995557 -0.084672 9.203100 -0.008123 0.084408 0.996398 0.000000 0.000000 0.000000 0.000000 1.000000
0.999019 0.043783 0.006573 0.000000 -0.043056 0.995364 -0.086004 9.203100 -0.010308 0.085637 0.996273 -0.000000 0.000000 0.000000 0.000000 1.000000
0.998942 0.045035 0.009364 -0.000000 -0.044043 0.995171 -0.087723 9.203100 -0.013269 0.087218 0.996101 0.000000 0.000000 0.000000 0.000000 1.000000
0.998866 0.045938 0.012534 -0.000000 -0.044616 0.994875 -0.090739 9.203100 -0.016638 0.090077 0.995796 -0.000000 0.000000 0.000000 0.000000 1.000000
0.998790 0.046733 0.015339 0.000000 -0.045086 0.994525 -0.094272 9.203100 -0.019661 0.093466 0.995428 -0.000000 0.000000 0.000000 0.000000 1.000000
0.998735 0.047252 0.017206 0.000000 -0.045373 0.994269 -0.096803 9.203100 -0.021682 0.095900 0.995155 -0.000000 0.000000 0.000000 0.000000 1.000000
0.998690 0.047632 0.018674 0.000000 -0.045569 0.994087 -0.098558 9.203100 -0.023258 0.097578 0.994956 0.000000 0.000000 0.000000 0.000000 1.000000</float_array>
        <technique_common>
          <accessor source="#mixamorig_Spine2-Matrix-animation-output-transform-array" count="48" stride="16">
            <param type="float4x4"/>
          </accessor>
        </technique_common>
      </source>
      <source id="mixamorig_Spine2-Interpolations">
        <Name_array id="mixamorig_Spine2-Interpolations-array" count="48">
 LINEAR LINEAR LINEAR LINEAR LINEAR LINEAR LINEAR LINEAR LINEAR LINEAR LINEAR
LINEAR LINEAR LINEAR LINEAR LINEAR LINEAR LINEAR LINEAR LINEAR LINEAR LINEAR LINEAR
LINEAR LINEAR LINEAR LINEAR LINEAR LINEAR LINEAR LINEAR LINEAR LINEAR LINEAR LINEAR
LINEAR LINEAR LINEAR LINEAR LINEAR LINEAR LINEAR LINEAR LINEAR LINEAR LINEAR LINEAR
LINEAR</Name_array>
        <technique_common>
          <accessor source="#mixamorig_Spine2-Interpolations-array" count="48">
            <param type="name"/>
          </accessor>
        </technique_common>
      </source>
      <sampler id="mixamorig_Spine2-Matrix-animation-transform">
        <input semantic="INPUT" source="#mixamorig_Spine2-Matrix-animation-input"/>
        <input semantic="OUTPUT" source="#mixamorig_Spine2-Matrix-animation-output-transform"/>
        <input semantic="INTERPOLATION" source="#mixamorig_Spine2-Interpolations"/>
      </sampler>
      <channel source="#mixamorig_Spine2-Matrix-animation-transform" target="mixamorig_Spine2/matrix"/>
    </animation>
    <animation id="mixamorig_Neck-anim" name="mixamorig_Neck">
      <source id="mixamorig_Neck-Matrix-animation-input">
        <float_array id="mixamorig_Neck-Matrix-animation-input-array" count="48">

0.000000 0.033333 0.066667 0.100000 0.133333 0.166667 0.200000 0.233333 0.266667 0.300000 0.333333 0.366667 0.400000 0.433333 0.466667 0.500000
0.533333 0.566667 0.600000 0.633333 0.666667 0.700000 0.733333 0.766667 0.800000 0.833333 0.866667 0.900000 0.933333 0.966667 1.000000 1.033333
1.066667 1.100000 1.133333 1.166667 1.200000 1.233333 1.266667 1.300000 1.333333 1.366667 1.400000 1.433333 1.466667 1.500000 1.533333 1.566667</float_array>
        <technique_common>
          <accessor source="#mixamorig_Neck-Matrix-animation-input-array" count="48">
            <param name="TIME" type="float"/>
          </accessor>
        </technique_common>
      </source>
      <source id="mixamorig_Neck-Matrix-animation-output-transform">
        <float_array id="mixamorig_Neck-Matrix-animation-output-transform-array" count="768">

